{
  "dataset": "aniso",
  "algorithm": "gmm",
  "params": {
    "n_components": 3,
    "covariance_type": "spherical"
  },
  "labels": [
    2,
    2,
    2,
    2,
    2,
    2,
    2,
    2,
    2,
    2,
    2,
    2,
    2,
    2,
    2,
    2,
    2,
    2,
    2,
    2,
    2,
    2,
    2,
    2,
    2,
    2,
    2,
    2,
    2,
    2,
    2,
    2,
    2,
    2,
    2,
    2,
    2,
    2,
    2,
    2,
    2,
    2,
    2,
    2,
    2,
    2,
    2,
    2,
    2,
    2,
    2,
    2,
    2,
    2,
    2,
    2,
    2,
    2,
    2,
    2,
    2,
    2,
    2,
    2,
    2,
    2,
    2,
    2,
    2,
    2,
    2,
    2,
    2,
    2,
    2,
    2,
    2,
    2,
    2,
    2,
    2,
    2,
    2,
    2,
    2,
    2,
    2,
    2,
    2,
    2,
    2,
    2,
    2,
    2,
    2,
    2,
    2,
    2,
    2,
    2,
    2,
    2,
    2,
    2,
    2,
    2,
    2,
    2,
    2,
    2,
    2,
    2,
    2,
    2,
    2,
    2,
    2,
    2,
    2,
    2,
    2,
    2,
    2,
    2,
    2,
    2,
    2,
    2,
    2,
    2,
    2,
    0,
    2,
    2,
    2,
    2,
    2,
    2,
    2,
    2,
    2,
    2,
    2,
    2,
    2,
    2,
    2,
    2,
    2,
    2,
    2,
    2,
    2,
    2,
    2,
    2,
    2,
    2,
    2,
    2,
    2,
    2,
    2,
    2,
    2,
    2,
    0,
    0,
    0,
    0,
    0,
    0,
    0,
    0,
    0,
    0,
    0,
    0,
    0,
    0,
    0,
    0,
    0,
    0,
    0,
    0,
    2,
    2,
    0,
    2,
    0,
    0,
    0,
    0,
    0,
    0,
    0,
    0,
    0,
    0,
    0,
    0,
    0,
    0,
    0,
    0,
    0,
    0,
    0,
    0,
    2,
    0,
    0,
    0,
    0,
    0,
    0,
    0,
    0,
    0,
    0,
    0,
    0,
    0,
    0,
    0,
    0,
    0,
    0,
    0,
    2,
    0,
    0,
    0,
    0,
    0,
    0,
    0,
    0,
    2,
    0,
    0,
    0,
    0,
    2,
    0,
    0,
    0,
    0,
    0,
    0,
    0,
    0,
    0,
    0,
    0,
    0,
    0,
    0,
    0,
    0,
    0,
    0,
    0,
    0,
    0,
    0,
    0,
    0,
    0,
    0,
    0,
    0,
    0,
    0,
    0,
    0,
    0,
    0,
    0,
    0,
    0,
    0,
    0,
    0,
    0,
    0,
    0,
    0,
    0,
    0,
    0,
    0,
    0,
    0,
    0,
    0,
    0,
    0,
    0,
    0,
    0,
    0,
    0,
    0,
    0,
    0,
    2,
    0,
    0,
    0,
    2,
    0,
    0,
    0,
    0,
    0,
    0,
    0,
    0,
    0,
    0,
    0,
    0,
    0,
    2,
    0,
    2,
    0,
    0,
    0,
    0,
    1,
    1,
    2,
    1,
    1,
    1,
    1,
    1,
    1,
    1,
    1,
    1,
    1,
    1,
    1,
    1,
    1,
    1,
    1,
    1,
    2,
    2,
    2,
    1,
    1,
    1,
    1,
    1,
    1,
    2,
    1,
    1,
    1,
    1,
    1,
    1,
    1,
    0,
    2,
    1,
    1,
    1,
    1,
    1,
    1,
    2,
    1,
    1,
    1,
    0,
    1,
    1,
    1,
    1,
    1,
    1,
    1,
    1,
    1,
    1,
    1,
    1,
    1,
    1,
    1,
    1,
    1,
    1,
    1,
    1,
    1,
    1,
    1,
    1,
    0,
    1,
    1,
    1,
    1,
    0,
    1,
    0,
    1,
    1,
    1,
    1,
    0,
    1,
    1,
    1,
    1,
    1,
    1,
    1,
    1,
    0,
    1,
    1,
    1,
    0,
    1,
    1,
    1,
    1,
    1,
    1,
    1,
    1,
    0,
    1,
    1,
    1,
    1,
    1,
    1,
    0,
    1,
    1,
    1,
    1,
    1,
    2,
    1,
    1,
    1,
    1,
    1,
    1,
    1,
    1,
    1,
    1,
    0,
    1,
    1,
    1,
    1,
    1,
    2,
    1,
    0,
    2,
    1,
    1,
    2,
    1,
    1,
    1,
    1,
    1,
    1,
    1,
    1,
    1,
    1,
    1,
    1,
    2,
    1,
    1,
    1,
    0,
    1,
    1,
    1,
    1
  ],
  "means": [
    {
      "x": -1.8011327960083103,
      "y": -2.4789420830667916
    },
    {
      "x": 3.0093657916156134,
      "y": -2.9496810855626503
    },
    {
      "x": 2.006377464520341,
      "y": 1.78801790472182
    }
  ],
  "probabilities": [
    [
      0.0004186592492497603,
      1.0554290099556527e-05,
      0.9995707864606508
    ],
    [
      4.111314295624524e-05,
      1.8594240549868876e-08,
      0.9999588682628033
    ],
    [
      0.003751929910152203,
      4.099884740062875e-06,
      0.9962439702051077
    ],
    [
      6.487193218871784e-06,
      1.597085012368081e-07,
      0.9999933530982803
    ],
    [
      0.0030350314677150495,
      1.1368683760109961e-07,
      0.9969648548454471
    ],
    [
      0.009278403541965742,
      4.53132822691273e-06,
      0.9907170651298073
    ],
    [
      0.006348280610887559,
      0.0026400393503714197,
      0.9910116800387408
    ],
    [
      0.26215518824393635,
      7.200494163244528e-09,
      0.7378448045555691
    ],
    [
      0.017864715184955852,
      2.7590466888566877e-08,
      0.9821352572245774
    ],
    [
      0.08679901780109471,
      1.600541192368622e-05,
      0.9131849767869819
    ],
    [
      2.7864047287202887e-05,
      8.148855536618277e-06,
      0.9999639870971764
    ],
    [
      0.006059515201095921,
      0.0004436752244175055,
      0.9934968095744866
    ],
    [
      0.006097856559956611,
      4.375838154515432e-07,
      0.9939017058562281
    ],
    [
      0.02435935796303006,
      1.0753586825708972e-08,
      0.9756406312833827
    ],
    [
      0.01120950016384259,
      1.5041096576839e-06,
      0.9887889957264998
    ],
    [
      0.0009942863716766238,
      3.561663702066343e-10,
      0.9990057132721571
    ],
    [
      0.005061360371536069,
      0.00011634052224996436,
      0.9948222991062142
    ],
    [
      0.0005540090260524092,
      0.00045778537796547933,
      0.9989882055959822
    ],
    [
      0.007341715888272725,
      0.00287857073020734,
      0.9897797133815198
    ],
    [
      0.04772405138702895,
      7.657259922089996e-09,
      0.9522759409557107
    ],
    [
      0.00014701600246393786,
      3.788587625004689e-06,
      0.9998491954099115
    ],
    [
      0.002892240852051611,
      7.077225446784362e-06,
      0.9971006819225017
    ],
    [
      0.17655474049818365,
      6.885972424843291e-08,
      0.8234451906420924
    ],
    [
      0.0016519688235572803,
      1.5741479799478538e-08,
      0.9983480154349628
    ],
    [
      0.004021963598290303,
      0.0019297484531791336,
      0.9940482879485306
    ],
    [
      0.0009077232518280138,
      2.130292461670599e-05,
      0.9990709738235557
    ],
    [
      0.005028684286617929,
      4.0413469025323254e-08,
      0.9949712752999132
    ],
    [
      2.6621872182667263e-05,
      1.8946279497866947e-07,
      0.9999731886650226
    ],
    [
      0.022129739602061105,
      5.940349679365934e-07,
      0.9778696663629711
    ],
    [
      0.00019044817575847894,
      1.3452190269813928e-07,
      0.9998094173023385
    ],
    [
      0.007086407617950379,
      1.607768325129328e-06,
      0.9929119846137245
    ],
    [
      0.11499110901694955,
      2.9546777274265163e-06,
      0.8850059363053228
    ],
    [
      3.089810497213691e-05,
      3.763155622585772e-08,
      0.9999690642634714
    ],
    [
      0.0005835906428034224,
      5.914599571600004e-08,
      0.9994163502112009
    ],
    [
      0.0010926746903719233,
      5.458402425479634e-05,
      0.9988527412853733
    ],
    [
      9.205237592151761e-05,
      1.41893974861252e-08,
      0.9999079334346809
    ],
    [
      0.00027789083829409954,
      6.542509625902701e-09,
      0.9997221026191964
    ],
    [
      0.4630885341713265,
      2.2802662835915453e-14,
      0.5369114658286498
    ],
    [
      0.0016214761912470579,
      1.089469213782923e-05,
      0.9983676291166151
    ],
    [
      0.010554192355537837,
      0.0025523772740802878,
      0.9868934303703822
    ],
    [
      0.0018477863911124399,
      4.942582639097196e-07,
      0.9981517193506236
    ],
    [
      3.740203247099143e-05,
      2.214352231987212e-05,
      0.9999404544452088
    ],
    [
      0.025149736171649853,
      1.326556287048627e-06,
      0.9748489372720636
    ],
    [
      7.375426885808056e-05,
      2.051638394279163e-06,
      0.9999241940927477
    ],
    [
      0.003717699825060701,
      1.0287088797071082e-07,
      0.9962821973040513
    ],
    [
      0.0003750407989518806,
      9.664949104578868e-08,
      0.999624862551557
    ],
    [
      0.015469057461295612,
      1.1425819872039927e-06,
      0.9845297999567167
    ],
    [
      0.022980525680585753,
      0.00015135966599089386,
      0.9768681146534229
    ],
    [
      0.0004738208537338144,
      2.0015328250297632e-06,
      0.9995241776134411
    ],
    [
      0.001904102368411166,
      7.367244107181806e-06,
      0.998088530387482
    ],
    [
      0.11377646573123029,
      3.9059833917692836e-08,
      0.886223495208936
    ],
    [
      0.009632006148425123,
      2.1071484578095005e-05,
      0.9903469223669971
    ],
    [
      0.0014847952725691707,
      4.836711900133668e-07,
      0.998514721056241
    ],
    [
      5.1594671599940155e-06,
      6.668924530389028e-07,
      0.9999941736403868
    ],
    [
      0.0007733444296328517,
      6.483091747982146e-06,
      0.9992201724786195
    ],
    [
      0.24881635051164205,
      2.772968642426249e-10,
      0.7511836492110608
    ],
    [
      7.562523473808857e-05,
      1.6442762377195971e-10,
      0.9999243746008343
    ],
    [
      0.0018210676920440323,
      6.548237039834632e-07,
      0.9981782774842521
    ],
    [
      0.006084656209373314,
      0.00015901539881202958,
      0.9937563283918147
    ],
    [
      2.3589228068283864e-05,
      3.4665497020904294e-07,
      0.9999760641169618
    ],
    [
      0.0004276941314246729,
      0.00016647739295380805,
      0.9994058284756214
    ],
    [
      0.00012582737400786812,
      0.0004682433310742679,
      0.9994059292949181
    ],
    [
      2.2848097299177764e-05,
      1.0501409383500184e-09,
      0.9999771508525597
    ],
    [
      0.044196609556824605,
      7.028217369742983e-07,
      0.9558026876214386
    ],
    [
      0.001969517581348022,
      2.2755031854962652e-05,
      0.9980077273867971
    ],
    [
      0.09709118302275051,
      2.9991621047336677e-09,
      0.9029088139780876
    ],
    [
      0.017139308956166298,
      1.1846130928949862e-08,
      0.9828606791977028
    ],
    [
      0.0034234021915890912,
      3.3260014285639613e-10,
      0.9965765974758112
    ],
    [
      0.019242543542888704,
      7.955243337606699e-07,
      0.9807566609327775
    ],
    [
      0.0005750762898366457,
      0.0004733005239318357,
      0.998951623186232
    ],
    [
      0.00017577982773549284,
      3.08260282222783e-08,
      0.9998241893462361
    ],
    [
      0.09940294130639664,
      1.352006023268245e-09,
      0.9005970573415971
    ],
    [
      0.00029119456347293307,
      2.624535738514084e-07,
      0.9997085429829534
    ],
    [
      0.17704897435995998,
      2.0304903908377926e-06,
      0.8229489951496493
    ],
    [
      0.00023796137816405464,
      2.1900191275441266e-06,
      0.9997598486027083
    ],
    [
      0.0004901553574835224,
      1.3674100620880473e-06,
      0.9995084772324544
    ],
    [
      0.007778393612741038,
      1.666043696884601e-07,
      0.9922214397828892
    ],
    [
      0.0014374100347721846,
      6.349478451806077e-05,
      0.9984990951807099
    ],
    [
      3.903132127227528e-06,
      2.3183766715354272e-07,
      0.9999958650302053
    ],
    [
      0.019913334401413907,
      2.989873748544004e-09,
      0.9800866626087127
    ],
    [
      0.00946848233687472,
      5.509047081334881e-09,
      0.990531512154078
    ],
    [
      0.0001334089725913257,
      0.00010046046219920786,
      0.9997661305652095
    ],
    [
      5.835361289710447e-05,
      1.4627905021301873e-06,
      0.9999401835966011
    ],
    [
      1.621890144779902e-05,
      3.905227056729688e-09,
      0.9999837771933255
    ],
    [
      0.006938882501487225,
      2.3874443729371916e-05,
      0.9930372430547836
    ],
    [
      0.04411089344427558,
      2.6359593816027632e-06,
      0.9558864705963429
    ],
    [
      0.00125527777528923,
      7.529296585968606e-07,
      0.9987439692950522
    ],
    [
      0.0002635771959113781,
      2.2500738852682175e-07,
      0.9997361977967001
    ],
    [
      0.00027446433510934986,
      1.1521743000908565e-08,
      0.9997255241431479
    ],
    [
      0.00014192610595061561,
      2.358345786309238e-11,
      0.9998580738704657
    ],
    [
      0.0006497441701634714,
      0.00013618808419782921,
      0.9992140677456391
    ],
    [
      0.01737594807923774,
      1.0963786676293835e-08,
      0.9826240409569756
    ],
    [
      0.0012466175469889468,
      1.2555407343467186e-07,
      0.9987532568989377
    ],
    [
      0.00041594873607783884,
      8.192599263981287e-06,
      0.9995758586646581
    ],
    [
      0.08240137931592656,
      2.9252172915908355e-05,
      0.9175693685111572
    ],
    [
      0.00199361701618739,
      3.6523720639046356e-08,
      0.9980063464600916
    ],
    [
      0.0032698739417306205,
      0.00032529318435171786,
      0.9964048328739178
    ],
    [
      0.0005850773712652062,
      1.0494853640171456e-06,
      0.9994138731433709
    ],
    [
      0.014970239094312209,
      9.244172239857896e-08,
      0.9850296684639654
    ],
    [
      0.0045425998955441645,
      0.00017793415853190186,
      0.9952794659459242
    ],
    [
      0.0002827076938021868,
      6.972223604537506e-07,
      0.9997165950838373
    ],
    [
      1.9911194934560335e-05,
      1.1174458804626196e-07,
      0.9999799770604775
    ],
    [
      0.17154807721343585,
      2.6448593442982923e-07,
      0.8284516583006295
    ],
    [
      0.00018984657559968304,
      9.631265201628353e-07,
      0.99980919029788
    ],
    [
      4.153091548882809e-06,
      4.2774354549308986e-13,
      0.999995846908023
    ],
    [
      7.976106089788812e-05,
      8.757447638766081e-08,
      0.9999201513646261
    ],
    [
      4.574041555607965e-05,
      5.921042339432818e-07,
      0.9999536674802098
    ],
    [
      0.0015365080347856234,
      8.105242436940721e-08,
      0.9984634109127903
    ],
    [
      0.017009878863964382,
      6.169353891721677e-07,
      0.9829895042006468
    ],
    [
      0.00533809523433363,
      6.002288712169913e-07,
      0.994661304536795
    ],
    [
      1.4494880989167513e-05,
      0.00012510309999990598,
      0.9998604020190106
    ],
    [
      0.0012725557029345921,
      0.0015555082986760044,
      0.997171935998389
    ],
    [
      0.0016449061509246482,
      1.3337755666215123e-08,
      0.99835508051132
    ],
    [
      0.004150651212945706,
      0.00014577414804460838,
      0.9957035746390096
    ],
    [
      0.005185995111414516,
      2.6639831720120325e-08,
      0.9948139782487538
    ],
    [
      0.009112245414101982,
      1.4375798107911036e-07,
      0.990887610827917
    ],
    [
      0.0027139481128130665,
      3.40586927426642e-05,
      0.9972519931944445
    ],
    [
      1.4326711920025269e-06,
      4.8657243522406146e-08,
      0.9999985186715644
    ],
    [
      0.2586106565817376,
      5.6212945736878603e-11,
      0.7413893433620491
    ],
    [
      0.003670879768340314,
      1.6884502929211636e-08,
      0.9963291033471572
    ],
    [
      0.0156824537686375,
      3.673722575458836e-07,
      0.9843171788591049
    ],
    [
      0.00013103877610794886,
      2.453164053107422e-07,
      0.9998687159074869
    ],
    [
      0.0601418643957636,
      1.0508132000618802e-07,
      0.9398580305229163
    ],
    [
      0.011813966761675338,
      8.2763377984004e-06,
      0.9881777569005263
    ],
    [
      5.668087147182944e-06,
      4.0198579487880966e-07,
      0.9999939299270584
    ],
    [
      0.018002927199528715,
      7.373988798606626e-10,
      0.9819970720630724
    ],
    [
      9.71446699256037e-07,
      1.1096153711772745e-08,
      0.9999990174571471
    ],
    [
      0.15549514609773854,
      2.4435013607291357e-08,
      0.844504829467248
    ],
    [
      8.570708474210012e-05,
      6.013693925190461e-05,
      0.9998541559760061
    ],
    [
      0.00017325871733269517,
      3.3339304516598434e-07,
      0.999826407889622
    ],
    [
      0.021363590475013378,
      1.6372546188773595e-07,
      0.9786362457995247
    ],
    [
      0.9739291474195515,
      1.4775803234502644e-15,
      0.026070852580446623
    ],
    [
      0.0122785347835597,
      0.00011777284167391582,
      0.9876036923747665
    ],
    [
      6.63586964346995e-05,
      0.00031820629825688617,
      0.9996154350053084
    ],
    [
      0.004447406401595141,
      5.858478723797593e-07,
      0.9955520077505328
    ],
    [
      0.00011682543428260439,
      0.0004859987313245178,
      0.9993971758343926
    ],
    [
      5.1543411164314406e-05,
      5.512277946746877e-06,
      0.9999429443108888
    ],
    [
      0.0138948184007827,
      1.8502995233861885e-08,
      0.9861051630962225
    ],
    [
      0.0016538676717308485,
      3.7609785605990206e-05,
      0.9983085225426634
    ],
    [
      0.001877139545046772,
      1.4269119371432217e-05,
      0.9981085913355819
    ],
    [
      0.0005068720265783155,
      3.300165620546474e-07,
      0.9994927979568596
    ],
    [
      6.126319338715386e-05,
      0.0001927604510844039,
      0.9997459763555282
    ],
    [
      2.7283704256021938e-05,
      0.0003338678400516867,
      0.9996388484556918
    ],
    [
      0.0011729977746811303,
      2.461582218599628e-07,
      0.9988267560670969
    ],
    [
      0.0013421335023165281,
      4.577385245630392e-05,
      0.9986120926452273
    ],
    [
      0.004663170148158389,
      1.0887912370005852e-05,
      0.9953259419394719
    ],
    [
      0.0030046080416764147,
      2.2571354909685606e-08,
      0.9969953693869684
    ],
    [
      0.0011684286318812507,
      6.386530338779599e-05,
      0.9987677060647313
    ],
    [
      7.910665541139219e-05,
      2.2364777370318e-06,
      0.9999186568668517
    ],
    [
      7.05379793707298e-05,
      6.735116611358072e-07,
      0.9999287885089679
    ],
    [
      0.028361911192805022,
      1.4780792777227213e-06,
      0.9716366107279174
    ],
    [
      8.713230028034333e-05,
      7.268449887925603e-07,
      0.9999121408547311
    ],
    [
      0.0013780992670269316,
      1.9589681447530795e-06,
      0.9986199417648286
    ],
    [
      7.287668617127468e-05,
      3.9906958142118225e-05,
      0.999887216355687
    ],
    [
      0.0003893275908577876,
      1.372044036166271e-05,
      0.9995969519687805
    ],
    [
      0.0007921727378794544,
      2.8017756766209373e-08,
      0.9992077992443641
    ],
    [
      5.520376542436033e-05,
      3.296142273198527e-07,
      0.9999444666203482
    ],
    [
      3.3645685584414205e-05,
      4.413021608435261e-06,
      0.9999619412928072
    ],
    [
      0.00029829837582967804,
      2.1294934821919293e-05,
      0.9996804066893487
    ],
    [
      0.0006805827235536364,
      8.645533317485622e-06,
      0.999310771743129
    ],
    [
      0.0005732921230880845,
      4.141979511509873e-07,
      0.999426293678961
    ],
    [
      0.0013892886744209896,
      5.2326784581525497e-11,
      0.9986107112732526
    ],
    [
      0.09102325107040207,
      5.327549617305263e-06,
      0.9089714213799809
    ],
    [
      2.1567925526757666e-05,
      2.9221158807186295e-07,
      0.9999781398628856
    ],
    [
      0.00012178652245921214,
      6.596838273144883e-07,
      0.9998775537937138
    ],
    [
      0.004214065469562608,
      6.88663550439317e-05,
      0.9957170681753935
    ],
    [
      0.9970132082922044,
      1.8253938791595003e-07,
      0.002986609168407608
    ],
    [
      0.9230709131847857,
      8.112533527483013e-08,
      0.07692900568987959
    ],
    [
      0.9997357610929186,
      1.2598569799095087e-06,
      0.0002629790501017445
    ],
    [
      0.990542552007067,
      1.2967108739245521e-07,
      0.009457318321845515
    ],
    [
      0.999529816227525,
      1.0135021090373387e-05,
      0.00046004875138480703
    ],
    [
      0.9940586904749757,
      2.477872750617218e-07,
      0.005941061737749558
    ],
    [
      0.9986550330571331,
      1.0105421110061644e-05,
      0.00133486152175693
    ],
    [
      0.9999861625259945,
      6.9136177761970164e-09,
      1.3830560387521527e-05
    ],
    [
      0.999592761624486,
      1.985050236932705e-06,
      0.00040525332527730645
    ],
    [
      0.9514904367188588,
      0.00021275018344698893,
      0.04829681309769455
    ],
    [
      0.9461828278733982,
      1.2864666311615365e-07,
      0.05381704347993832
    ],
    [
      0.9983730773421707,
      5.933779634013817e-08,
      0.0016268633200333387
    ],
    [
      0.9967511243672151,
      9.528034997896366e-07,
      0.003247922829284961
    ],
    [
      0.9944474289326811,
      5.894975535326229e-08,
      0.0055525121175631085
    ],
    [
      0.9065603225699133,
      0.00013659646443501205,
      0.09330308096565183
    ],
    [
      0.9951864370417249,
      1.3536087395520959e-05,
      0.004800026870879686
    ],
    [
      0.9740899084753738,
      9.977069902808853e-08,
      0.025909991753926827
    ],
    [
      0.9908079247658538,
      1.8240867130506532e-06,
      0.00919025114743355
    ],
    [
      0.9970864640354323,
      1.2034826345851417e-07,
      0.002913415616304308
    ],
    [
      0.9920417628648182,
      1.5455329114638307e-05,
      0.00794278180606709
    ],
    [
      0.4754050910855832,
      2.0006953667479004e-07,
      0.5245947088448799
    ],
    [
      0.34128808802142635,
      2.7400822433686678e-12,
      0.6587119119758336
    ],
    [
      0.9232159266490199,
      4.1729027119376363e-07,
      0.07678365606070918
    ],
    [
      0.3240068474229882,
      1.6804758944854748e-12,
      0.6759931525753311
    ],
    [
      0.9998072710047022,
      4.306981196198297e-07,
      0.0001922982971780585
    ],
    [
      0.999995735560614,
      2.7049025663259568e-08,
      4.2373903604512035e-06
    ],
    [
      0.9994829692469731,
      7.4725485991988035e-06,
      0.0005095582044281485
    ],
    [
      0.9228630996993955,
      0.0006628478265472308,
      0.07647405247405704
    ],
    [
      0.951646677899664,
      1.8167609245647885e-08,
      0.048353303932726556
    ],
    [
      0.9995125858415576,
      2.3200580381456742e-05,
      0.00046421357806125327
    ],
    [
      0.9984695069878533,
      0.0010535978431206437,
      0.0004768951690259479
    ],
    [
      0.8959584089083433,
      9.185654024127217e-09,
      0.10404158190600266
    ],
    [
      0.9998195537760767,
      8.943635463933743e-05,
      9.100986928378399e-05
    ],
    [
      0.9891550040670336,
      0.00023188630767961285,
      0.010613109625286925
    ],
    [
      0.9999804796324474,
      1.2313258058273115e-07,
      1.939723497162883e-05
    ],
    [
      0.9951600579011045,
      3.1843939115062458e-06,
      0.004836757704984275
    ],
    [
      0.9978774370241925,
      3.9769997037547194e-05,
      0.0020827929787701335
    ],
    [
      0.9998486064078906,
      1.9709378903316224e-06,
      0.00014942265421909634
    ],
    [
      0.9891522856163242,
      1.3691503458791516e-05,
      0.010834022880217151
    ],
    [
      0.9860704182064531,
      5.4443897626232385e-09,
      0.013929576349157168
    ],
    [
      0.9997403557191117,
      0.000114646820908434,
      0.0001449974599800332
    ],
    [
      0.9938297114328258,
      7.842206962112256e-08,
      0.006170210145104308
    ],
    [
      0.6004414730012042,
      7.507550511193061e-09,
      0.3995585194912455
    ],
    [
      0.8364775066257506,
      6.392618290167573e-08,
      0.16352242944806658
    ],
    [
      0.05611745759697989,
      6.167963921363498e-09,
      0.9438825362350561
    ],
    [
      0.9944613697097681,
      0.00011299558895349625,
      0.005425634701278511
    ],
    [
      0.884939466433329,
      5.272745266020034e-05,
      0.11500780611401104
    ],
    [
      0.999499126633676,
      4.293387261329764e-05,
      0.00045793949371091935
    ],
    [
      0.9776927517473157,
      9.502533321241637e-11,
      0.02230724815765873
    ],
    [
      0.9999831735649523,
      7.819281561544914e-10,
      1.6825653119510208e-05
    ],
    [
      0.9959717611384034,
      4.878996301284594e-05,
      0.003979448898583759
    ],
    [
      0.6462850110184397,
      9.20736315767964e-09,
      0.3537149797741975
    ],
    [
      0.8333979152526295,
      1.959907670787526e-11,
      0.16660208472777135
    ],
    [
      0.9999756246919972,
      7.084179978870468e-07,
      2.366689000469547e-05
    ],
    [
      0.9855993072316062,
      1.035789911475042e-06,
      0.014399656978482722
    ],
    [
      0.9999921562907215,
      1.7684104353709527e-07,
      7.666868235168791e-06
    ],
    [
      0.9998146956640979,
      2.4926494655021396e-05,
      0.00016037784124732068
    ],
    [
      0.9942915445505194,
      3.365131898110819e-08,
      0.00570842179816171
    ],
    [
      0.9996651930529776,
      7.447245249033233e-08,
      0.00033473247456985294
    ],
    [
      0.9904547535248036,
      8.490988091428821e-05,
      0.009460336594282153
    ],
    [
      0.9996177974005459,
      2.235347071884673e-05,
      0.000359849128734872
    ],
    [
      0.9995880537050464,
      2.1615849506854653e-07,
      0.00041173013645887145
    ],
    [
      0.9987992679408931,
      5.9232503154898274e-08,
      0.0012006728266041112
    ],
    [
      0.9997408508252255,
      4.2766737904968195e-08,
      0.0002591064080366582
    ],
    [
      0.30305820546069245,
      1.999131391438839e-10,
      0.6969417943393944
    ],
    [
      0.9993401714555356,
      9.590892807887155e-06,
      0.0006502376516562925
    ],
    [
      0.9974029042608559,
      1.4105536340293355e-06,
      0.0025956851855099866
    ],
    [
      0.9391474765549309,
      8.20019738708216e-06,
      0.06084432324768208
    ],
    [
      0.9994918912334614,
      5.04542839591247e-07,
      0.0005076042236987556
    ],
    [
      0.9997886506950592,
      3.3340830372088563e-10,
      0.00021134897153242532
    ],
    [
      0.9996721957363953,
      0.00016024047037433141,
      0.00016756379323088906
    ],
    [
      0.61385752630642,
      1.1386058112393132e-09,
      0.38614247255497414
    ],
    [
      0.9640776408325045,
      2.00202909860361e-06,
      0.035920357138396815
    ],
    [
      0.00413102396397891,
      9.383878009545499e-15,
      0.9958689760360115
    ],
    [
      0.9987842934049439,
      8.382382405370454e-08,
      0.0012156227712318349
    ],
    [
      0.9999568002427106,
      2.401662039777809e-06,
      4.07980952494156e-05
    ],
    [
      0.9998879086523808,
      1.6518956589261617e-08,
      0.0001120748286623773
    ],
    [
      0.9997819777947142,
      6.866650207028208e-08,
      0.00021795353878360156
    ],
    [
      0.31592212914159645,
      2.549180645695312e-08,
      0.6840778453665972
    ],
    [
      0.9810046563867428,
      0.00042792215349535305,
      0.01856742145976157
    ],
    [
      0.9974874188425628,
      8.825088619837896e-08,
      0.002512492906551178
    ],
    [
      0.5209505367076575,
      3.462129052710059e-08,
      0.4790494286710516
    ],
    [
      0.9998418369473234,
      1.7099573635304145e-06,
      0.00015645309531303055
    ],
    [
      0.9999191552507645,
      1.817362339888628e-08,
      8.082657561177237e-05
    ],
    [
      0.6518822815458563,
      7.277145095727278e-05,
      0.3480449470031863
    ],
    [
      0.9998771266228494,
      1.4237159649547522e-05,
      0.00010863621750071853
    ],
    [
      0.9996167385663117,
      7.135252487271865e-07,
      0.00038254790843947676
    ],
    [
      0.9996822469155966,
      1.6438659140438383e-07,
      0.00031758869781219415
    ],
    [
      0.9976337958432049,
      1.0486518947010509e-07,
      0.002366099291605285
    ],
    [
      0.9900189552664093,
      1.2995034021993014e-06,
      0.009979745230189003
    ],
    [
      0.9990961842554036,
      1.1526633358228738e-07,
      0.0009037004782631263
    ],
    [
      0.9983287366951887,
      6.477492655775848e-05,
      0.001606488378253698
    ],
    [
      0.9916506291074255,
      1.9778931299943362e-08,
      0.008349351113643393
    ],
    [
      0.9871990774156024,
      3.22990085543025e-05,
      0.012768623575843132
    ],
    [
      0.9999462877463875,
      6.72261446681764e-06,
      4.698963914541691e-05
    ],
    [
      0.9989347233720786,
      3.4149183334121757e-05,
      0.0010311274445874649
    ],
    [
      0.9999240715517855,
      3.276763012536738e-09,
      7.592517145186894e-05
    ],
    [
      0.9999658032417544,
      1.2893328427513004e-06,
      3.290742540316106e-05
    ],
    [
      0.9957589618470591,
      5.06642922473785e-08,
      0.004240987488648626
    ],
    [
      0.9933473014656528,
      7.630962438137377e-10,
      0.006652697771251279
    ],
    [
      0.9988497138904618,
      2.742319176414476e-08,
      0.001150258686346343
    ],
    [
      0.9993543303871835,
      5.288141742675236e-06,
      0.0006403814710737361
    ],
    [
      0.9997767298726976,
      9.693726221027792e-07,
      0.0002223007546801417
    ],
    [
      0.9428766460025294,
      1.4163577736698286e-08,
      0.057123339833892554
    ],
    [
      0.9796708530198879,
      3.3331577728317824e-09,
      0.020329143646954817
    ],
    [
      0.9112908781208244,
      9.960784346648414e-05,
      0.08860951403570921
    ],
    [
      0.9999988443867512,
      1.9062530640747207e-09,
      1.1537069956063997e-06
    ],
    [
      0.9778735276055867,
      3.0939362258797126e-07,
      0.022126163000791104
    ],
    [
      0.9920042630180937,
      1.2440243240056141e-07,
      0.007995612579473576
    ],
    [
      0.9948880862908274,
      1.3051189277809876e-06,
      0.005110608590245084
    ],
    [
      0.815575950337732,
      1.2958438872579295e-07,
      0.1844239200778792
    ],
    [
      0.9913297681186927,
      2.8396021858177193e-07,
      0.008669947921088618
    ],
    [
      0.9993337766096954,
      8.653211948442513e-07,
      0.0006653580691099679
    ],
    [
      0.9897554660503776,
      2.3577948708741912e-07,
      0.010244298170135457
    ],
    [
      0.9197596961502957,
      0.0013684027379921007,
      0.07887190111171251
    ],
    [
      0.9519284705824158,
      6.573987969177341e-08,
      0.04807146367770489
    ],
    [
      0.883402435732102,
      1.028941273947082e-08,
      0.11659755397848513
    ],
    [
      0.9999965587155388,
      5.718112756894209e-09,
      3.4355663483785544e-06
    ],
    [
      0.999989139194525,
      1.368567424963761e-07,
      1.0723948732799674e-05
    ],
    [
      0.9749552680750807,
      0.0007543622241818691,
      0.024290369700737266
    ],
    [
      0.9899021691645704,
      6.038276359745463e-07,
      0.010097227007793617
    ],
    [
      0.9928640961492216,
      3.533297232884239e-11,
      0.007135903815445535
    ],
    [
      0.9802353310896467,
      2.576948359796056e-05,
      0.019738899426755618
    ],
    [
      0.9997647536012249,
      8.481987606027141e-05,
      0.0001504265227148279
    ],
    [
      0.9913342644325244,
      2.7965207139903546e-07,
      0.00866545591540408
    ],
    [
      0.7666010398492504,
      0.0007511916815616708,
      0.23264776846918764
    ],
    [
      0.9898682139217957,
      4.700983993214317e-06,
      0.010127085094211051
    ],
    [
      0.9995152763551421,
      1.6895786006149368e-07,
      0.00048455468699770465
    ],
    [
      0.9741072382549815,
      1.0138261828099177e-08,
      0.02589275160675652
    ],
    [
      0.9964255120619782,
      3.978558444597785e-07,
      0.003574090082177595
    ],
    [
      0.9726947395863267,
      2.9520685771915335e-06,
      0.0273023083450958
    ],
    [
      0.9334196550400482,
      1.581241231957777e-08,
      0.06658032914753911
    ],
    [
      0.9992330423581897,
      8.934009060845816e-08,
      0.0007668683017194208
    ],
    [
      0.9983140266955778,
      1.6787768789406028e-05,
      0.001669185535633214
    ],
    [
      0.9805782812844804,
      1.0363778558682444e-08,
      0.019421708351741476
    ],
    [
      0.7940572450716421,
      1.982660138778392e-05,
      0.2059229283269697
    ],
    [
      0.9055633948813244,
      0.0005384213707969988,
      0.09389818374787837
    ],
    [
      0.9998738742318988,
      3.4109582744051494e-08,
      0.00012609165851843138
    ],
    [
      0.9997992032325187,
      0.00011492624831057115,
      8.587051917122194e-05
    ],
    [
      0.9678079330729118,
      4.1022807024545466e-07,
      0.032191656699017926
    ],
    [
      0.9963500157568945,
      1.98712178087673e-08,
      0.003649964371888138
    ],
    [
      0.07811435869752999,
      1.860336405024618e-12,
      0.9218856413006098
    ],
    [
      0.9871237609057285,
      2.9017808002794247e-05,
      0.012847221286268834
    ],
    [
      0.9752443984277726,
      1.986254110813713e-06,
      0.024753615318116373
    ],
    [
      0.9993439285986462,
      2.3157455514509452e-05,
      0.0006329139458397739
    ],
    [
      0.13606996878735503,
      1.4333257143694971e-08,
      0.863930016879388
    ],
    [
      0.7073666753973985,
      6.615524965600714e-10,
      0.29263332394104946
    ],
    [
      0.9998050837741239,
      2.292819802799216e-06,
      0.0001926234060732341
    ],
    [
      0.9843389521231651,
      0.00011048946120391538,
      0.015550558415631093
    ],
    [
      0.9997185040906779,
      0.0001664153053651248,
      0.00011508060395684526
    ],
    [
      0.9981525397975062,
      6.865094626832218e-07,
      0.0018467736930309318
    ],
    [
      0.9999589944654715,
      5.1303866051021115e-09,
      4.100040414146959e-05
    ],
    [
      0.9398234244772722,
      3.45757071723066e-07,
      0.060176229765656494
    ],
    [
      0.999975089219,
      1.526110942556154e-08,
      2.4895519891068335e-05
    ],
    [
      0.9906560586646754,
      0.001149602326425857,
      0.00819433900889906
    ],
    [
      0.99952256942582,
      1.034444980895252e-08,
      0.0004774202297298728
    ],
    [
      0.9983628550044665,
      1.3559241391834131e-06,
      0.0016357890713943298
    ],
    [
      0.9999987763485398,
      9.696027476235038e-09,
      1.213955432206002e-06
    ],
    [
      0.9955691278879738,
      4.367889452114968e-05,
      0.004387193217505274
    ],
    [
      0.17825700485162732,
      1.149303848742354e-08,
      0.8217429836553342
    ],
    [
      0.9993199988186535,
      5.3365599052379655e-08,
      0.0006799478157470347
    ],
    [
      0.056697298432275424,
      3.5634945986667863e-13,
      0.9433027015673683
    ],
    [
      0.9953598918797738,
      2.418294479875766e-06,
      0.004637689825746537
    ],
    [
      0.9927084162090012,
      1.083762459849346e-06,
      0.007290500028539161
    ],
    [
      0.99954219980067,
      5.677994678767632e-07,
      0.0004572323998622683
    ],
    [
      0.997570370189627,
      3.68993878209806e-07,
      0.002429260816494718
    ],
    [
      0.0021672254353734873,
      0.9525789124276609,
      0.045253862136965424
    ],
    [
      0.009712315666315518,
      0.958117567019659,
      0.03217011731402569
    ],
    [
      1.4034060928900414e-05,
      5.99808595212875e-05,
      0.99992598507955
    ],
    [
      0.21415509268115038,
      0.7844501767159154,
      0.0013947306029343256
    ],
    [
      0.002385421259466998,
      0.9869604091335278,
      0.010654169607005206
    ],
    [
      0.0011079687063564197,
      0.5963465044234493,
      0.40254552687019407
    ],
    [
      0.004121494840894621,
      0.522812704347551,
      0.4730658008115543
    ],
    [
      0.26661179731318946,
      0.7266257403900998,
      0.0067624622967104725
    ],
    [
      0.03061998584506243,
      0.9676638221567931,
      0.0017161919981440745
    ],
    [
      0.003223752491167118,
      0.9654660384834037,
      0.03131020902542935
    ],
    [
      0.002264494592754014,
      0.5991524672259556,
      0.3985830381812902
    ],
    [
      0.0027944053335136566,
      0.9890158608990545,
      0.00818973376743206
    ],
    [
      0.06879207790246467,
      0.9269805294699898,
      0.004227392627545389
    ],
    [
      0.006317383853889219,
      0.9617026040166443,
      0.031980012129466294
    ],
    [
      0.0024384465682439527,
      0.7595078999920097,
      0.23805365343974638
    ],
    [
      0.028099222934010504,
      0.9691771337391542,
      0.002723643326835326
    ],
    [
      0.007019006447172256,
      0.9910151110212726,
      0.001965882531555266
    ],
    [
      0.11250262298658277,
      0.8846461117032791,
      0.0028512653101383486
    ],
    [
      0.004748856691780167,
      0.9486010372965159,
      0.04665010601170404
    ],
    [
      0.0010053923243675785,
      0.9796279098291926,
      0.019366697846440406
    ],
    [
      0.0011190552979181464,
      0.20790340244937675,
      0.7909775422527051
    ],
    [
      0.0029036189681807107,
      0.32173434637933923,
      0.6753620346524801
    ],
    [
      0.00015051029843819264,
      0.003432470811131466,
      0.9964170188904309
    ],
    [
      0.009084433649658271,
      0.9866984990092991,
      0.00421706734104282
    ],
    [
      0.0029771578731912583,
      0.9656612501764653,
      0.0313615919503435
    ],
    [
      0.010907877960231191,
      0.974502754970393,
      0.01458936706937582
    ],
    [
      0.00813807780661492,
      0.9862033450933367,
      0.005658577100048653
    ],
    [
      0.0027777835660483625,
      0.98356617493763,
      0.013656041496321922
    ],
    [
      0.005488409916646572,
      0.9928759760100154,
      0.0016356140733380655
    ],
    [
      0.0018990536404489009,
      0.4326843344988246,
      0.5654166118607264
    ],
    [
      0.007720896360244987,
      0.9880664956909436,
      0.004212607948811315
    ],
    [
      0.00729748017334936,
      0.9851409590891443,
      0.0075615607375063365
    ],
    [
      0.001519381067616071,
      0.9833774730707674,
      0.015103145861616374
    ],
    [
      0.005419125492359228,
      0.9919747770658516,
      0.0026060974417894235
    ],
    [
      0.007589087382982203,
      0.9909100567804399,
      0.0015008558365781177
    ],
    [
      0.24160490017917025,
      0.7543120456131451,
      0.004083054207684351
    ],
    [
      0.021123999193790415,
      0.9704253297760899,
      0.008450671030119795
    ],
    [
      0.9475401895730294,
      0.05121069731348112,
      0.0012491131134890134
    ],
    [
      0.0004013218739776734,
      0.12110855335435688,
      0.8784901247716653
    ],
    [
      0.002198093076264317,
      0.9659823148052908,
      0.03181959211844499
    ],
    [
      0.017101700661365588,
      0.9806723483973594,
      0.00222595094127528
    ],
    [
      0.005900437286893687,
      0.9911351608001087,
      0.0029644019129978355
    ],
    [
      0.0010695787338879928,
      0.9848903223356107,
      0.014040098930501179
    ],
    [
      0.0009596215273142094,
      0.9532226690788766,
      0.04581770939380927
    ],
    [
      0.0033340369596891197,
      0.7831786268681443,
      0.2134873361721665
    ],
    [
      0.008204034720928758,
      0.4933686384486137,
      0.49842732683045776
    ],
    [
      0.02626946793493202,
