{
  "dataset": "aniso",
  "algorithm": "gmm",
  "params": {
    "n_components": 3,
    "covariance_type": "tied"
  },
  "labels": [
    2,
    2,
    2,
    2,
    2,
    2,
    2,
    2,
    2,
    2,
    2,
    2,
    2,
    2,
    2,
    2,
    2,
    2,
    2,
    2,
    2,
    2,
    2,
    2,
    2,
    2,
    2,
    2,
    2,
    2,
    2,
    2,
    2,
    2,
    2,
    2,
    2,
    2,
    2,
    2,
    2,
    2,
    2,
    2,
    2,
    2,
    2,
    2,
    2,
    2,
    2,
    2,
    2,
    2,
    2,
    2,
    2,
    2,
    2,
    2,
    2,
    2,
    2,
    2,
    2,
    2,
    2,
    2,
    2,
    2,
    2,
    2,
    2,
    2,
    2,
    2,
    2,
    2,
    2,
    2,
    2,
    2,
    2,
    2,
    2,
    2,
    2,
    2,
    2,
    2,
    2,
    2,
    2,
    2,
    2,
    2,
    2,
    2,
    2,
    2,
    2,
    2,
    2,
    2,
    2,
    2,
    2,
    2,
    2,
    2,
    1,
    2,
    2,
    2,
    2,
    2,
    2,
    2,
    2,
    2,
    2,
    2,
    2,
    2,
    2,
    2,
    2,
    2,
    2,
    2,
    2,
    2,
    2,
    2,
    2,
    2,
    2,
    2,
    2,
    2,
    2,
    2,
    1,
    2,
    2,
    2,
    2,
    2,
    2,
    2,
    2,
    2,
    2,
    2,
    2,
    2,
    2,
    2,
    2,
    2,
    2,
    2,
    2,
    2,
    2,
    2,
    0,
    2,
    0,
    0,
    0,
    0,
    0,
    0,
    0,
    0,
    2,
    0,
    0,
    0,
    0,
    0,
    0,
    0,
    0,
    0,
    2,
    2,
    2,
    2,
    0,
    1,
    0,
    0,
    2,
    0,
    1,
    2,
    1,
    0,
    1,
    0,
    0,
    0,
    0,
    2,
    1,
    0,
    2,
    2,
    2,
    0,
    0,
    1,
    2,
    0,
    0,
    2,
    2,
    1,
    0,
    1,
    1,
    0,
    0,
    0,
    0,
    0,
    0,
    0,
    2,
    0,
    0,
    0,
    0,
    0,
    1,
    2,
    0,
    2,
    0,
    1,
    0,
    0,
    2,
    0,
    0,
    2,
    0,
    0,
    2,
    1,
    0,
    0,
    0,
    0,
    0,
    0,
    0,
    0,
    1,
    0,
    0,
    1,
    0,
    0,
    0,
    0,
    0,
    2,
    2,
    0,
    1,
    0,
    0,
    0,
    2,
    0,
    0,
    0,
    0,
    2,
    2,
    1,
    1,
    0,
    0,
    2,
    0,
    1,
    0,
    0,
    0,
    0,
    2,
    0,
    0,
    2,
    0,
    0,
    2,
    2,
    0,
    0,
    1,
    0,
    0,
    2,
    0,
    0,
    0,
    2,
    2,
    0,
    0,
    1,
    0,
    0,
    2,
    0,
    0,
    0,
    0,
    1,
    0,
    2,
    0,
    2,
    0,
    0,
    0,
    0,
    1,
    1,
    1,
    1,
    1,
    1,
    1,
    1,
    1,
    1,
    1,
    1,
    1,
    1,
    1,
    1,
    1,
    1,
    1,
    1,
    1,
    1,
    1,
    1,
    1,
    1,
    1,
    1,
    1,
    1,
    1,
    1,
    1,
    1,
    1,
    1,
    1,
    1,
    1,
    1,
    1,
    1,
    1,
    1,
    1,
    1,
    1,
    1,
    1,
    1,
    1,
    1,
    1,
    1,
    1,
    1,
    1,
    1,
    1,
    1,
    1,
    1,
    1,
    1,
    1,
    1,
    1,
    1,
    1,
    1,
    1,
    1,
    1,
    1,
    1,
    1,
    1,
    1,
    1,
    1,
    1,
    1,
    1,
    1,
    1,
    1,
    1,
    1,
    1,
    1,
    1,
    1,
    1,
    1,
    1,
    1,
    1,
    1,
    1,
    1,
    1,
    1,
    1,
    1,
    1,
    1,
    1,
    1,
    1,
    1,
    1,
    1,
    1,
    1,
    1,
    1,
    1,
    1,
    1,
    1,
    1,
    1,
    1,
    1,
    1,
    1,
    1,
    1,
    1,
    1,
    1,
    1,
    1,
    1,
    1,
    1,
    1,
    1,
    1,
    1,
    1,
    1,
    1,
    1,
    1,
    1,
    1,
    1,
    1,
    1,
    1,
    1,
    1,
    1,
    1,
    1,
    1,
    1,
    1,
    1,
    1,
    1,
    1,
    1,
    1,
    1
  ],
  "means": [
    {
      "x": -2.050039955869879,
      "y": -2.2066116503137985
    },
    {
      "x": 2.3960078188432,
      "y": -3.2088574196917055
    },
    {
      "x": 1.1797433503235681,
      "y": 1.7725446999355599
    }
  ],
  "probabilities": [
    [
      0.0034209635630720304,
      2.036357263338928e-05,
      0.9965586728642951
    ],
    [
      0.0001687821124382336,
      9.53961455986477e-08,
      0.9998311224914161
    ],
    [
      0.0033164861374655927,
      1.0184133122348306e-06,
      0.9966824954492223
    ],
    [
      0.0008816334022272753,
      0.00010651716924632088,
      0.999011849428526
    ],
    [
      0.0007455030849152203,
      2.0477900148181004e-08,
      0.9992544764371845
    ],
    [
      0.004750739243188925,
      8.285601472170893e-07,
      0.9952484321966639
    ],
    [
      0.07681234540666367,
      0.003787968863655023,
      0.9193996857296811
    ],
    [
      0.003969286384475298,
      3.6642196580620955e-09,
      0.9960307099513052
    ],
    [
      0.0009721207906204245,
      3.9144329068753005e-09,
      0.9990278752949469
    ],
    [
      0.023428369439784817,
      3.3521368651613744e-06,
      0.9765682784233499
    ],
    [
      0.00526819502922718,
      0.0023531522280556207,
      0.9923786527427179
    ],
    [
      0.03135225546627068,
      0.0003023759981118623,
      0.9683453685356176
    ],
    [
      0.0016128057993656652,
      7.007359297402087e-08,
      0.9983871241270417
    ],
    [
      0.000834964680492528,
      1.6625571562215592e-09,
      0.9991650336569505
    ],
    [
      0.0033225223899386964,
      2.3473330188865683e-07,
      0.9966772428767593
    ],
    [
      6.462304145707361e-05,
      9.432811457889934e-11,
      0.9999353768642149
    ],
    [
      0.015853921700615593,
      5.5621752310797346e-05,
      0.9840904565470738
    ],
    [
      0.026709179020597502,
      0.004556464913824798,
      0.968734356065578
    ],
    [
      0.08236629419417914,
      0.003831992362186662,
      0.9138017134436343
    ],
    [
      0.0011029184544863076,
      1.4179075101131945e-09,
      0.9988970801276065
    ],
    [
      0.0020760411941847306,
      1.9936697986578817e-05,
      0.9979040221078286
    ],
    [
      0.003877281650667097,
      2.2350726429193836e-06,
      0.9961204832766902
    ],
    [
      0.005677794522818693,
      2.0069092920906448e-08,
      0.9943221854080888
    ],
    [
      0.0002902427914791122,
      3.2672148573091005e-09,
      0.9997097539413061
    ],
    [
      0.06102037280806703,
      0.0035486385212895695,
      0.9354309886706438
    ],
    [
      0.005119840710993116,
      2.2689489981164856e-05,
      0.9948574697990257
    ],
    [
      0.0006190549972109431,
      6.159210103314656e-09,
      0.999380938843579
    ],
    [
      0.0005585101010767136,
      4.768750264741795e-06,
      0.9994367211486582
    ],
    [
      0.003207006094087561,
      8.39699434250752e-08,
      0.9967929099359691
    ],
    [
      0.0004221622187297405,
      1.649834577151002e-07,
      0.9995776727978127
    ],
    [
      0.0028311737252023936,
      2.7817359212983497e-07,
      0.9971685481012057
    ],
    [
      0.015011685693857933,
      6.203477802874453e-07,
      0.9849876939583617
    ],
    [
      0.00024034132405978731,
      3.7264229532507213e-07,
      0.9997592860336448
    ],
    [
      0.0003576357959057848,
      2.3524721580271767e-08,
      0.9996423406793725
    ],
    [
      0.00832060102253376,
      6.93186025647514e-05,
      0.991610080374902
    ],
    [
      0.00015137563370214337,
      2.4360379138654767e-08,
      0.9998486000059188
    ],
    [
      0.00012877990317731645,
      3.5889403380566335e-09,
      0.999871216507882
    ],
    [
      0.00024237559602225387,
      3.9341564621954925e-13,
      0.9997576244035848
    ],
    [
      0.004090210718083762,
      5.607803733039295e-06,
      0.9959041814781832
    ],
    [
      0.08385526638658644,
      0.002481784867797354,
      0.9136629487456165
    ],
    [
      0.0011251054670039541,
      1.2628513033826908e-07,
      0.9988747682478657
    ],
    [
      0.008975056195023819,
      0.007168747325533264,
      0.9838561964794428
    ],
    [
      0.004603219650529806,
      1.9476212201741984e-07,
      0.9953965855873483
    ],
    [
      0.0016350728240528266,
      2.525335473064333e-05,
      0.9983396738212171
    ],
    [
      0.0007733949923669389,
      1.7291240456141542e-08,
      0.9992265877163926
    ],
    [
      0.00040006554308064877,
      5.7924920598607625e-08,
      0.9995998765319988
    ],
    [
      0.003448568515521122,
      1.6822465745114178e-07,
      0.9965512632598212
    ],
    [
      0.02961191421581105,
      4.2577062415224325e-05,
      0.9703455087217736
    ],
    [
      0.0015534940029788735,
      1.8991892119919013e-06,
      0.9984446068078094
    ],
    [
      0.0035516457558182534,
      3.0489143440468694e-06,
      0.996445305329838
    ],
    [
      0.003342079331019973,
      9.021149251690852e-09,
      0.9966579116478306
    ],
    [
      0.00908946284153598,
      4.890115515302618e-06,
      0.9909056470429487
    ],
    [
      0.0010493842484367013,
      1.3903118553301065e-07,
      0.9989504767203778
    ],
    [
      0.0028457270107963097,
      0.0037499884697410717,
      0.9934042845194626
    ],
    [
      0.002844151141548691,
      5.403078040689706e-06,
      0.9971504457804107
    ],
    [
      0.0014060968365046142,
      2.1443647036882324e-10,
      0.9985939029490589
    ],
    [
      2.5353255429700963e-05,
      2.1033702491792502e-10,
      0.9999746465342335
    ],
    [
      0.0012556901043564801,
      1.7521759297592294e-07,
      0.9987441346780506
    ],
    [
      0.019259082306972826,
      7.538584953618875e-05,
      0.9806655318434911
    ],
    [
      0.0008015824002444187,
      1.5296505017029525e-05,
      0.9991831210947386
    ],
    [
      0.015157023942301113,
      0.0012863366026963788,
      0.9835566394550024
    ],
    [
      0.03859658697194406,
      0.11027501654187113,
      0.8511283964861851
    ],
    [
      4.861992516255441e-05,
      6.334567708497796e-09,
      0.9999513737402699
    ],
    [
      0.004920735817970702,
      1.0708074738055867e-07,
      0.9950791571012821
    ],
    [
      0.00596737889120331,
      1.2497534833822713e-05,
      0.994020123573963
    ],
    [
      0.0013106836011423048,
      8.175135827899975e-10,
      0.9986893155813447
    ],
    [
      0.000715263525301323,
      1.7462163890569926e-09,
      0.9992847347284822
    ],
    [
      0.00010296346267043122,
      6.635380260875966e-11,
      0.9998970364709755
    ],
    [
      0.0033358384520956043,
      1.1367391420315562e-07,
      0.9966640478739903
    ],
    [
      0.02712532949395285,
      0.004532895891584187,
      0.9683417746144632
    ],
    [
      0.00022280580893066786,
      3.062418109589011e-08,
      0.9997771635668881
    ],
    [
      0.0010420912842224943,
      4.1290901581198797e-10,
      0.9989579083028683
    ],
    [
      0.0005906504809684722,
      2.4113445642513437e-07,
      0.9994091083845752
    ],
    [
      0.01812140298980231,
      5.350445201082446e-07,
      0.9818780619656777
    ],
    [
      0.0015504261580695437,
      4.683329550137205e-06,
      0.9984448905123805
    ],
    [
      0.0013109567578441154,
      1.129137440100415e-06,
      0.9986879141047158
    ],
    [
      0.0012419854588232664,
      2.4207299298342744e-08,
      0.9987579903338775
    ],
    [
      0.009259501539409323,
      6.51308620145634e-05,
      0.9906753675985759
    ],
    [
      0.0016380464640771777,
      0.0011513626024620802,
      0.9972105909334605
    ],
    [
      0.0004926421030825074,
      4.966270914532362e-10,
      0.9995073574002902
    ],
    [
      0.00041211328775680404,
      8.316729742016966e-10,
      0.9995878858805701
    ],
    [
      0.014250795823984305,
      0.004992065249727726,
      0.9807571389262882
    ],
    [
      0.001420468524034762,
      2.3158184973349843e-05,
      0.9985563732909921
    ],
    [
      8.9194075551852e-05,
      5.423528131421459e-08,
      0.9999107516891669
    ],
    [
      0.008550709543247045,
      6.399532542834322e-06,
      0.9914428909242102
    ],
    [
      0.007987768342835657,
      4.210296961739163e-07,
      0.9920118106274682
    ],
    [
      0.001206369989001954,
      2.5703454696965075e-07,
      0.9987933729764511
    ],
    [
      0.0005460006155859723,
      2.2072727874436932e-07,
      0.9994537786571356
    ],
    [
      0.00016017532684816215,
      6.729256018377919e-09,
      0.9998398179438959
    ],
    [
      1.4413974754771701e-05,
      1.8631177223367974e-11,
      0.999985586006614
    ],
    [
      0.013174502268428477,
      0.0005002114611003744,
      0.986325286270471
    ],
    [
      0.0007019735380558016,
      1.6254315025139031e-09,
      0.9992980248365129
    ],
    [
      0.0005833363999109375,
      3.3797053700973956e-08,
      0.9994166298030353
    ],
    [
      0.003014197652277515,
      1.4412619529475823e-05,
      0.9969713897281932
    ],
    [
      0.028633097150928474,
      6.4136028097607705e-06,
      0.9713604892462618
    ],
    [
      0.00042146456988560694,
      7.245438299215027e-09,
      0.9995785281846764
    ],
    [
      0.02370161112198588,
      0.00031032769410777337,
      0.9759880611839065
    ],
    [
      0.00119416533459205,
      6.87961715930769e-07,
      0.9988051467036922
    ],
    [
      0.0013541303434989164,
      1.2678871085123659e-08,
      0.99864585697763
    ],
    [
      0.018867654690076237,
      0.00010506184071960343,
      0.9810272834692043
    ],
    [
      0.0009115923973625097,
      8.448368378733793e-07,
      0.9990875627657998
    ],
    [
      0.0004525193838471373,
      3.871605485834803e-06,
      0.9995436090106669
    ],
    [
      0.008697412127761015,
      7.02875370672275e-08,
      0.9913025175847019
    ],
    [
      0.0010391218277799638,
      2.059301761749069e-06,
      0.9989588188704581
    ],
    [
      2.2404806447550156e-06,
      1.0631357439728677e-11,
      0.9999977595087239
    ],
    [
      0.00033670497957110154,
      2.7567295143018584e-07,
      0.9996630193474774
    ],
    [
      0.0009139593545682487,
      9.298853762838043e-06,
      0.9990767417916688
    ],
    [
      0.0005232531700035612,
      1.884516883772328e-08,
      0.9994767279848278
    ],
    [
      0.0028616371044849526,
      8.741866725172732e-08,
      0.9971382754768475
    ],
    [
      0.0017298455209674728,
      1.0205226025389859e-07,
      0.9982700524267724
    ],
    [
      0.0029372482135817416,
      0.9758177361152434,
      0.021245015671175007
    ],
    [
      0.051199828237530776,
      0.009879214026845527,
      0.9389209577356236
    ],
    [
      0.0002728700610288766,
      2.7626957171824855e-09,
      0.9997271271762757
    ],
    [
      0.016799439642792333,
      8.533842481580595e-05,
      0.9831152219323918
    ],
    [
      0.0005404852187774029,
      4.033694229819186e-09,
      0.9994595107475285
    ],
    [
      0.0012604279998530653,
      2.0364918990469772e-08,
      0.998739551635228
    ],
    [
      0.00770303261438442,
      1.671619966999681e-05,
      0.9922802511859456
    ],
    [
      0.00131947110051021,
      0.0022923499023832887,
      0.9963881789971065
    ],
    [
      0.000922608344652895,
      6.064644771467353e-11,
      0.9990773915947008
    ],
    [
      0.0003993930915766221,
      2.744353159700385e-09,
      0.9996006041640704
    ],
    [
      0.0022747648901407717,
      5.121273252595597e-08,
      0.9977251838971267
    ],
    [
      0.0005426632099337749,
      5.45229138775861e-07,
      0.9994567915609277
    ],
    [
      0.0030329280347389737,
      1.764003651875138e-08,
      0.9969670543252247
    ],
    [
      0.006673193388839388,
      1.5547303808858213e-06,
      0.9933252518807797
    ],
    [
      0.0018070520197637186,
      0.0009350852361221384,
      0.997257862744114
    ],
    [
      0.00029876814953427644,
      1.3931292955193144e-10,
      0.9997012317111533
    ],
    [
      0.0006316627217094281,
      0.0004863093992647851,
      0.9988820278790261
    ],
    [
      0.0036462919661954018,
      7.064819816346193e-09,
      0.9963537009689851
    ],
    [
      0.011960393805540063,
      0.005437955440982188,
      0.9826016507534777
    ],
    [
      0.0006305640714201798,
      5.744510802978612e-07,
      0.9993688614774997
    ],
    [
      0.001978789995254484,
      2.2641001514771755e-08,
      0.9980211873637441
    ],
    [
      0.006025089584481952,
      1.9085024136181435e-11,
      0.993974910396433
    ],
    [
      0.020904875787381483,
      3.70507797587319e-05,
      0.9790580734328599
    ],
    [
      0.03487768039352416,
      0.2810643389498358,
      0.6840579806566404
    ],
    [
      0.0016018452942095402,
      1.0509384988959765e-07,
      0.9983980496119406
    ],
    [
      0.03988219790778795,
      0.1429381421344894,
      0.8171796599577225
    ],
    [
      0.003145724036212189,
      0.00025030590834349047,
      0.9966039700554442
    ],
    [
      0.0007474602116032991,
      2.635612606067869e-09,
      0.9992525371527845
    ],
    [
      0.007323262127810726,
      2.7991640844899625e-05,
      0.9926487462313444
    ],
    [
      0.00476711606852974,
      7.094037129538487e-06,
      0.9952257898943412
    ],
    [
      0.0007060480508073625,
      1.9090276051620647e-07,
      0.9992937610464324
    ],
    [
      0.029437724870310975,
      0.13730849673327253,
      0.8332537783964161
    ],
    [
      0.005402959122258671,
      0.9593931384489944,
      0.035203902428747796
    ],
    [
      0.0007500054492801103,
      7.41857458173266e-08,
      0.9992499203649743
    ],
    [
      0.0078080403111925566,
      4.418519132449369e-05,
      0.9921477744974829
    ],
    [
      0.005367147940246391,
      2.942484730672157e-06,
      0.9946299095750228
    ],
    [
      0.00040981229111217,
      3.8625848187384305e-09,
      0.999590183846303
    ],
    [
      0.009066145148243113,
      8.072615266038994e-05,
      0.9908531286990969
    ],
    [
      0.0016931557603881496,
      2.540114687553034e-05,
      0.9982814430927361
    ],
    [
      0.0009139264621952044,
      5.276413937291513e-06,
      0.9990807971238674
    ],
    [
      0.005093111704725572,
      2.1931049909004286e-07,
      0.9949066689847754
    ],
    [
      0.0009294022964861795,
      4.1927070616178265e-06,
      0.9990664049964524
    ],
    [
      0.0018488217446068574,
      7.514116471666551e-07,
      0.9981504268437462
    ],
    [
      0.009729067988507503,
      0.0037556349883360145,
      0.986515297023157
    ],
    [
      0.0039012486882410644,
      3.236148886769293e-05,
      0.9960663898228913
    ],
    [
      0.00028803386991801494,
      8.534178799536706e-09,
      0.9997119575959035
    ],
    [
      0.0006541980920280228,
      2.8589817370237243e-06,
      0.9993429429262349
    ],
    [
      0.0032102704184578204,
      0.00046151542786953235,
      0.996328214153673
    ],
    [
      0.004939327468540578,
      8.887162282444681e-05,
      0.9949718009086348
    ],
    [
      0.0032098775296029182,
      8.976388071558026e-06,
      0.9967811460823256
    ],
    [
      0.0007947858507204351,
      2.2594002452822936e-07,
      0.999204988209255
    ],
    [
      3.9078294467901026e-05,
      1.4589073103703038e-11,
      0.9999609216909432
    ],
    [
      0.015949392551269093,
      1.0473890259279305e-06,
      0.984049560059705
    ],
    [
      0.0007483844482288362,
      1.4193473853294444e-05,
      0.9992374220779183
    ],
    [
      0.0008683412654731814,
      2.2346664835824385e-06,
      0.9991294240680437
    ],
    [
      0.011855171442415007,
      3.1289639979861137e-05,
      0.9881135389176052
    ],
    [
      0.9639146659192284,
      0.0006615979173223793,
      0.03542373616344975
    ],
    [
      0.21063925598156533,
      3.2580995778986073e-06,
      0.7893574859188568
    ],
    [
      0.8941517947444946,
      0.10555640166677083,
      0.00029180358873456006
    ],
    [
      0.8264547833208742,
      0.00012025258660511966,
      0.17342496409252042
    ],
    [
      0.7849120973664709,
      0.21484171015478956,
      0.0002461924787392899
    ],
    [
      0.9195685148719074,
      0.0003441837908720976,
      0.08008730133722032
    ],
    [
      0.9554604713705076,
      0.04267527248037461,
      0.0018642561491181123
    ],
    [
      0.646222596543886,
      0.3537681787606603,
      9.224695453412249e-06
    ],
    [
      0.9250528926147483,
      0.07442593936074142,
      0.0005211680245102145
    ],
    [
      0.9041571184738156,
      0.004895489567425565,
      0.09094739195875881
    ],
    [
      0.3292903922963616,
      9.105149304497988e-06,
      0.6707005025543343
    ],
    [
      0.9766898168471823,
      0.0006642638437925621,
      0.022645919309025573
    ],
    [
      0.9769014688309736,
      0.001958416938972514,
      0.02114011423005375
    ],
    [
      0.8811181460946782,
      0.00013629727564357005,
      0.1187455566296783
    ],
    [
      0.7705471019392153,
      0.001568271050106269,
      0.22788462701067894
    ],
    [
      0.9787658396710953,
      0.008875384703507102,
      0.01235877562539744
    ],
    [
      0.533873931040525,
      2.409880082761548e-05,
      0.46610197015864724
    ],
    [
      0.9301648881066709,
      0.000852294314537024,
      0.06898281757879235
    ],
    [
      0.9595947611723483,
      0.0005092167111548669,
      0.03989602211649646
    ],
    [
      0.9705694843212888,
      0.0051538637543066,
      0.02427665192440487
    ],
    [
      0.02445552183491406,
      1.779402723514084e-07,
      0.9755443002248141
    ],
    [
      0.0005466521124552812,
      7.994834020189896e-12,
      0.9994533478795505
    ],
    [
      0.320121404715482,
      1.3828210959605721e-05,
      0.6798647670735579
    ],
    [
      0.00045002989698831843,
      5.1291263316712115e-12,
      0.9995499700978827
    ],
    [
      0.9228814762268135,
      0.07683091114525716,
      0.0002876126279293909
    ],
    [
      0.014912010282607182,
      0.9850879839231366,
      5.7942565982861235e-09
    ],
    [
      0.852862494479251,
      0.1467626049313208,
      0.0003749005894283099
    ],
    [
      0.8913156243103033,
      0.007573837676628851,
      0.10111053801306796
    ],
    [
      0.2251759622398606,
      2.0578691000278415e-06,
      0.7748219798910392
    ],
    [
      0.6292570786651933,
      0.3706134011060108,
      0.00012952022879601796
    ],
    [
      0.02508188208695882,
      0.9749176148928081,
      5.030202328797706e-07
    ],
    [
      0.08194605261958651,
      2.735252513737407e-07,
      0.9180536738551618
    ],
    [
      0.007077034164320729,
      0.9929229465464615,
      1.9289217953871702e-08
    ],
    [
      0.9574006568726726,
      0.03181252785539709,
      0.010786815271930105
    ],
    [
      0.2022672685575529,
      0.7977314878399887,
      1.243602458139929e-06
    ],
    [
      0.9740604110046389,
      0.0028784099690248835,
      0.02306117902633575
    ],
    [
      0.9304869126103356,
      0.06756616378397057,
      0.0019469236056935807
    ],
    [
      0.6518131350845798,
      0.34812756741931805,
      5.929749610200617e-05
    ],
    [
      0.9574552892742769,
      0.0031945398052593615,
      0.03935017092046416
    ],
    [
      0.4878673597634788,
      6.58123578925996e-06,
      0.5121260590007318
    ],
    [
      0.019589215556438506,
      0.9804106479179447,
      1.3652561700239046e-07
    ],
    [
      0.8766431912502793,
      0.00014550625612375225,
      0.12321130249359688
    ],
    [
      0.013506255471825584,
      1.6379466153805798e-08,
      0.9864937281487085
    ],
    [
      0.08614879425449516,
      6.498715195855007e-07,
      0.9138505558739854
    ],
    [
      0.0011381902513236265,
      1.2288459414504183e-09,
      0.9988618085198304
    ],
    [
      0.9525169441145626,
      0.04200524187948562,
      0.005477814005951401
    ],
    [
      0.6329279052165389,
      0.0005272257596089443,
      0.36654486902385214
    ],
    [
      0.4736720692089359,
      0.5262602787808208,
      6.765201024346146e-05
    ],
    [
      0.1282934422137941,
      1.1226763308372157e-07,
      0.8717064455185728
    ],
    [
      0.9485402045827774,
      0.051402593476509925,
      5.720194071279358e-05
    ],
    [
      0.9628367058973961,
      0.032056150840616214,
      0.005107143261987452
    ],
    [
      0.01726998548570486,
      2.5233480920872256e-08,
      0.9827299892808143
    ],
    [
      0.007813571344013857,
      6.5858729345876e-10,
      0.9921864279973992
    ],
    [
      0.059826221445789696,
      0.9401735809423306,
      1.9761187947462959e-07
    ],
    [
      0.8535398436771643,
      0.0003222867421542766,
      0.14613786958068142
    ],
    [
      0.010305368885304596,
      0.9896946259739575,
      5.140737933300903e-09
    ],
    [
      0.1398929101169166,
      0.8601036679871007,
      3.4218959824858486e-06
    ],
    [
      0.8537162131286945,
      8.893857187768793e-05,
      0.14619484829942778
    ],
    [
      0.990482498169719,
      0.00775687804661156,
      0.001760623783669354
    ],
    [
      0.9692016495462826,
      0.01608577160617385,
      0.014712578847543815
    ],
    [
      0.5161190167301277,
      0.4838136093946673,
      6.737387520453128e-05
    ],
    [
      0.9858551418387436,
      0.012578115760789963,
      0.001566742400466382
    ],
    [
      0.9845113423380847,
      0.0009991741026623645,
      0.014489483559253079
    ],
    [
      0.9908431525186839,
      0.007704741000471934,
      0.001452106480844147
    ],
    [
      0.0015775203938183085,
      2.0443474938840217e-10,
      0.9984224794017476
    ],
    [
      0.8768260297782696,
      0.12265231695266321,
      0.0005216532690674498
    ],
    [
      0.9834941999981754,
      0.0035296084845376466,
      0.012976191517286795
    ],
    [
      0.6562228075030174,
      0.0002535861966945432,
      0.3435236063002879
    ],
    [
      0.9810535565220507,
      0.017422857358873133,
      0.0015235861190759648
    ],
    [
      0.9927290914716,
      0.0003477567945004014,
      0.006923151733899388
    ],
    [
      0.018860434761693117,
      0.9811394214878727,
      1.4375043443525054e-07
    ],
    [
      0.008037253774930793,
      3.4687426680069938e-09,
      0.9919627427563265
    ],
    [
      0.6894530038087164,
      0.0001640217244558837,
      0.31038297446682755
    ],
    [
      5.357995372805028e-06,
      1.2100918442430424e-14,
      0.9999946420046152
    ],
    [
      0.9858320854553267,
      0.001256421124335815,
      0.012911493420337875
    ],
    [
      0.06585161001902194,
      0.9341480390828398,
      3.5089813831303206e-07
    ],
    [
      0.984142675937602,
      0.015343373276065529,
      0.0005139507863329447
    ],
    [
      0.9844338462441542,
      0.014686741391565703,
      0.0008794123642801907
    ],
    [
      0.007235447954090032,
      1.4003819447665584e-08,
      0.9927645380420902
    ],
    [
      0.9551347328069666,
      0.02658215453953826,
      0.018283112653494995
    ],
    [
      0.9631537287832115,
      0.0004959123786087352,
      0.03635035883817963
    ],
    [
      0.016258620583178913,
      4.3258601297347004e-08,
      0.98374133615822
    ],
    [
      0.7016162709498903,
      0.29830861526804003,
      7.51137820690601e-05
    ],
    [
      0.9701817833831452,
      0.029546842886685156,
      0.00027137373016957307
    ],
    [
      0.2972753553087333,
      0.00013393046599894566,
      0.7025907142252673
    ],
    [
      0.10571822746840905,
      0.8942801703901289,
      1.6021414618494402e-06
    ],
    [
      0.963043331481229,
      0.03616316086176571,
      0.0007935076570056752
    ],
    [
      0.9833869638007882,
      0.015473729725114667,
      0.0011393064740972925
    ],
    [
      0.9680463087013521,
      0.0006048457635760542,
      0.031348845535072306
    ],
    [
      0.9127062124360116,
      0.0005998028721676482,
      0.08669398469182085
    ],
    [
      0.9903600335850935,
      0.0023947031421990557,
      0.0072452632727069925
    ],
    [
      0.85413725383215,
      0.14495040568185244,
      0.0009123404859974584
    ],
    [
      0.743083802080461,
      3.679389945134642e-05,
      0.2568794040200878
    ],
    [
      0.9603303782293928,
      0.0051103294227925755,
      0.03455929234781482
    ],
    [
      0.02959817150255216,
      0.9704017186375465,
      1.0985990175085667e-07
    ],
    [
      0.8336639422391997,
      0.16575565322681235,
      0.000580404533988347
    ],
    [
      0.9905311344188891,
      0.0089503024164549,
      0.000518563164656096
    ],
    [
      0.07417699668056338,
      0.9258226435708649,
      3.5974857152560176e-07
    ],
    [
      0.9107002905163695,
      0.000172930405748647,
      0.08912677907788187
    ],
    [
      0.5689129229506981,
      4.934651410466953e-06,
      0.43108214239789133
    ],
    [
      0.9811946035476877,
      0.0006185713662085838,
      0.01818682508610362
    ],
    [
      0.9209649225145378,
      0.0783203251869205,
      0.0007147522985414173
    ],
    [
      0.8861383562235772,
      0.1136189507421523,
      0.00024269303427008153
    ],
    [
      0.1785268318089958,
      1.2262295007792765e-06,
      0.8214719419615031
    ],
    [
      0.33304585132350534,
      2.3643184330408742e-06,
      0.6669517843580618
    ],
    [
      0.7594010341285559,
      0.001275780700305601,
      0.2393231851711388
    ],
    [
      0.0038466627477893897,
      0.9961533370005667,
      2.51644256217845e-10
    ],
    [
      0.6777762261873672,
      7.367378920852303e-05,
      0.3221501000234239
    ],
    [
      0.8549188340485611,
      0.00014488677750234055,
      0.14493627917393698
    ],
    [
      0.9630923836405484,
      0.0013805253760739529,
      0.03552709098337807
    ],
    [
      0.09254589777745205,
      9.833481819006535e-07,
      0.907453118874366
    ],
    [
      0.877239438670311,
      0.00023622744769545307,
      0.12252433388199373
    ],
    [
      0.980737893318075,
      0.017385451524993732,
      0.0018766551569311103
    ],
    [
      0.841681221769829,
      0.00016716450330930618,
      0.15815161372686182
    ],
    [
      0.9092164271996269,
      0.01363606136520891,
      0.07714751143516435
    ],
    [
      0.3104322220383971,
      6.227256480014758e-06,
      0.689561550705123
    ],
    [
      0.07423929525113336,
      2.43243156737e-07,
      0.9257604615057097
    ],
    [
      0.04653121235088397,
      0.9534687580016448,
      2.964747141330664e-08
    ],
    [
      0.040653131177219894,
      0.959346810915755,
      5.7907024805742154e-08
    ],
    [
      0.9484976732758448,
      0.031081372302328877,
      0.02042095442182605
    ],
    [
      0.8849749224288477,
      0.0003372272930748927,
      0.11468785027807744
    ],
    [
      0.3164217260931227,
      4.493054957912416e-07,
      0.6835778246013817
    ],
    [
      0.9296239684829859,
      0.002538715777461739,
      0.0678373157395527
    ],
    [
      0.03149709375349551,
      0.9685026092551149,
      2.969913891787166e-07
    ],
    [
      0.876703961614656,
      0.00023379351000705912,
      0.123062244875337
    ],
    [
      0.6671328596167586,
      0.0023305502827235414,
      0.3305365901005175
    ],
    [
      0.9435991091374863,
      0.0015342330895505645,
      0.0548666577729631
    ],
    [
      0.9896528532173533,
      0.00805992420525016,
      0.0022872225773963293
    ],
    [
      0.34544492895401663,
      3.818089061632653e-06,
      0.6545512529569222
    ],
    [
      0.9650782323180024,
      0.0009163087880517279,
      0.03400545889394621
    ],
    [
      0.7869103877728916,
      0.0003189539431517973,
      0.21277065828395667
    ],
    [
      0.15680644148326486,
      1.0161194491796591e-06,
      0.8431925423972856
    ],
    [
      0.9912616335907737,
      0.0025198373130005045,
      0.006218529096225517
    ],
    [
      0.9516772431448878,
      0.04621960847183458,
      0.0021031483832776553
    ],
    [
      0.4343228097336842,
      6.317676845499515e-06,
      0.5656708725894704
    ],
    [
      0.34942538816077867,
      9.070187426721823e-05,
      0.6504839099649538
    ],
    [
      0.8542741970244143,
      0.005036846198312637,
      0.14068895677727306
    ],
    [
      0.9777212851714042,
      0.021820631947040012,
      0.00045808288155574757
    ],
    [
      0.004090980896288165,
      0.9959090112886202,
      7.815091883686736e-09
    ],
    [
      0.5881725811630407,
      5.386891608425239e-05,
      0.411773549920875
    ],
    [
      0.8998487673678633,
      0.00011013333324684434,
      0.1000410992988896
    ],
    [
      0.00013063015395052593,
      1.6696610908871384e-12,
      0.9998693698443799
    ],
    [
      0.9588830100695025,
      0.004661920459393269,
      0.036455069471104114
    ],
    [
      0.7833163516985546,
      0.00026599171010418117,
      0.21641765659134085
    ],
    [
      0.7523364603557898,
      0.2473914867011224,
      0.00027205294308796986
    ],
    [
      0.002763020062814278,
      3.992365023666242e-09,
      0.9972369759448206
    ],
    [
      0.010225789610988736,
      3.862697896591201e-09,
      0.9897742065263133
    ],
    [
      0.7311466251656007,
      0.26875373468036723,
      9.964015403167658e-05
    ],
    [
      0.9625534599773414,
      0.010770719611774403,
      0.026675820410883812
    ],
    [
      0.006031011946861227,
      0.993968970068953,
      1.7984186237755386e-08
    ],
    [
      0.9862546338023912,
      0.0032705450150196415,
      0.010474821182588752
    ],
    [
      0.9609565801281187,
      0.03890760445229214,
      0.00013581541958931586
    ],
    [
      0.3755209134582958,
      1.764718677920856e-05,
      0.624461439354925
    ],
    [
      0.7755866767585357,
      0.22438840553097,
      2.491771049458431e-05
    ],
    [
      0.8322644664932158,
      0.16489455525370775,
      0.0028409782530767554
    ],
    [
      0.9920007251629859,
      0.0010794237744860575,
      0.006919851062528125
    ],
    [
      0.9869838274987245,
      0.006476557173187696,
      0.006539615328088143
    ],
    [
      0.0003953647346067294,
      0.9996046352579544,
      7.438854936880934e-12
    ],
    [
      0.9680813295710141,
      0.025632627429764035,
      0.0062860429992220666
    ],
    [
      0.003208883142067301,
      3.938630161613503e-09,
      0.9967911129193022
    ],
    [
      0.991600760539058,
      0.0020659032541858737,
      0.0063333362067561245
    ],
    [
      6.679591515132015e-05,
      3.9983912670875854e-13,
      0.9999332040844489
    ],
    [
      0.9732508089490641,
      0.0024696495483977525,
      0.024279541502538488
    ],
    [
      0.9375310913524355,
      0.000773198849739672,
      0.06169570979782508
    ],
    [
      0.9762042429967053,
      0.02258807936831045,
      0.0012076776349839412
    ],
    [
      0.9783969931310227,
      0.0014329828498785945,
      0.020170024019099352
    ],
    [
      0.001048094670813951,
      0.9989410266693161,
      1.087865986978003e-05
    ],
    [
      0.0064330910680435414,
      0.993519369553419,
      4.753937853747051e-05
    ],
    [
      0.010850240536925572,
      0.8005547321475157,
      0.18859502731555794
    ],
    [
      1.3581871424310845e-05,
      0.9999864181007425,
      2.783301759630038e-11
    ],
    [
      0.00041815292033308576,
      0.999581029282471,
      8.177971962373511e-07
    ],
    [
      0.00041671493868987805,
      0.9995621274133931,
      2.115764791728926e-05
    ],
    [
      0.01491605879129411,
      0.9825995271367056,
      0.002484414072000071
    ],
    [
      0.0023351171803109054,
      0.9976646334872725,
      2.493324165507072e-07
    ],
    [
      7.43605136605312e-05,
      0.9999256374419052,
      2.044434165432813e-09
    ],
    [
      0.0016645484094886518,
      0.9983227309923738,
      1.272059813774278e-05
    ],
    [
      0.003433807112685468,
      0.9962272875128649,
      0.00033890537444925824
    ],
    [
      0.0003927143549085672,
      0.9996067443426608,
      5.413024307656397e-07
    ],
    [
      0.0007758286899057625,
      0.9992240847347801,
      8.657531438451065e-08
    ],
    [
      0.00410038461166605,
      0.9958674310375685,
      3.218435076568926e-05
    ],
    [
      0.0027472430601481477,
      0.9970982330364263,
      0.0001545239034256108
    ],
    [
      0.00027041622734370733,
      0.9997295603733108,
      2.339934541132729e-08
    ],
    [
      7.752588835443488e-05,
      0.9999224667847226,
      7.326922722334472e-09
    ],
    [
      0.0002700413586527294,
      0.9997299501605097,
      8.480837548740184e-09
    ],
    [
      0.0038136172840829924,
      0.9961393171254735,
      4.7065590443822596e-05
    ],
    [
      0.00010973830460204085,
      0.9998899642580942,
      2.9743730407701224e-07
    ],
    [
      0.003534521623490414,
      0.9954775865203065,
      0.0009878918562035075
    ],
    [
      0.016413105626249917,
      0.9787146321541307,
      0.004872262219619054
    ],
    [
      0.021439992212257095,
      0.8870276668701296,
      0.09153234091761284
    ],
    [
      0.0004603048749595174,
      0.9995395202202204,
      1.7490482001694497e-07
    ],
    [
      0.0014726538033595518,
      0.9985161943292361,
      1.1151867404460837e-05
    ],
    [
      0.0031464800149633497,
      0.9968456566572808,
      7.863327755893166e-06
    ],
    [
      0.0007017663139821744,
      0.9992977750533426,
      4.5863267510979457e-07
    ],
    [
      0.0006752480703037972,
      0.9993228896839923,
      1.8622457038665331e-06
    ],
    [
      3.958055135837391e-05,
      0.9999604167754815,
      2.6731600251291484e-09
    ],
    [
      0.003854072194892112,
      0.9955472738668493,
      0.0005986539382588981
    ],
    [
      0.0004135652227403632,
      0.9995862678488544,
      1.6692840536471805e-07
    ],
    [
      0.0009930084438464879,
      0.9990059260854485,
      1.0654707050083398e-06
    ],
    [
      0.00025523290663467373,
      0.9997440830624651,
      6.84030900300424e-07
    ],
    [
      0.0001251706039275663,
      0.9998748060887811,
      2.3307291355381688e-08
    ],
    [
      3.782360157763525e-05,
      0.9999621745690503,
      1.8293723370812923e-09
    ],
    [
      0.0006762788904728329,
      0.9993236948036852,
      2.6305841937702477e-08
    ],
    [
      0.002230289705239409,
      0.9977678548583565,
      1.8554364043185411e-06
    ],
    [
      0.0010565968820177452,
      0.9989433955100663,
      7.607916232926648e-09
    ],
    [
      0.0002523809783195552,
      0.9997115959353544,
      3.602308632604366e-05
    ],
    [
      0.0008851440342337759,
      0.9991084974821174,
      6.358483648943515e-06
    ],
    [
      0.00015197714258144247,
      0.9998480110208302,
      1.1836588203455838e-08
    ],
    [
      0.00017527513097161218,
      0.9998246840307065,
      4.0838322174466667e-08
    ],
    [
      0.00010441760270635229,
      0.999895375453682,
      2.069436117728352e-07
    ],
    [
      0.00013510152941731033,
      0.9998640907096569,
      8.077609257668076e-07
    ],
    [
      0.0049520530388764885,
      0.9947628973349538,
      0.0002850496261697951
    ],
    [
      0.04831591213295326,
      0.9416857220012416,
      0.00999836586580487
    ],
    [
      0.0005965344548851763,
      0.9994033543958564,
      1.1114925815061786e-07
    ],
    [
      0.002746896879473398,
      0.9971749571355385,
      7.814598498867948e-05
    ],
    [
