{
  "dataset": "aniso",
  "algorithm": "gmm",
  "params": {
    "n_components": 6,
    "covariance_type": "diag"
  },
  "labels": [
    5,
    5,
    5,
    5,
    5,
    5,
    5,
    4,
    4,
    5,
    5,
    5,
    4,
    4,
    4,
    5,
    5,
    5,
    5,
    4,
    5,
    5,
    4,
    5,
    5,
    5,
    5,
    5,
    4,
    5,
    4,
    4,
    5,
    5,
    5,
    5,
    5,
    4,
    5,
    5,
    5,
    5,
    4,
    5,
    5,
    5,
    4,
    5,
    5,
    5,
    4,
    5,
    5,
    5,
    5,
    4,
    5,
    5,
    5,
    5,
    5,
    5,
    5,
    4,
    5,
    4,
    4,
    5,
    4,
    5,
    5,
    4,
    5,
    4,
    5,
    5,
    4,
    5,
    5,
    4,
    4,
    5,
    5,
    5,
    5,
    4,
    5,
    5,
    5,
    5,
    5,
    4,
    5,
    5,
    5,
    5,
    5,
    5,
    4,
    5,
    5,
    5,
    4,
    5,
    5,
    5,
    5,
    5,
    4,
    5,
    5,
    5,
    5,
    5,
    5,
    4,
    5,
    5,
    4,
    5,
    4,
    5,
    4,
    5,
    5,
    4,
    5,
    4,
    5,
    5,
    4,
    4,
    5,
    5,
    5,
    5,
    5,
    4,
    5,
    5,
    5,
    5,
    5,
    5,
    5,
    5,
    5,
    5,
    5,
    5,
    4,
    5,
    5,
    5,
    5,
    5,
    5,
    5,
    5,
    5,
    5,
    5,
    4,
    5,
    5,
    5,
    0,
    0,
    0,
    0,
    0,
    0,
    0,
    0,
    0,
    0,
    0,
    0,
    0,
    0,
    0,
    0,
    0,
    0,
    0,
    0,
    0,
    4,
    0,
    4,
    0,
    0,
    0,
    0,
    0,
    0,
    3,
    0,
    3,
    0,
    0,
    0,
    0,
    0,
    0,
    0,
    3,
    0,
    0,
    0,
    4,
    0,
    0,
    0,
    0,
    0,
    0,
    0,
    0,
    0,
    0,
    0,
    0,
    0,
    0,
    0,
    0,
    0,
    0,
    0,
    4,
    0,
    0,
    0,
    0,
    0,
    3,
    0,
    0,
    5,
    0,
    0,
    0,
    0,
    4,
    0,
    0,
    0,
    0,
    0,
    0,
    0,
    0,
    0,
    0,
    0,
    0,
    0,
    0,
    0,
    0,
    0,
    0,
    0,
    0,
    0,
    0,
    0,
    0,
    0,
    0,
    0,
    0,
    0,
    0,
    0,
    0,
    0,
    0,
    0,
    0,
    0,
    0,
    0,
    0,
    0,
    0,
    0,
    0,
    0,
    0,
    0,
    0,
    0,
    0,
    0,
    0,
    0,
    0,
    0,
    0,
    0,
    0,
    0,
    3,
    0,
    0,
    4,
    0,
    0,
    0,
    4,
    0,
    0,
    0,
    3,
    0,
    0,
    0,
    0,
    0,
    0,
    0,
    0,
    0,
    4,
    0,
    0,
    0,
    0,
    0,
    0,
    2,
    1,
    5,
    3,
    2,
    2,
    2,
    1,
    1,
    2,
    2,
    1,
    1,
    2,
    2,
    1,
    1,
    1,
    2,
    2,
    2,
    2,
    5,
    1,
    2,
    1,
    1,
    2,
    1,
    2,
    1,
    1,
    2,
    1,
    1,
    3,
    1,
    3,
    2,
    2,
    1,
    1,
    2,
    2,
    2,
    2,
    1,
    2,
    2,
    3,
    3,
    1,
    2,
    1,
    1,
    1,
    2,
    1,
    1,
    1,
    1,
    1,
    1,
    1,
    1,
    2,
    1,
    1,
    1,
    1,
    2,
    1,
    3,
    1,
    3,
    3,
    1,
    1,
    2,
    3,
    2,
    3,
    2,
    2,
    2,
    1,
    3,
    3,
    1,
    2,
    1,
    1,
    2,
    2,
    2,
    3,
    2,
    2,
    1,
    3,
    2,
    1,
    1,
    1,
    2,
    1,
    2,
    1,
    3,
    2,
    1,
    1,
    1,
    1,
    3,
    3,
    1,
    3,
    1,
    1,
    1,
    2,
    1,
    1,
    1,
    1,
    1,
    2,
    3,
    1,
    3,
    2,
    3,
    2,
    2,
    1,
    2,
    1,
    2,
    1,
    3,
    2,
    1,
    1,
    2,
    1,
    1,
    1,
    1,
    1,
    1,
    2,
    1,
    1,
    1,
    2,
    2,
    2,
    1,
    2,
    1,
    3,
    1,
    1,
    1,
    2
  ],
  "means": [
    {
      "x": -2.088967867783566,
      "y": -2.1024234640051116
    },
    {
      "x": 2.6182086554126505,
      "y": -3.312269879827197
    },
    {
      "x": 4.088330434953122,
      "y": -1.7581879498777417
    },
    {
      "x": 0.6025044697707359,
      "y": -5.104625587255177
    },
    {
      "x": 0.32338029752751907,
      "y": 1.9229632973270157
    },
    {
      "x": 2.579867763441145,
      "y": 2.0525163428475355
    }
  ],
  "probabilities": [
    [
      1.3483007853666128e-14,
      7.452268785275833e-18,
      1.9136920213285198e-08,
      9.080513871953073e-30,
      0.18741028820500585,
      0.8125896926580605
    ],
    [
      2.1135456660317026e-16,
      2.562072633933738e-26,
      4.0735945338234044e-13,
      1.2282062760586092e-39,
      0.028284747396797837,
      0.9717152526027945
    ],
    [
      2.9824296118872774e-08,
      4.348747834554902e-18,
      7.188603103383058e-11,
      1.5804574275929745e-28,
      0.4158516735556876,
      0.5841482965481303
    ],
    [
      9.875676068283444e-28,
      1.6311410664181363e-25,
      1.4075190064695413e-10,
      7.081161343560692e-37,
      0.021411277057430456,
      0.9785887228018182
    ],
    [
      7.768764865927033e-07,
      1.573043501420284e-22,
      2.3509309866191713e-14,
      8.593425833117319e-33,
      0.41401837722307405,
      0.5859808459004157
    ],
    [
      1.4710431858488395e-06,
      1.1051698199689965e-17,
      1.9014190539428045e-11,
      4.2080172287626526e-27,
      0.4918576976858516,
      0.5081408312519483
    ],
    [
      7.086045401599747e-11,
      1.1041166680696505e-09,
      0.0002845191981769127,
      1.1879346355175516e-19,
      0.05975162103721619,
      0.9399638585896298
    ],
    [
      0.22915359906023078,
      2.9933757749149444e-25,
      1.9217118973412946e-21,
      7.145028697459918e-27,
      0.6525604913022479,
      0.11828590963752172
    ],
    [
      0.0007569721236899326,
      5.298894366355191e-24,
      2.1325854556236713e-17,
      2.057264351038098e-31,
      0.6488795079228421,
      0.350363519953468
    ],
    [
      0.0030158087733021034,
      3.4882272769458213e-15,
      1.2636181441325756e-11,
      1.2617924808631388e-21,
      0.4513785576371768,
      0.5456056335768819
    ],
    [
      6.942718130737787e-26,
      4.555841337048151e-20,
      1.6283108671616832e-07,
      6.402037067111796e-31,
      0.04580207534782567,
      0.9541977618210872
    ],
    [
      8.601665527033714e-10,
      5.729914881086474e-12,
      3.5522152393573466e-06,
      4.211459784806964e-22,
      0.16137977386373192,
      0.8386166730551325
    ],
    [
      2.7122107693183718e-06,
      9.80189616372871e-21,
      1.411016596315587e-13,
      2.4961809497047215e-30,
      0.5124435346308418,
      0.4875537531582476
    ],
    [
      0.002847970330363931,
      3.7475842926703536e-25,
      1.1271240044692427e-18,
      8.913430474061889e-32,
      0.6812327153394724,
      0.3159193143301638
    ],
    [
      8.400013309902599e-06,
      4.858072993716483e-19,
      8.846913892083682e-13,
      4.84900514649809e-28,
      0.5496541918465165,
      0.45033740813928896
    ],
    [
      7.5637730926472125e-06,
      1.3280832142427287e-29,
      4.90179449048895e-19,
      2.532821577729128e-40,
      0.08415059570353649,
      0.915841840523371
    ],
    [
      1.990850050286922e-09,
      9.361804387613822e-14,
      1.6299758891756276e-07,
      4.6729800161851275e-24,
      0.25324797440814645,
      0.7467518606033212
    ],
    [
      2.2123940668652437e-17,
      2.9961613792372456e-13,
      7.89377498027988e-05,
      3.3397683588646e-24,
      0.07134446408867386,
      0.928576598161224
    ],
    [
      1.5756974176546702e-10,
      1.6981759316312292e-09,
      0.0002930290838016836,
      2.2954223668816866e-19,
      0.05735975463685091,
      0.9423472144236015
    ],
    [
      0.013041243440537264,
      1.560226384152578e-25,
      1.0604333198045712e-19,
      7.787892597304039e-31,
      0.7450883644689283,
      0.24187039209053418
    ],
    [
      3.1910448640626466e-17,
      1.2497061685993475e-19,
      7.280804686104158e-09,
      7.239407133628951e-32,
      0.1254463538085727,
      0.8745536389106225
    ],
    [
      4.140174888021515e-09,
      1.6909661082187357e-17,
      4.127489669819121e-10,
      3.1448891191869336e-28,
      0.37264303853226893,
      0.6273569569148074
    ],
    [
      0.09350440875582229,
      2.443682643205285e-22,
      1.7425102189302458e-18,
      9.418790032552501e-26,
      0.7119644528044952,
      0.19453113843968237
    ],
    [
      6.954733784697915e-07,
      5.121742777605932e-25,
      8.694297415327383e-16,
      9.977969328313346e-36,
      0.27021142135543547,
      0.7297878831711857
    ],
    [
      5.72065919398335e-12,
      2.526789512205112e-10,
      0.00023386704240680625,
      1.402108067700737e-20,
      0.06753449136353988,
      0.9322316413356534
    ],
    [
      8.116822416586055e-13,
      1.2430185415212345e-16,
      3.320219077837917e-08,
      3.6400773990842945e-28,
      0.2304054720462672,
      0.7695944947507302
    ],
    [
      1.4222240729065154e-05,
      1.0978502872112485e-23,
      7.905613355971676e-16,
      4.1496320230188895e-33,
      0.47226506218556225,
      0.5277207155737078
    ],
    [
      1.055968896923176e-20,
      4.342997892482379e-24,
      7.775476935847183e-11,
      9.487579357035333e-37,
      0.04213740186569677,
      0.957862598056548
    ],
    [
      0.00017596024200891734,
      4.532110335371966e-20,
      2.4436196406604752e-14,
      6.644725355946343e-28,
      0.6323069039619157,
      0.367517135796051
    ],
    [
      3.0821156527900167e-13,
      2.8521542464105273e-23,
      3.734082434303421e-12,
      5.878013242800005e-36,
      0.11190852589514426,
      0.8880914741008131
    ],
    [
      1.3413149042911837e-06,
      4.491322472040006e-19,
      2.423983983076833e-12,
      1.11434253861933e-28,
      0.5056227183704891,
      0.4943759403121825
    ],
    [
      0.014202137468446048,
      2.2917227182218436e-17,
      8.754938934780894e-14,
      7.303337446231735e-23,
      0.5826142452620882,
      0.4031836172693783
    ],
    [
      3.355220565607973e-18,
      9.964659688762958e-26,
      2.423377227137351e-12,
      6.766210155934751e-39,
      0.030249492120336858,
      0.9697505078772397
    ],
    [
      1.0085634094877448e-09,
      9.318884187854287e-24,
      1.0861723152651994e-13,
      1.0737518838466627e-35,
      0.1834521424520857,
      0.8165478565392421
    ],
    [
      5.047783139277075e-13,
      2.0972393806629096e-15,
      2.3356032369400966e-07,
      9.520692821298363e-27,
      0.2053901591660334,
      0.7946096072731361
    ],
    [
      1.6376789616389893e-13,
      3.571548046692614e-26,
      8.218119002189456e-14,
      2.5115885822163874e-39,
      0.04239226768354588,
      0.9576077323162085
    ],
    [
      5.607100773668204e-10,
      1.4196668680708395e-26,
      2.9412397063880754e-15,
      4.9225522178048315e-39,
      0.07156137563109785,
      0.9284386238081895
    ],
    [
      0.25274372836144954,
      1.7453074596963274e-41,
      8.125265400030589e-36,
      1.6663983880411117e-35,
      0.677151447057144,
      0.07010482458140622
    ],
    [
      9.454836333742322e-11,
      3.455526502204724e-17,
      2.9081003666084665e-09,
      2.085118146442963e-28,
      0.3039033972762003,
      0.6960965997211509
    ],
    [
      1.824508211976749e-09,
      1.8482708243084014e-09,
      0.00013544430480863536,
      4.375498064561454e-19,
      0.06432925898394183,
      0.9355352930384705
    ],
    [
      1.528373509267646e-08,
      6.893140230389865e-21,
      1.7327613751542895e-12,
      7.014455547135959e-32,
      0.3617838216528053,
      0.6382161630617268
    ],
    [
      6.638750490522207e-26,
      9.624212970582507e-19,
      1.0679237146742111e-06,
      2.659792855744359e-29,
      0.04283760498249333,
      0.957161327093792
    ],
    [
      0.00015684481055374102,
      5.40338205113606e-19,
      1.449524175241501e-13,
      8.159380627907248e-27,
      0.6125092449369669,
      0.3873339102523345
    ],
    [
      3.0532247510146936e-19,
      9.150468393214621e-21,
      4.149660746299165e-09,
      4.760621054878872e-33,
      0.0897403968012817,
      0.9102595990490575
    ],
    [
      1.887960699204878e-06,
      1.311991166020046e-22,
      1.2550694103821681e-14,
      1.332923455617344e-32,
      0.4421791198708344,
      0.5578189921684539
    ],
    [
      3.9895400592507204e-11,
      2.366643409370544e-23,
      6.584229871963408e-13,
      1.1817068028913995e-35,
      0.15447797725466547,
      0.8455220227047807
    ],
    [
      3.3539623741905346e-05,
      2.5996540851023325e-19,
      2.459338814075914e-13,
      8.15755928722703e-28,
      0.58494310163953,
      0.4150233587364821
    ],
    [
      3.118236451300571e-06,
      9.196634942176266e-13,
      3.3909705671227665e-08,
      1.6053820155873547e-21,
      0.2664253499447308,
      0.7335714979081925
    ],
    [
      8.315423365747229e-13,
      9.748790644466413e-20,
      3.799823630830966e-10,
      8.530728037263051e-32,
      0.21542842638754042,
      0.7845715732316455
    ],
    [
      4.233058799601377e-10,
      1.3296112348796516e-17,
      8.954828421957923e-10,
      1.0649006325120842e-28,
      0.33160591968278585,
      0.6683940789984252
    ],
    [
      0.04050911701753271,
      2.927985752971719e-23,
      9.462747306865474e-19,
      2.0840675905091853e-27,
      0.7591977515121189,
      0.20029313147034866
    ],
    [
      3.831948424077364e-07,
      1.0813701114520865e-15,
      8.335903516509476e-10,
      2.9513080540002054e-25,
      0.40774708808505555,
      0.5922525278865106
    ],
    [
      5.4899512257305804e-09,
      5.57937754551399e-21,
      2.426454096180017e-12,
      3.462558458871887e-32,
      0.3341376058784016,
      0.6658623886292208
    ],
    [
      5.456339822658518e-32,
      2.220742550637483e-24,
      2.1875237527404703e-09,
      3.794311694601602e-34,
      0.020860280172292564,
      0.9791397176401841
    ],
    [
      2.408083076217352e-12,
      3.9490373861119205e-18,
      2.6630370569680188e-09,
      7.58190460551811e-30,
      0.2491800158668624,
      0.7508199814676925
    ],
    [
      0.2435916048046331,
      1.2254261246449319e-29,
      4.806208155327898e-25,
      4.583340171056754e-30,
      0.6667411524784324,
      0.08966724271693484
    ],
    [
      1.3541380281802666e-10,
      2.61775034924929e-31,
      8.03016362139268e-18,
      1.2514841408153686e-44,
      0.0059524486484386525,
      0.9940475512161473
    ],
    [
      9.82295895945274e-09,
      1.4863398580668445e-20,
      3.3962349251789166e-12,
      1.388858251725643e-31,
      0.3609053601550447,
      0.6390946300186001
    ],
    [
      3.6437796196025004e-09,
      2.824032953326589e-13,
      2.714821643314922e-07,
      2.0225506066690827e-23,
      0.2375520068784225,
      0.7624477179953515
    ],
    [
      4.939317684806067e-22,
      1.5423133220031782e-23,
      2.9581263447736386e-10,
      6.686427284406289e-36,
      0.044061031704820036,
      0.9559389679993671
    ],
    [
      2.945268915686815e-17,
      1.3185466536876241e-14,
      1.0154572145673317e-05,
      7.247639010392658e-26,
      0.0993025136396441,
      0.9006873317881972
    ],
    [
      2.5994442778351613e-24,
      2.3322180058924326e-14,
      0.00032000075572775926,
      2.7615398601783455e-24,
      0.022949890294359888,
      0.9767301089498895
    ],
    [
      1.1578137643508082e-15,
      7.936916115990727e-30,
      2.1039740719364573e-15,
      1.2952732250416585e-43,
      0.0060357241814344,
      0.9939642758185624
    ],
    [
      0.0013180931300839681,
      1.1223823433552726e-19,
      1.012159657843291e-14,
      1.8981923721338346e-26,
      0.6660853425711294,
      0.3325965642987765
    ],
    [
      9.471030952884804e-11,
      3.3312641867960906e-16,
      1.24412743185257e-08,
      2.8857654272454553e-27,
      0.2911508304514421,
      0.7088491570125729
    ],
    [
      0.058761905514915495,
      1.1288874899093336e-26,
      1.9938376735822685e-21,
      3.0472156046694206e-30,
      0.7674606990893849,
      0.17377739539569984
    ],
    [
      0.001215054507356667,
      4.679853117713454e-25,
      3.153761512714256e-18,
      2.6262209891371915e-32,
      0.6373619333236052,
      0.3614230121690382
    ],
    [
      0.00039743321902446934,
      1.763170868394401e-29,
      3.379797367851299e-20,
      2.120443445032615e-38,
      0.22574775183816306,
      0.773854814942812
    ],
    [
      9.176645371468331e-05,
      1.0025736344164194e-19,
      6.615451520987848e-14,
      7.780927377664392e-28,
      0.6131860068387459,
      0.3867222267074733
    ],
    [
      2.8392653109029493e-17,
      3.4701944241809533e-13,
      8.188987425024686e-05,
      3.917077293947492e-24,
      0.07151679948040289,
      0.9284013106449998
    ],
    [
      2.82628421619384e-12,
      5.5030667445985775e-25,
      1.732345426635395e-13,
      8.746760000161457e-38,
      0.07916928815263995,
      0.9208307118443603
    ],
    [
      0.07508836172178344,
      1.0519785121673638e-27,
      2.6024584073206547e-22,
      6.253476273607271e-31,
      0.7579382352572595,
      0.16697340302095687
    ],
    [
      1.4626653911454013e-12,
      2.611777955195411e-22,
      8.657022176190864e-12,
      9.567668121532591e-35,
      0.15394998622419814,
      0.8460500137656819
    ],
    [
      0.060104158847866025,
      1.2006646447763945e-17,
      1.6300427822865893e-14,
      3.4269134001467375e-22,
      0.5622746774682191,
      0.3776211636838989
    ],
    [
      5.3739538623474455e-15,
      5.634734272668994e-20,
      1.2076334981886583e-09,
      2.8084759671863056e-32,
      0.15873216382383154,
      0.8412678349685299
    ],
    [
      2.0767806854539582e-12,
      3.62545851839872e-20,
      1.5393279703956804e-10,
      3.1204715096554597e-32,
      0.21818857825351853,
      0.7818114215904716
    ],
    [
      1.6115955070882593e-05,
      6.985644839775948e-22,
      8.82869663351425e-15,
      5.643042154230041e-31,
      0.5471267385284744,
      0.452857145516446
    ],
    [
      2.443727924881321e-12,
      4.372181109851147e-15,
      2.2873706418130265e-07,
      2.7880023706727624e-26,
      0.21696983985409452,
      0.7830299314063931
    ],
    [
      8.970955598287063e-32,
      1.0103449132547963e-25,
      3.1750499905937635e-10,
      7.9930720721115e-36,
      0.017776342391440318,
      0.9822236572910544
    ],
    [
      0.004124883066698666,
      9.515069924273011e-27,
      8.799395928635534e-20,
      2.40070323371891e-33,
      0.6371219286736902,
      0.35875318825961156
    ],
    [
      0.0005108099069642212,
      4.9454625688084726e-26,
      2.03939040299345e-18,
      4.731245174275642e-34,
      0.5299791613559135,
      0.4695100287371223
    ],
    [
      1.3065665206251035e-21,
      5.206983993430288e-16,
      1.050155465390447e-05,
      5.4957293128317754e-27,
      0.06094735723461132,
      0.9390421412107344
    ],
    [
      8.103623391280828e-20,
      2.6628002270409004e-21,
      2.568967921817886e-09,
      1.2980622687229569e-33,
      0.07908120538700325,
      0.9209187920440289
    ],
    [
      2.9251560768603808e-18,
      1.294316442765541e-28,
      4.581279535000626e-14,
      3.5345023171467136e-42,
      0.009177696440899247,
      0.9908223035590548
    ],
    [
      7.21598574389758e-08,
      1.1893088179407194e-15,
      1.936790185582747e-09,
      1.377929946319825e-25,
      0.3807010555693766,
      0.6192988703339746
    ],
    [
      0.0006708810111610881,
      6.462103746826127e-18,
      3.107682459732045e-13,
      5.046618821183574e-25,
      0.6015392448791981,
      0.39778987410933003
    ],
    [
      1.2572745677424355e-09,
      1.6611477375481214e-20,
      8.903136872179708e-12,
      6.80976757914733e-32,
      0.3162111344996114,
      0.6837888642342107
    ],
    [
      1.0160566043946842e-12,
      1.566837964174788e-22,
      7.156865058098814e-12,
      4.993947625700717e-35,
      0.14355565583158483,
      0.8564443441602423
    ],
    [
      2.1521712515548312e-10,
      6.307673887573526e-26,
      1.0316613518242888e-14,
      2.0241099597905804e-38,
      0.0826911988036881,
      0.9173088009810848
    ],
    [
      6.652460033270006e-08,
      2.6201238074123905e-33,
      4.3133487885997996e-20,
      6.3854047010151966e-46,
      0.004097579036025833,
      0.9959023544393735
    ],
    [
      1.6203065168298916e-15,
      1.3780666131691692e-14,
      3.914740685510433e-06,
      6.571099281539984e-26,
      0.13007512451766787,
      0.869920960741631
    ],
    [
      0.0013217882402737939,
      3.761794770600352e-25,
      2.54737640640459e-18,
      2.337935313169732e-32,
      0.6383501013698764,
      0.36032811038984985
    ],
    [
      1.4922906035732026e-08,
      1.236840868292923e-22,
      1.5557777930908265e-13,
      6.579392323300675e-34,
      0.2914305630944908,
      0.7085694219824478
    ],
    [
      2.1678761566946492e-14,
      3.7369392619868226e-18,
      1.088552492945245e-08,
      4.144673741461303e-30,
      0.19158201409878475,
      0.8084179750156688
    ],
    [
      0.0019034266366763006,
      2.196440668887298e-14,
      6.868550842451108e-11,
      4.6914983043575226e-21,
      0.39383126451870815,
      0.6042653087759077
    ],
    [
      5.445572564707023e-07,
      5.601751207137661e-24,
      4.013258980201208e-15,
      1.3847851819950381e-34,
      0.3252495527485589,
      0.6747499026941806
    ],
    [
      3.159736901370873e-11,
      1.1658108434754063e-12,
      3.8466480118189965e-06,
      3.0640217555835906e-23,
      0.16288285036404912,
      0.8371133029551759
    ],
    [
      1.0016978092317856e-11,
      2.118253159252249e-20,
      6.504023381428947e-11,
      2.2597805569071652e-32,
      0.23422858527895843,
      0.7657714146459847
    ],
    [
      0.00020029855455296663,
      1.6408285682959247e-22,
      5.627531580055361e-16,
      1.6450603553530205e-30,
      0.6274994896794391,
      0.3723002117660074
    ],
    [
      5.933713882692848e-10,
      2.9011159232963256e-13,
      5.478877387175351e-07,
      1.1973566809140419e-23,
      0.21768464782324506,
      0.7823148036953547
    ],
    [
      1.9031928309864788e-13,
      3.352639588544908e-21,
      7.701960012983785e-11,
      1.387439945428756e-33,
      0.16547493639963953,
      0.8345250635231507
    ],
    [
      2.44760982248411e-21,
      7.107159503122083e-25,
      3.423315441368211e-11,
      1.4488439963813305e-37,
      0.03268081235300195,
      0.9673191876127653
    ],
    [
      0.07370285512660883,
      1.682790013530265e-20,
      6.741166927894405e-17,
      1.912882631284368e-24,
      0.6778040571098439,
      0.24849308776354734
    ],
    [
      5.637264123327416e-15,
      4.919722259051217e-21,
      2.6892712928474277e-10,
      1.6332545807560144e-33,
      0.13926152429084865,
      0.8607384754402186
    ],
    [
      3.739565967568171e-14,
      2.7720442238219495e-39,
      2.2605623519567305e-21,
      4.3085978003225827e-54,
      1.0680945957098729e-05,
      0.999989319054005
    ],
    [
      1.3144496720491995e-15,
      3.272854377694688e-24,
      4.749202012615101e-12,
      3.243401813519652e-37,
      0.06337820133599685,
      0.9366217986592523
    ],
    [
      9.284267120773756e-20,
      1.840871862913289e-22,
      4.912479632974437e-10,
      5.595931251889892e-35,
      0.06555981541256904,
      0.934440184096183
    ],
    [
      6.870579191246564e-08,
      4.282397294169042e-23,
      3.965624894934985e-14,
      4.190528102596954e-34,
      0.3093142791323855,
      0.6906856521617831
    ],
    [
      7.352817131241627e-05,
      4.4241554682234466e-20,
      4.454978984046934e-14,
      2.558408158847909e-28,
      0.6108199839928455,
      0.38910648783579743
    ],
    [
      1.1795940520773503e-06,
      2.2504644354751222e-20,
      3.8559541599245017e-13,
      3.465890837408251e-30,
      0.4936389181881072,
      0.5063599022174553
    ],
    [
      2.1050487693356246e-37,
      3.3636930437123867e-18,
      3.863332291635438e-05,
      5.435221425546028e-24,
      0.0022421155121835445,
      0.9977192511649006
    ],
    [
      1.4380005190425686e-15,
      2.934778846299857e-11,
      0.0005551210735195207,
      7.286360575135074e-22,
      0.05196669900826022,
      0.9474781798888714
    ],
    [
      8.310097906674033e-07,
      3.25496825567706e-25,
      6.047188570096432e-16,
      6.636751067302403e-36,
      0.26376761161797346,
      0.7362315573722357
    ],
    [
      4.675689951705278e-10,
      1.4761373939024707e-13,
      3.8063431941705275e-07,
      5.1286681863087204e-24,
      0.22794818660991792,
      0.772051432288046
    ],
    [
      2.3480486282260877e-05,
      3.475609383594375e-24,
      2.842090427324018e-16,
      1.7591719684790756e-33,
      0.46839849296462654,
      0.5315780265490908
    ],
    [
      3.096646682742851e-05,
      4.883675330644673e-22,
      4.513057694449175e-15,
      7.076808259969188e-31,
      0.567201062891643,
      0.43276797064152517
    ],
    [
      3.3202394151061547e-10,
      1.4361938224299319e-15,
      2.0210072947672743e-08,
      2.202689918674276e-26,
      0.2955604755316215,
      0.7044395039262801
    ],
    [
      4.5896189002949715e-36,
      1.7604247979328219e-28,
      1.7227244911285614e-11,
      1.8766286553645455e-37,
      0.009526456539886685,
      0.9904735434428862
    ],
    [
      0.2710956462712484,
      1.0043384233391336e-31,
      7.814681248094503e-27,
      2.307447742862813e-31,
      0.6470133183054684,
      0.08189103542328349
    ],
    [
      1.1862041148741308e-05,
      8.748934267068336e-25,
      2.0611753531603066e-16,
      1.7971266148151999e-34,
      0.3989701211589174,
      0.6010180167999337
    ],
    [
      8.299247353242144e-05,
      9.256341209488307e-21,
      1.4567414831302423e-14,
      5.259026502001046e-29,
      0.6156443933963304,
      0.3842726141301225
    ],
    [
      6.366054726162714e-15,
      8.806016427823974e-23,
      2.270579377196229e-11,
      1.5366681760681967e-35,
      0.10043212192342633,
      0.8995678780538616
    ],
    [
      0.007055372063137103,
      4.1603582018424956e-22,
      4.351268807261211e-17,
      8.362194540884516e-28,
      0.7355852638190885,
      0.25735936411777466
    ],
    [
      2.2885716398832797e-06,
      7.838648341851834e-17,
      5.642378713988779e-11,
      4.902684908981134e-26,
      0.4776757582485049,
      0.5223219531234317
    ],
    [
      2.7466579616609436e-30,
      9.39662192507835e-25,
      8.420752567808141e-10,
      3.457787713934542e-35,
      0.022205172942430084,
      0.9777948262154946
    ],
    [
      0.008236474479582803,
      1.839701389299012e-28,
      4.3601205097039024e-21,
      8.194885695438166e-35,
      0.5826411202433628,
      0.4091224052770542
    ],
    [
      8.818331464911367e-36,
      2.4324036790271717e-30,
      1.2175838148042432e-12,
      9.69714989392537e-40,
      0.005985988064984207,
      0.9940140119337982
    ],
    [
      0.0829375066146996,
      8.54682706571224e-24,
      1.467587375407964e-19,
      4.075185015507188e-27,
      0.7439009311316707,
      0.17316156225363008
    ],
    [
      4.8963671757582964e-23,
      6.189756812967979e-17,
      4.967822346934299e-06,
      8.07870131005074e-28,
      0.05512290798547138,
      0.9448721241921815
    ],
    [
      2.6315002029239144e-14,
      2.748558141069319e-22,
      3.036517013010855e-11,
      6.282964568640599e-35,
      0.12110937969566084,
      0.8788906202739478
    ],
    [
      0.00037144111774585134,
      9.870075412875186e-22,
      1.079697076635756e-15,
      2.594371464878637e-29,
      0.6576942959661402,
      0.3419342629161128
    ],
    [
      0.055358585424617364,
      2.5286479927245605e-41,
      2.0610944415304118e-39,
      5.1195345488833323e-26,
      0.911216907274048,
      0.033424507301334345
    ],
    [
      2.025732452234077e-07,
      2.319843545149728e-13,
      4.504403473713143e-08,
      8.245138808677534e-23,
      0.282840109795701,
      0.7171596425867877
    ],
    [
      2.0583858348579136e-27,
      2.202399954002731e-15,
      0.00020481434980697011,
      1.2597366408512813e-24,
      0.015107150620985173,
      0.9846880350292054
    ],
    [
      5.832514266694125e-07,
      1.899439512163808e-20,
      5.137065223277958e-13,
      1.7607839907480345e-30,
      0.47207361187025765,
      0.527925804877802
    ],
    [
      8.538521624212227e-25,
      2.1931004501272707e-14,
      0.0003650428286247422,
      3.506203321236533e-24,
      0.020555087455724437,
      0.9790798697156288
    ],
    [
      4.343870112571468e-22,
      5.972024966391812e-20,
      4.6747816153795564e-08,
      1.1600900228818483e-31,
      0.07116999561925405,
      0.9288299576329296
    ],
    [
      0.0005324040239930308,
      1.6028876371547545e-24,
      1.4429183394018985e-17,
      3.088559743773914e-32,
      0.6133259535562288,
      0.38614164241977794
    ],
    [
      1.4737278277021396e-11,
      1.1598025024666864e-15,
      5.3633469541375915e-08,
      8.064985226296826e-27,
      0.25355387201527907,
      0.7464460743365131
    ],
    [
      1.4601434010364653e-10,
      8.482547492122565e-17,
      4.396152724306157e-09,
      6.63433213085834e-28,
      0.3070555064757852,
      0.6929444889820476
    ],
    [
      3.0060567734737804e-11,
      8.264134434315319e-22,
      6.155675203468017e-12,
      6.736285902528667e-34,
      0.20714183359785143,
      0.7928581663659321
    ],
    [
      6.468300859958861e-27,
      5.456034435755578e-16,
      7.416458580928958e-05,
      1.4508197119042074e-25,
      0.020933557611142913,
      0.9789922778030473
    ],
    [
      2.084786278935723e-34,
      2.1646607668318836e-16,
      0.0002811536512901474,
      4.6700167468254337e-23,
      0.002600602302883442,
      0.9971182440458264
    ],
    [
      4.399136621381414e-09,
      7.421091586830114e-22,
      7.906372786216325e-13,
      3.0459144221172357e-33,
      0.2965596489041166,
      0.7034403466959561
    ],
    [
      2.7661820354175694e-12,
      1.6137288789464558e-15,
      1.1558151566133815e-07,
      8.814883677379371e-27,
      0.228516602749149,
      0.7714832816665677
    ],
    [
      2.6166416192029994e-08,
      8.601448430926811e-17,
      5.322280960791478e-10,
      4.410283621018608e-27,
      0.3965181998834415,
      0.6034817734179143
    ],
    [
      4.392393997700979e-06,
      1.8037178706595564e-24,
      6.002657852888093e-16,
      1.7578823366935333e-34,
      0.37484879920672637,
      0.6251468083992754
    ],
    [
      5.978693155347897e-13,
      3.5142875659306514e-15,
      3.0892688103372066e-07,
      1.7852134321679777e-26,
      0.20249530686819495,
      0.7975043842043225
    ],
    [
      4.692640533204236e-19,
      1.2731601493899337e-20,
      4.636966134456392e-09,
      6.714760755598489e-33,
      0.09302896436388798,
      0.9069710309991458
    ],
    [
      3.771633285734998e-18,
      5.041209660181549e-22,
      4.110870964197353e-10,
      1.27934725496889e-34,
      0.08268343004401531,
      0.9173165695448974
    ],
    [
      0.00021775343108675538,
      8.077576719687903e-19,
      1.5311733810770829e-13,
      1.757699275150258e-26,
      0.6144722512698448,
      0.38530999529891524
    ],
    [
      2.0019326115241804e-17,
      8.364197855670696e-22,
      3.817254386138398e-10,
      2.095159821431692e-34,
      0.09264919882980126,
      0.907350800788473
    ],
    [
      5.081039621775264e-10,
      2.497649362590774e-19,
      6.845256866688922e-11,
      1.142345737670122e-30,
      0.3244115270687756,
      0.6755884723546679
    ],
    [
      3.0572442410756354e-23,
      1.6159472590901847e-17,
      2.33925952647423e-06,
      1.7373428227869038e-28,
      0.05726139108453291,
      0.9427362696559403
    ],
    [
      4.477693515217542e-15,
      1.3806688565702483e-17,
      3.811678264626189e-08,
      1.7932823879630988e-29,
      0.17627898865373773,
      0.8237209732294751
    ],
    [
      1.3627322893088645e-08,
      1.5700809726252696e-24,
      1.2245620246282122e-14,
      3.9642378306848124e-36,
      0.19473404480357911,
      0.8052659415690857
    ],
    [
      2.566675523811853e-18,
      5.68274027503676e-23,
      1.1905983508032372e-10,
      1.0378883130794868e-35,
      0.0668762125630813,
      0.9331237873178587
    ],
    [
      6.946233493923846e-24,
      1.526312481749808e-20,
      4.100733699437935e-08,
      5.384940408439176e-32,
      0.05694084280242775,
      0.9430591161902356
    ],
    [
      1.999829289125813e-16,
      3.160498078675907e-17,
      1.4337922184726724e-07,
      4.7419015575177115e-29,
      0.14691213124685723,
      0.8530877253739209
    ],
    [
      6.172382996422972e-13,
      7.584073310567382e-18,
      6.209897547732161e-09,
      1.3226952381040357e-29,
      0.23185550609001265,
      0.7681444876994725
    ],
    [
      4.2418971386884154e-11,
      1.7009075476937876e-21,
      8.396666101069355e-12,
      1.695984895356851e-33,
      0.22301084506065086,
      0.7769891548885335
    ],
    [
      0.00016141146692080427,
      8.127663332554297e-32,
      3.441995635012321e-21,
      1.1390853834337585e-41,
      0.06262086270771507,
      0.937217725825364
    ],
    [
      0.005459630526472801,
      1.1385443185091202e-16,
      6.130156071832283e-13,
      9.480508000875795e-23,
      0.5482580445990896,
      0.4462823248738251
    ],
    [
      3.158343906557381e-22,
      8.606349055690541e-24,
      2.2478452228227118e-10,
      3.667000030256636e-36,
      0.04109939256488733,
      0.9589006072103282
    ],
    [
      4.098204224122565e-16,
      1.0382548069040613e-21,
      2.08568948979255e-10,
      2.513035823074736e-34,
      0.10874478523620276,
      0.8912552145552279
    ],
    [
      1.465225885269828e-09,
      1.6866081806461263e-14,
      5.831238385530981e-08,
      5.914397122155671e-25,
      0.2808825781303671,
      0.7191173620920063
    ],
    [
      0.9999999039009071,
      4.70214576998784e-17,
      8.694173361595067e-22,
      1.214631983361941e-08,
      8.745897147685047e-14,
      8.395268533286626e-08
    ],
    [
      0.9986712165605129,
      3.799762380444426e-20,
      7.820387716897437e-21,
      1.4838199264916494e-16,
      0.00015203206216091438,
      0.0011767513773256993
    ],
    [
      0.9984289651975046,
      3.344799945521048e-14,
      4.704837144068567e-22,
      0.001571034802295879,
      3.8926615838614477e-28,
      1.6618323940219369e-13
    ],
    [
      0.9999954952861831,
      4.136761314043792e-18,
      1.970611006290671e-21,
      2.801541775863912e-11,
      9.796353655221694e-10,
      4.503706166189241e-06
    ],
    [
      0.99649522179022,
      5.476947546698858e-12,
      1.2829252244523617e-19,
      0.0035047782039697314,
      6.547347767011444e-28,
      3.331368019357841e-13
    ],
    [
      0.999999285960863,
      4.544384204406458e-17,
      4.5441487645987124e-21,
      7.412083390011624e-10,
      1.179125925219872e-11,
      7.132861375805652e-07
    ],
    [
      0.999900905724474,
      3.74265204095704e-12,
      1.3285420485882221e-18,
      9.909417302853185e-05,
      1.0680374193654234e-21,
      9.875470680234312e-11
    ],
    [
      0.9797667142567577,
      9.711241492736546e-20,
      9.08980075848855e-30,
      0.020233285743242922,
      4.730582206360014e-41,
      9.679616501574618e-19
    ],
    [
      0.9993062926651813,
      9.434783322879803e-14,
      3.246698944528804e-21,
      0.0006937073336052732,
      3.9110553787551977e-26,
      1.1192983492990038e-12
    ],
    [
      0.9999595584723411,
      1.0628028940780099e-09,
      1.377751266593193e-12,
      9.060999010254241e-09,
      7.409536357320202e-10,
      4.043066152573973e-05
    ],
    [
      0.9995344762744605,
      2.625549693552943e-19,
      1.536413531866896e-20,
      2.6150150549412446e-15,
      1.8851424808447723e-05,
      0.00044667230072844194
    ],
    [
      0.9999999339956256,
      5.054700367203313e-18,
      3.193674510995901e-23,
      4.3533582565917274e-08,
      4.892330469192051e-15,
      2.2470787133572058e-08
    ],
    [
      0.9999998790818412,
      3.439167330321466e-15,
      3.653602967921994e-20,
      8.789656263000275e-08,
      5.246042186144287e-15,
      3.3021587516161947e-08
    ],
    [
      0.9999985268681282,
      1.056105488252978e-18,
      1.752146387822587e-22,
      1.2640558931688481e-10,
      9.486060775181569e-11,
      1.4729106056695517e-06
    ],
    [
      0.9995578386051394,
      1.4050008972290886e-10,
      1.4754145108132255e-12,
      1.657777051336177e-10,
      1.5734953701989903e-07,
      0.00044200373757050766
    ],
    [
      0.9999989401449051,
      3.232005168997509e-12,
      2.842652891169128e-17,
      1.03645043977316e-06,
      4.885386943704607e-16,
      2.340142252886685e-08
    ],
    [
      0.9999180291946178,
      4.241867782064149e-19,
      3.606789453513401e-21,
      9.439212493330342e-14,
      6.140365949007742e-07,
      8.135676869313043e-05
    ],
    [
      0.9999990929877788,
      6.22811961627403e-15,
      7.80861662865808e-19,
      2.141802943348432e-09,
      8.41916814057126e-12,
      9.048619925207676e-07
    ],
    [
      0.9999998867735258,
      1.6192709863465246e-17,
      3.415510449898117e-22,
      7.676046771569515e-09,
      1.6840676279164429e-13,
      1.0555025904019972e-07
    ],
    [
      0.9999996900941858,
      2.909491786926099e-12,
      9.164056650601017e-17,
      1.5290137736244976e-07,
      3.804186023441088e-14,
      1.5700148936654315e-07
    ],
    [
      0.6874216807417561,
      2.812720413544728e-20,
      3.390426074993714e-18,
      1.726958977312422e-21,
      0.20493558375178653,
      0.10764273550645734
    ],
    [
      0.3151054777809507,
      1.4937478426053555e-35,
      2.070922822761704e-30,
      5.296957878303458e-33,
      0.6181728973396021,
      0.06672162487944745
    ],
    [
      0.999209666960439,
      4.515053353551698e-18,
      4.156915050357479e-19,
      3.0857758211906106e-15,
      3.16558611977392e-05,
      0.0007586771783602965
    ],
    [
      0.3192031049248712,
      3.3640005791754784e-36,
      7.2717903600447775e-31,
      1.3753529767803287e-33,
      0.6101660638046731,
      0.07063083127045605
    ],
    [
      0.9987107232980561,
      2.6175423489430198e-15,
      2.6788651834153046e-23,
      0.001289276701834525,
      1.9523283078474983e-28,
      1.0668864817865625e-13
    ],
    [
      0.971239151474887,
      1.5212423966292588e-19,
      5.366899942924175e-31,
      0.02876084852511331,
      4.8848950457044215e-58,
      3.641368214657963e-25
    ],
    [
      0.9982707822060902,
      2.4888381994209723e-12,
      8.598101852745767e-20,
      0.0017292177905631077,
      9.015955391066482e-27,
      8.579091879161205e-13
    ],
    [
      0.9998214633549638,
      2.435235267572982e-08,
      6.989092581116351e-11,
      1.556197176032801e-08,
      4.305871764288969e-09,
      0.00017849235494936375
    ],
    [
      0.9992311619089373,
      1.19228834451598e-21,
      1.3438890673982552e-22,
      1.630437263515719e-16,
      8.576595541027892e-05,
      0.00068307213565242
    ],
    [
      0.9899069883985848,
      4.469025568965982e-11,
      7.554240374369803e-19,
      0.010093011556595945,
      2.991657588602899e-29,
      1.2928319215195782e-13
    ],
    [
      0.24814910555444167,
      2.503258381155865e-07,
      1.0365953128346801e-15,
      0.7518506441197185,
      1.727282065147215e-37,
      2.8271733924130003e-16
    ],
    [
