{
  "dataset": "aniso",
  "algorithm": "gmm",
  "params": {
    "n_components": 4,
    "covariance_type": "full"
  },
  "labels": [
    2,
    2,
    2,
    2,
    2,
    2,
    2,
    0,
    2,
    2,
    2,
    2,
    2,
    2,
    2,
    0,
    2,
    2,
    2,
    2,
    2,
    2,
    2,
    2,
    2,
    2,
    2,
    2,
    2,
    2,
    2,
    2,
    2,
    2,
    2,
    2,
    2,
    0,
    2,
    2,
    2,
    2,
    2,
    2,
    2,
    2,
    2,
    2,
    2,
    2,
    2,
    2,
    2,
    2,
    2,
    0,
    0,
    2,
    2,
    2,
    2,
    2,
    2,
    2,
    2,
    2,
    2,
    0,
    2,
    2,
    2,
    2,
    2,
    2,
    2,
    2,
    2,
    2,
    2,
    2,
    2,
    2,
    2,
    2,
    2,
    2,
    2,
    2,
    2,
    0,
    2,
    2,
    2,
    2,
    2,
    2,
    2,
    2,
    2,
    2,
    2,
    2,
    2,
    2,
    0,
    2,
    2,
    2,
    2,
    2,
    1,
    2,
    2,
    2,
    2,
    2,
    2,
    2,
    0,
    2,
    2,
    2,
    2,
    2,
    2,
    2,
    2,
    2,
    2,
    2,
    2,
    0,
    2,
    2,
    2,
    2,
    2,
    2,
    2,
    2,
    2,
    2,
    1,
    2,
    2,
    2,
    2,
    2,
    2,
    2,
    2,
    2,
    2,
    2,
    2,
    2,
    2,
    2,
    2,
    2,
    2,
    0,
    2,
    2,
    2,
    2,
    3,
    3,
    3,
    3,
    3,
    3,
    3,
    3,
    3,
    3,
    3,
    3,
    3,
    3,
    3,
    3,
    3,
    3,
    3,
    3,
    3,
    0,
    3,
    0,
    3,
    3,
    3,
    3,
    3,
    3,
    3,
    3,
    3,
    3,
    3,
    3,
    3,
    3,
    3,
    3,
    3,
    3,
    3,
    3,
    2,
    3,
    3,
    3,
    3,
    3,
    3,
    3,
    3,
    3,
    3,
    3,
    3,
    3,
    3,
    3,
    3,
    3,
    3,
    3,
    0,
    3,
    3,
    3,
    3,
    3,
    3,
    3,
    3,
    0,
    3,
    3,
    3,
    3,
    0,
    3,
    3,
    3,
    3,
    3,
    3,
    3,
    3,
    3,
    3,
    3,
    3,
    3,
    3,
    3,
    3,
    3,
    3,
    3,
    3,
    3,
    3,
    3,
    3,
    3,
    3,
    3,
    3,
    3,
    3,
    3,
    3,
    3,
    3,
    3,
    3,
    3,
    3,
    3,
    3,
    3,
    3,
    3,
    3,
    3,
    3,
    3,
    3,
    3,
    3,
    3,
    3,
    3,
    3,
    3,
    3,
    3,
    3,
    3,
    3,
    3,
    3,
    0,
    3,
    3,
    3,
    2,
    3,
    3,
    3,
    3,
    3,
    3,
    3,
    3,
    3,
    3,
    3,
    3,
    3,
    2,
    3,
    0,
    3,
    3,
    3,
    3,
    1,
    1,
    1,
    1,
    1,
    1,
    1,
    1,
    1,
    1,
    1,
    1,
    1,
    1,
    1,
    1,
    1,
    1,
    1,
    1,
    1,
    1,
    1,
    1,
    1,
    1,
    1,
    1,
    1,
    1,
    1,
    1,
    1,
    1,
    1,
    1,
    1,
    1,
    1,
    1,
    1,
    1,
    1,
    1,
    1,
    1,
    1,
    1,
    1,
    1,
    1,
    1,
    1,
    1,
    1,
    1,
    1,
    1,
    1,
    1,
    1,
    1,
    1,
    1,
    1,
    1,
    1,
    1,
    1,
    1,
    1,
    1,
    1,
    1,
    1,
    1,
    1,
    1,
    1,
    1,
    1,
    1,
    1,
    1,
    1,
    1,
    1,
    1,
    1,
    1,
    1,
    1,
    1,
    1,
    1,
    1,
    1,
    1,
    1,
    1,
    1,
    1,
    1,
    1,
    1,
    1,
    1,
    1,
    1,
    1,
    1,
    1,
    1,
    1,
    1,
    1,
    1,
    1,
    1,
    1,
    1,
    1,
    1,
    1,
    1,
    1,
    1,
    1,
    1,
    1,
    1,
    1,
    1,
    1,
    1,
    1,
    1,
    1,
    1,
    1,
    1,
    1,
    1,
    1,
    1,
    1,
    1,
    1,
    1,
    1,
    1,
    1,
    1,
    1,
    1,
    1,
    1,
    1,
    1,
    1,
    1,
    1,
    1,
    1,
    1,
    1
  ],
  "means": [
    {
      "x": -0.1969819391265397,
      "y": 2.1786905160987584
    },
    {
      "x": 2.974231087053831,
      "y": -2.951950927280919
    },
    {
      "x": 2.2066004037043405,
      "y": 1.9810212788130337
    },
    {
      "x": -2.053663896470244,
      "y": -2.2698793209601886
    }
  ],
  "probabilities": [
    [
      0.016277183734290324,
      1.780381501688115e-12,
      0.9837228162638813,
      4.7851320459017387e-14
    ],
    [
      0.12449605745822351,
      1.0844383674339371e-16,
      0.8755039425417748,
      1.2968384203479321e-15
    ],
    [
      0.07122965094190065,
      4.1848450283991004e-20,
      0.9287702905222222,
      5.853587689375765e-08
    ],
    [
      0.0053572591459561045,
      1.6161288023914562e-06,
      0.9946411247252414,
      1.8279100794710502e-26
    ],
    [
      0.16681054894052613,
      5.798587736683669e-27,
      0.8331882423856858,
      1.208673787992998e-06
    ],
    [
      0.1022636451553802,
      6.140246375846176e-22,
      0.8977337580367567,
      2.5968078628483698e-06
    ],
    [
      0.018320657928906286,
      4.978367568187836e-08,
      0.981679291963994,
      3.2342402878871163e-10
    ],
    [
      0.41933300825762027,
      1.8482349725739666e-41,
      0.32650318783903653,
      0.2541638039033437
    ],
    [
      0.2877516302003172,
      3.400718571129709e-34,
      0.7112560538755001,
      0.0009923159241828434
    ],
    [
      0.26554591611058637,
      5.058053941934236e-23,
      0.7306543928159875,
      0.0037996910734264524
    ],
    [
      0.0013297360111225555,
      5.094672162873285e-05,
      0.9986193172672488,
      9.14919883197234e-25
    ],
    [
      0.027775340076665572,
      1.439538041469738e-11,
      0.9722246574103641,
      2.49857455498457e-09
    ],
    [
      0.14375123235116546,
      6.721368745789306e-26,
      0.8562443701168192,
      4.3975320153282825e-06
    ],
    [
      0.3365063238113692,
      6.999523773431554e-37,
      0.6599659061426355,
      0.003527770045995366
    ],
    [
      0.13635895441317572,
      1.1600694674031166e-24,
      0.8636271365569137,
      1.3909029910408104e-05
    ],
    [
      0.5385942825756403,
      9.890352150337238e-36,
      0.4613972355821753,
      8.481842184392322e-06
    ],
    [
      0.03449157670430556,
      6.211431243059842e-14,
      0.9655084184181945,
      4.877437895865385e-09
    ],
    [
      0.0033642620762654144,
      3.4291379210287463e-06,
      0.996632308785813,
      1.4385501660244426e-16
    ],
    [
      0.02054874398897962,
      4.080001451266743e-08,
      0.9794512144971593,
      7.138464887432681e-10
    ],
    [
      0.3780638406341033,
      6.418661703672124e-39,
      0.6054111522967969,
      0.016525007069100286
    ],
    [
      0.013188056744708463,
      2.6437510610132412e-11,
      0.9868119432288539,
      1.5006436871639077e-16
    ],
    [
      0.054505299113924655,
      2.306505667075026e-18,
      0.9454946921100991,
      8.775976426887765e-09
    ],
    [
      0.4186702897712486,
      5.637349779006373e-36,
      0.4733095680928183,
      0.1080201421359332
    ],
    [
      0.24966697864375798,
      2.2685994088693324e-29,
      0.7503320270650663,
      9.942911757344106e-07
    ],
    [
      0.013041764428397384,
      8.514518137222484e-08,
      0.9869581503996647,
      2.675670844871332e-11
    ],
    [
      0.01987699586660476,
      3.0832630240607594e-13,
      0.9801230041306283,
      2.458494077162611e-12
    ],
    [
      0.2262842811916592,
      1.984707480957225e-30,
      0.773696381994919,
      1.9336813421625245e-05
    ],
    [
      0.022800590469396843,
      4.9997825654043813e-11,
      0.9771994094806052,
      8.741030200613428e-20
    ],
    [
      0.19989863515501097,
      5.123973875933958e-28,
      0.7998324359909527,
      0.0002689288540363156
    ],
    [
      0.08233090422616496,
      2.432247711478913e-18,
      0.9176690957728253,
      1.0095545531280405e-12
    ],
    [
      0.11411004183271205,
      1.6035802052943805e-23,
      0.8858876407053344,
      2.317461953504631e-06
    ],
    [
      0.3340285924174348,
      4.2676511415915965e-27,
      0.6494823842998707,
      0.01648902328269458
    ],
    [
      0.07262913678793606,
      2.2491932766337273e-14,
      0.9273708632120413,
      2.4312598285826526e-17
    ],
    [
      0.1511300809347294,
      1.5278166364199895e-23,
      0.848869916960288,
      2.1049824582365247e-09
    ],
    [
      0.01551860764026491,
      6.883819862674499e-12,
      0.9844813923512203,
      1.6312706226685144e-12
    ],
    [
      0.18211332002318775,
      3.970021398663737e-20,
      0.8178866799761486,
      6.638822432712579e-13
    ],
    [
      0.2836906471108324,
      1.6169232429615024e-25,
      0.7163093515739486,
      1.3152187367310985e-09
    ],
    [
      0.528826900164288,
      2.6394633910372348e-70,
      0.20010104155307018,
      0.2710720582826419
    ],
    [
      0.03566151153739815,
      4.682024181646279e-16,
      0.9643384882308542,
      2.317473322819464e-10
    ],
    [
      0.029560779803176927,
      5.403069262936656e-09,
      0.9704392074687099,
      7.3250438406016344e-09
    ],
    [
      0.10042787264449902,
      1.275862540988381e-22,
      0.89957209865374,
      2.8701760870369506e-08
    ],
    [
      0.0008862635243834026,
      0.0002696211765435043,
      0.9988441152990731,
      9.224972503964402e-25
    ],
    [
      0.1875721204562518,
      1.577351181719068e-26,
      0.8121860655186166,
      0.00024181402513161752
    ],
    [
      0.010987583501687255,
      2.9084718539594944e-10,
      0.9890124162074657,
      1.833771807928816e-18
    ],
    [
      0.17711910145034948,
      1.0625835481141064e-27,
      0.8228780464036376,
      2.8521460130488638e-06
    ],
    [
      0.11535746101282775,
      3.53976358753275e-21,
      0.8846425388876542,
      9.951811445404089e-11
    ],
    [
      0.16045415476972769,
      6.545458899626699e-26,
      0.8394922332863441,
      5.361194392807612e-05
    ],
    [
      0.09123950009864595,
      3.164491808856871e-16,
      0.9087545063788973,
      5.993522456777788e-06
    ],
    [
      0.03661325359148876,
      5.280490852448452e-16,
      0.9633867464061061,
      2.4046322919498094e-12
    ],
    [
      0.04406229215160886,
      3.026570232006007e-17,
      0.9559377068772523,
      9.711386894433453e-10
    ],
    [
      0.3960399061705334,
      1.067930753108988e-36,
      0.5517112224000271,
      0.0522488714294394
    ],
    [
      0.07600128954884862,
      8.540365746211004e-19,
      0.9239979859796936,
      7.244714577704486e-07
    ],
    [
      0.09491978343995522,
      4.561113691626719e-22,
      0.9050802058587758,
      1.0701268749447246e-08
    ],
    [
      0.000815763810115848,
      0.0008321661134449421,
      0.9983520700764396,
      1.489856802537328e-30
    ],
    [
      0.029048919507548756,
      4.058452121619586e-15,
      0.9709510804857118,
      6.735680305056153e-12
    ],
    [
      0.42239811991237863,
      9.174784182826328e-49,
      0.2921718277015285,
      0.28543005238609315
    ],
    [
      0.6821644273103933,
      3.1736491565883187e-28,
      0.3178355723276128,
      3.619945394291931e-10
    ],
    [
      0.09199636220045807,
      5.202475502198538e-22,
      0.9080036189031927,
      1.8896349511647646e-08
    ],
    [
      0.036110805851472035,
      1.1252073102899423e-13,
      0.963889185197354,
      8.951061709439092e-09
    ],
    [
      0.013255542681599312,
      1.352833310245379e-09,
      0.9867444559655675,
      4.528481286201017e-21
    ],
    [
      0.00432107365091231,
      2.1146766493441538e-07,
      0.9956787148814229,
      1.6464658918367776e-16
    ],
    [
      0.0004976629004254786,
      0.013755963902659403,
      0.9857463731969154,
      4.357043260482025e-23
    ],
    [
      0.4012356023230602,
      8.429799479614515e-20,
      0.5987643976769313,
      8.121934151239444e-15
    ],
    [
      0.2489694922054992,
      6.823979405925068e-29,
      0.7491256359838934,
      0.0019048718106075124
    ],
    [
      0.031038596931292895,
      4.488665293563979e-15,
      0.968961402830659,
      2.3804371270079714e-10
    ],
    [
      0.4261410974936696,
      3.485546901006965e-42,
      0.5003144560074061,
      0.07354444649892414
    ],
    [
      0.3190949020081936,
      6.23945369201561e-36,
      0.6794211987264085,
      0.0014838992653977644
    ],
    [
      0.5047811650163145,
      1.3907960882793823e-39,
      0.49488479538959423,
      0.0003340395940911077
    ],
    [
      0.1830232406055747,
      4.055540824745343e-27,
      0.8168339991451539,
      0.00014276024927150307
    ],
    [
      0.003440577760648092,
      3.210241640900724e-06,
      0.9965562119977112,
      1.8315747123971189e-16
    ],
    [
      0.15207367584792614,
      6.682393835374462e-21,
      0.8479263241432138,
      8.860202896623499e-12
    ],
    [
      0.43745609588017514,
      5.360894111528974e-44,
      0.4715777247177688,
      0.09096617940205581
    ],
    [
      0.07121928315442876,
      1.9705592178116567e-18,
      0.9287807168413205,
      4.2507103218583135e-12
    ],
    [
      0.4010043804654893,
      2.159780060574454e-28,
      0.5390791638543223,
      0.05991645568018841
    ],
    [
      0.02426503368379636,
      8.883619688391163e-14,
      0.975734966316095,
      1.974943584519501e-14
    ],
    [
      0.043664217075054274,
      7.716460905635653e-17,
      0.9563357829191883,
      5.757621818627672e-12
    ],
    [
      0.18532526236455185,
      1.6787912343711867e-28,
      0.814650598077295,
      2.41395581530694e-05
    ],
    [
      0.017754570844994287,
      2.8354755073319506e-12,
      0.9822454291447118,
      7.45858422074778e-12
    ],
    [
      0.0015174369965684474,
      0.0002110974496776245,
      0.9982714655537538,
      2.4953973207045947e-30
    ],
    [
      0.3800164775173025,
      3.069692134558598e-39,
      0.6155099403872494,
      0.004473582095447766
    ],
    [
      0.33664731390539665,
      3.1743857808556824e-36,
      0.6627896156702507,
      0.0005630704243526867
    ],
    [
      0.0016272828408805079,
      2.91276926505083e-05,
      0.9983435894664694,
      1.1863758760456343e-20
    ],
    [
      0.011170105699939436,
      4.126716542248508e-10,
      0.9888298938873887,
      5.264947604293685e-19
    ],
    [
      0.19882948772162146,
      5.282971223419236e-16,
      0.801170512278378,
      2.824178131981238e-17
    ],
    [
      0.06188776304739441,
      7.407693409463198e-18,
      0.938112092468399,
      1.4448420659822688e-07
    ],
    [
      0.21803748478798982,
      5.204558613804536e-26,
      0.7809911696406129,
      0.0009713455713969139
    ],
    [
      0.07824189410871275,
      1.0345109124003519e-20,
      0.9217581032693407,
      2.6219464444704255e-09
    ],
    [
      0.0734654164327342,
      2.06871175695181e-18,
      0.9265345835642355,
      3.03050354315447e-12
    ],
    [
      0.2359551303776007,
      2.394043434006499e-24,
      0.7640448690943897,
      5.280096046971468e-10
    ],
    [
      0.8295387056886137,
      1.0918304400394052e-34,
      0.17046120071229923,
      9.359908753041753e-08
    ],
    [
      0.006999651093683772,
      7.827338945712636e-09,
      0.99300034107897,
      7.274855549392304e-15
    ],
    [
      0.3227140930834798,
      3.9644227299549215e-36,
      0.675681359736543,
      0.0016045471799772605
    ],
    [
      0.13723870986908282,
      2.648710084588282e-24,
      0.8627612630672412,
      2.706367606362175e-08
    ],
    [
      0.01822329935016057,
      6.166566148565894e-13,
      0.9817767006491479,
      7.491396329984732e-14
    ],
    [
      0.2482858235161156,
      1.2457956722700861e-21,
      0.7492311628745267,
      0.002483013609357614
    ],
    [
      0.2068762808517399,
      3.618090129966802e-28,
      0.7931229067938819,
      8.123543781829869e-07
    ],
    [
      0.018727267910985168,
      6.302116981330239e-11,
      0.9812727319256574,
      1.003366336890317e-10
    ],
    [
      0.05245002586397071,
      7.122776947020318e-18,
      0.9475499741102038,
      2.582547520483e-11
    ],
    [
      0.23531435870817427,
      3.224385268791163e-31,
      0.7644010020189866,
      0.00028463927283904145
    ],
    [
      0.028533685949811295,
      7.682246040639033e-13,
      0.971466312474517,
      1.5749034036958488e-09
    ],
    [
      0.04568233869146014,
      1.8148823150645098e-16,
      0.9543176613079413,
      5.982004068507259e-13
    ],
    [
      0.025920557169484864,
      6.458866546739014e-11,
      0.9740794427659263,
      2.305879129710106e-20
    ],
    [
      0.4093964666183883,
      6.30982455840522e-33,
      0.509256131262108,
      0.08134740211950413
    ],
    [
      0.03212359800128924,
      1.2910035386166769e-14,
      0.9678764019986769,
      2.1025907840287197e-14
    ],
    [
      0.9882749370653341,
      3.9268030825825732e-28,
      0.011725062934611993,
      5.33432528002062e-14
    ],
    [
      0.0721647993598929,
      3.3253866939721336e-16,
      0.9278352006401003,
      6.143280056373459e-15
    ],
    [
      0.01646519823398211,
      6.85172870234617e-11,
      0.9835348016975006,
      6.273177839289176e-19
    ],
    [
      0.16180401711754472,
      8.580327020404921e-26,
      0.8381958676966779,
      1.1518577738868068e-07
    ],
    [
      0.18257434905793699,
      2.0344711047687567e-27,
      0.8173113524144686,
      0.00011429852759452164
    ],
    [
      0.12922030782752478,
      6.367649789757508e-25,
      0.8707777194706664,
      1.9727018090373887e-06
    ],
    [
      2.698470029832093e-06,
      0.8125611695153104,
      0.18743613201466006,
      4.932860060827335e-36
    ],
    [
      0.00456305062600555,
      7.956637430337182e-06,
      0.9954289927365546,
      9.508816667234994e-15
    ],
    [
      0.25966351483050243,
      1.0599703660151124e-29,
      0.7403353142673027,
      1.1709021951941267e-06
    ],
    [
      0.02829685090293126,
      4.708042040610638e-13,
      0.9717031478660192,
      1.2305787795389738e-09
    ],
    [
      0.24631986538964873,
      2.1943714258555554e-31,
      0.7536494902747722,
      3.064433557907511e-05
    ],
    [
      0.19709314975552078,
      3.5295659310755964e-29,
      0.8028611967020682,
      4.5653542410746734e-05
    ],
    [
      0.03296774794475453,
      4.912000486026307e-15,
      0.9670322512451875,
      8.100531202490614e-10
    ],
    [
      0.0010593569582670742,
      0.0017643347243643003,
      0.9971763083173689,
      2.235073455995371e-34
    ],
    [
      0.42330380887393937,
      2.1003715894849244e-52,
      0.2652334219469978,
      0.3114627691790632
    ],
    [
      0.2607544305918953,
      1.9020357470490115e-31,
      0.7392303975425307,
      1.5171865574055821e-05
    ],
    [
      0.19295946573359457,
      2.3185409381537766e-28,
      0.8069136829245664,
      0.0001268513418388927
    ],
    [
      0.05308741574370483,
      5.673427516324065e-16,
      0.9469125842562696,
      2.512186143943983e-14
    ],
    [
      0.32365653770847663,
      1.478089515129183e-33,
      0.6665706081061233,
      0.009772854185400038
    ],
    [
      0.10141255084155858,
      3.60817320598917e-21,
      0.8985834237988702,
      4.025359571318903e-06
    ],
    [
      0.0017040570764693481,
      9.190662447756333e-05,
      0.9982040362990537,
      6.293618676862669e-29
    ],
    [
      0.4381000013149769,
      4.603912864138034e-42,
      0.5543183090954553,
      0.007581689589567982
    ],
    [
      0.002833702046499843,
      0.0004265299154280405,
      0.9967397680380724,
      4.869918167250901e-34
    ],
    [
      0.41911970314455643,
      3.765897901712193e-38,
      0.4791017252004135,
      0.10177857165503013
    ],
    [
      0.001320388204113241,
      6.07201407727309e-05,
      0.9986188916551144,
      5.079073458467868e-22
    ],
    [
      0.051811097643132166,
      2.596586000850941e-16,
      0.9481889023567736,
      9.437781512547261e-14
    ],
    [
      0.235649252179053,
      1.0081967962332252e-30,
      0.7638082108040486,
      0.0005425370168984108
    ],
    [
      0.9320380150144125,
      1.4961059507295707e-70,
      0.04418505319222725,
      0.02377693179336026
    ],
    [
      0.062219870636884604,
      1.1578180525368253e-15,
      0.9377797081120461,
      4.212510683090359e-07
    ],
    [
      0.00020965729861368814,
      0.09468017293947145,
      0.9051101697619152,
      4.742551791545942e-26
    ],
    [
      0.12326317667608717,
      1.5645258211356947e-24,
      0.8767358333103404,
      9.9001357233239e-07
    ],
    [
      0.0004255928312232901,
      0.023208938109073655,
      0.9763654690597027,
      1.5401503232135603e-23
    ],
    [
      0.00398518092382306,
      1.841912340289195e-07,
      0.9960146348849428,
      3.5914887835340674e-21
    ],
    [
      0.2932673473999062,
      1.6485299608258118e-34,
      0.7060631572399528,
      0.000669495360141163
    ],
    [
      0.023523577456641742,
      1.1975400268299041e-13,
      0.9764764225025843,
      4.065413533204155e-11
    ],
    [
      0.0352476071496748,
      6.909927728317165e-16,
      0.964752392495128,
      3.5519648133708696e-10
    ],
    [
      0.07828382821298756,
      1.0436054066875808e-19,
      0.9217161717130081,
      7.400440533900499e-11
    ],
    [
      0.00030328249488830806,
      0.028252288400791106,
      0.9714444291043206,
      1.3295526779273717e-25
    ],
    [
      4.040646731203225e-06,
      0.8509009873477466,
      0.14909497200552202,
      2.9114801468455517e-33
    ],
    [
      0.11002487826601656,
      9.087965719480636e-23,
      0.8899751132059782,
      8.528005271297932e-09
    ],
    [
      0.01912113597650164,
      9.566715126277223e-13,
      0.980878864014298,
      8.243730520486838e-12
    ],
    [
      0.060974240440401076,
      1.3200140947902827e-18,
      0.9390257066240549,
      5.29355440279476e-08
    ],
    [
      0.24124036880993147,
      2.6637162935335843e-30,
      0.758753726210053,
      5.90498001566495e-06
    ],
    [
      0.015309257673536022,
      9.442642596621944e-12,
      0.9846907423150846,
      1.9365941161112834e-12
    ],
    [
      0.011040457475775608,
      2.484063758559483e-10,
      0.988959542275818,
      2.7513514612760643e-18
    ],
    [
      0.021136274774238677,
      4.337912553623485e-12,
      0.9788637252214235,
      2.0878198429068184e-17
    ],
    [
      0.193728340788013,
      1.6317510754528643e-26,
      0.8059392994326919,
      0.0003323597792949879
    ],
    [
      0.023378491910241484,
      1.215050693375262e-12,
      0.9766215080885436,
      1.0118244539584446e-16
    ],
    [
      0.058972876641505384,
      4.720276750327603e-19,
      0.9410271222386863,
      1.11980798257046e-09
    ],
    [
      0.0014386508225533022,
      3.538523265996696e-05,
      0.9985259639447871,
      3.142624019663425e-22
    ],
    [
      0.013688849940106204,
      8.882189786112324e-12,
      0.9863111500509949,
      1.6823101384003552e-14
    ],
    [
      0.20016316620414398,
      5.435605869702968e-26,
      0.7998368092524214,
      2.4543434594388188e-08
    ],
    [
      0.02753897543306262,
      1.513309058278418e-12,
      0.9724610245654239,
      1.5194456131181393e-17
    ],
    [
      0.0028414928498505018,
      1.5269847501757025e-06,
      0.9971569801653992,
      7.109278383354569e-23
    ],
    [
      0.009014702361876063,
      3.251906804196231e-10,
      0.9909852973129326,
      8.816724498334463e-16
    ],
    [
      0.024049769742261678,
      3.2893645901858136e-14,
      0.9759502302558648,
      1.84067831342969e-12
    ],
    [
      0.07470016833093183,
      1.2375814014947871e-19,
      0.9252998315666476,
      1.0242058700702358e-10
    ],
    [
      0.671097121259773,
      7.239956066927562e-41,
      0.32876949020812246,
      0.00013338853210402587
    ],
    [
      0.2903943068806603,
      1.6556884232357703e-25,
      0.7028621974739072,
      0.00674349564543224
    ],
    [
      0.013789194093116918,
      1.4058955462053105e-09,
      0.9862108045009874,
      3.0035358017461625e-21
    ],
    [
      0.030448006481816833,
      6.659190159366414e-14,
      0.9695519935181149,
      1.7771004125722328e-15
    ],
    [
      0.035232745903274146,
      1.3125693761521847e-14,
      0.964767250588331,
      3.5083816487052203e-09
    ],
    [
      6.205666409601366e-05,
      3.083002763189707e-24,
      4.682572999773197e-10,
      0.999937942867647
    ],
    [
      0.030862043200570802,
      8.452958935104437e-34,
      0.0006319870564877441,
      0.9685059697429413
    ],
    [
      2.3627463411207757e-09,
      5.409166133212125e-13,
      4.0112732334499744e-19,
      0.9999999976367128
    ],
    [
      0.000918271096672785,
      4.377741372352666e-28,
      2.0235589505433386e-07,
      0.9990815265474324
    ],
    [
      1.4616592422262956e-09,
      6.174985320462652e-11,
      7.55305915837763e-19,
      0.999999998476591
    ],
    [
      0.00022929623116081072,
      1.534251018130335e-25,
      1.1769177105438651e-08,
      0.9997706919996623
    ],
    [
      1.1162686273502273e-07,
      4.613217070802144e-14,
      6.413861407227836e-15,
      0.9999998883730848
    ],
    [
      3.3523888961652086e-12,
      2.423412062489198e-11,
      2.343689216637277e-27,
      0.9999999999724133
    ],
    [
      8.054824658732802e-09,
      1.5045912384693292e-13,
      7.750487447629698e-18,
      0.9999999919450252
    ],
    [
      0.000513801471792849,
      3.839065708218758e-16,
      6.94720339183157e-07,
      0.9994855038078675
    ],
    [
      0.015829230126169536,
      4.100397721434961e-32,
      0.0001571409171086339,
      0.9840136289567218
    ],
    [
      3.898560020548415e-05,
      1.2199817636642287e-24,
      6.699131061569704e-11,
      0.9999610143328033
    ],
    [
      1.8400811804261255e-05,
      3.477523542034632e-21,
      8.975717970959869e-11,
      0.9999815990984383
    ],
    [
      0.0005787225021329642,
      2.8904034170971104e-28,
      4.065500509277306e-08,
      0.9994212368428619
    ],
    [
      0.0033521212302761072,
      4.088377374359374e-18,
      2.4174445962745532e-05,
      0.9966237043237611
    ],
    [
      5.5402290034571e-06,
      6.307319096998313e-17,
      2.9080822136107982e-11,
      0.9999944597419158
    ],
    [
      0.005969635384675743,
      4.4172682312673725e-31,
      1.4616096099793747e-05,
      0.9940157485192244
    ],
    [
      0.00014292388247008972,
      1.334743947583853e-22,
      1.2117519508267485e-08,
      0.9998570640000105
    ],
    [
      8.353973971527365e-05,
      5.384976245990464e-25,
      6.919396943685218e-10,
      0.9999164595683452
    ],
    [
      2.0851756133786715e-05,
      6.765133806636795e-18,
      5.079550545919101e-10,
      0.9999791477359109
    ],
    [
      0.322437804930489,
      3.1473511842859125e-34,
      0.13746597572482758,
      0.5400962193446834
    ],
    [
      0.4351102051841874,
      1.9394696179201453e-59,
      0.21394728755501183,
      0.3509425072608003
    ],
    [
      0.017242470031768233,
      2.8305385881533188e-30,
      0.00026793649388350276,
      0.9824895934743482
    ],
    [
      0.43846446502304326,
      1.6446953917611966e-60,
      0.2145516594174511,
      0.3469838755595054
    ],
    [
      2.83855055441851e-09,
      6.712932103266937e-14,
      2.3228873115591546e-19,
      0.9999999971613823
    ],
    [
      7.559619850910805e-18,
      6.6368580121653e-05,
      7.106724342504281e-38,
      0.9999336314198788
    ],
    [
      3.5156549047213297e-09,
      8.323063883195425e-12,
      3.733549403939284e-18,
      0.9999999964760221
    ],
    [
      0.0011102703346308198,
      1.989669663495421e-14,
      3.3493632326215876e-06,
      0.9988863803021165
    ],
    [
      0.030580359783393695,
      4.604014151963696e-36,
      0.00035592142582923996,
      0.9690637187907772
    ],
    [
      4.6155532928128746e-10,
      1.9055536896176184e-09,
      1.2780669377178744e-19,
      0.9999999976328913
    ],
    [
      9.584227992117993e-13,
      0.00991669457500606,
      6.90829632025943e-24,
      0.9900833054240353
    ],
    [
      0.0873272552521495,
      4.476011483390971e-39,
      0.003966909764363072,
      0.9087058349834871
    ],
    [
      1.3117351611509474e-15,
      0.01774919089299536,
      3.891907559761879e-30,
      0.9822508091070035
    ],
    [
      6.264288573139088e-06,
      4.752109545206519e-13,
      1.1465019549961226e-10,
      0.9999937355963019
    ],
    [
      6.33785972349015e-14,
      5.627985233662449e-08,
      1.7740203662481096e-29,
      0.999999943720084
    ],
    [
      1.9026734174373104e-05,
      7.596495715879136e-20,
      1.9534683828691163e-10,
      0.9999809730704788
    ],
    [
      1.2605558591896437e-07,
      1.2228938140913683e-12,
      1.845868137711479e-14,
      0.9999998739431728
    ],
    [
      7.681096079527272e-11,
      2.419938584647336e-10,
      4.682752433382503e-22,
      0.9999999996811955
    ],
    [
      5.2177905043058975e-05,
      7.168882838505358e-19,
      3.3401420674247253e-09,
      0.9999478187548151
    ],
    [
      0.012080346144725475,
      1.2485168426600227e-35,
      1.5796395322707003e-05,
      0.9879038574599516
    ],
    [
      2.7260153996589763e-14,
      0.0024688209181508787,
      1.6065876671218436e-27,
      0.997531179081822
    ],
    [
      0.0005765119976908821,
      5.618209433532254e-28,
      4.8923640225282686e-08,
      0.9994234390786692
    ],
    [
      0.2828064113576157,
      1.6755725848274258e-41,
      0.0856666572969403,
      0.6315269313454437
    ],
    [
      0.08546623527459017,
      1.2706082700257518e-35,
      0.006195178515770139,
      0.9083385862096395
    ],
    [
      0.3914904556306745,
      1.1051765452775249e-39,
      0.5843191382344682,
      0.024190406134857217
    ],
    [
      1.2865115474442016e-06,
      5.507311362055891e-13,
      3.5990253585177777e-12,
      0.9999987134843027
    ],
    [
      0.007582165560518502,
      1.8104307367881738e-20,
      0.00010600312205997107,
      0.9923118313174214
    ],
    [
      1.7181120965172011e-10,
      2.7445571396858e-08,
      2.6247208185421122e-20,
      0.9999999723826174
    ],
    [
      0.1497505227598243,
      2.33752475752008e-45,
      0.0011449721655527074,
      0.8491045050746233
    ],
    [
      7.547362451100922e-10,
      9.441167322958803e-16,
      1.5712773106233004e-23,
      0.9999999992452633
    ],
    [
      9.834903832243961e-07,
      6.655285845777078e-14,
      1.4394875767366311e-12,
      0.9999990165081108
    ],
    [
      0.25318763627599866,
      6.212066699831025e-41,
      0.06446499903029845,
      0.6823473646937029
    ],
    [
      0.41018357546646755,
      1.6984590942218814e-53,
      0.059680440763543285,
      0.5301359837699894
    ],
    [
      4.5819090711934595e-15,
      6.436674666125215e-06,
      5.835254723273605e-31,
      0.9999935633253291
    ],
    [
      0.0005531213533211419,
      7.6074989733783335e-25,
      1.8539215099082556e-07,
      0.9994466932545278
    ],
    [
      9.352260403819087e-18,
      0.00028151940169449064,
      8.527566365619927e-37,
      0.9997184805983054
    ],
    [
      1.2512447925271804e-12,
      3.6548004409084624e-06,
      9.147614833276878e-25,
      0.9999963451983083
    ],
    [
      0.0009189892539255746,
      1.766059136361092e-29,
      8.389739491465161e-08,
      0.9990809268486796
    ],
    [
      2.812474470262291e-07,
      5.056644039193108e-19,
      1.0256632455545517e-15,
      0.9999997187525521
    ],
    [
      9.435695095178112e-06,
      7.68559488530338e-15,
      1.8937840199794476e-10,
      0.9999905641155188
    ],
    [
      1.3931986520250026e-10,
      9.205308254742632e-09,
      1.0866727179007357e-20,
      0.9999999906553719
    ],
    [
      1.5395718634750892e-07,
      9.95236279506605e-18,
      7.071373214836015e-16,
      0.9999998460428129
    ],
    [
      1.7966494725723618e-05,
      1.0884005814206766e-23,
      1.0923287653734455e-11,
      0.9999820334943509
    ],
    [
      2.3024144609320307e-07,
      3.637310046766854e-19,
      3.8646071689074013e-16,
      0.9999997697585535
    ],
    [
      0.4127378128421239,
      1.124109332863286e-49,
      0.25482563885693765,
      0.33243654830093816
    ],
    [
      7.132102042527025e-09,
      4.505045916825994e-12,
      1.9461642355480996e-17,
      0.9999999928633932
    ],
    [
      7.028393503232594e-06,
      8.821403068373898e-20,
      1.3656420793035914e-11,
      0.9999929715928403
    ],
    [
      0.0036328240561684217,
      1.7795060230155548e-23,
      1.963997355236838e-05,
      0.9963475359702794
    ],
    [
      1.1435493048921474e-07,
      7.994105179208165e-17,
      7.586844668487757e-16,
      0.9999998856450686
    ],
    [
      5.019652597730948e-05,
      1.748684412641655e-27,
      5.908338855241719e-13,
      0.9999498034734323
    ],
    [
      3.6973314875383493e-14,
      0.0035114494448760317,
      3.7049504243060104e-27,
      0.996488550555087
    ],
    [
      0.3163118327653689,
      1.0502058397999991e-45,
      0.09664698349864531,
      0.5870411837359854
    ],
    [
      0.00237398148083442,
      1.7936498939824264e-25,
      5.718107049511045e-06,
      0.997620300412116
    ],
    [
      0.7589718650408828,
      4.2673101414160886e-63,
      0.05570164569889603,
      0.1853264892602213
    ],
    [
      1.3133799263699612e-05,
      4.717233311014445e-23,
      7.068215493109164e-12,
      0.9999868661936682
    ],
    [
      1.608817407717862e-14,
      8.919073109886143e-06,
      2.232823286798325e-29,
      0.9999910809268736
    ],
    [
      3.4518381164490997e-08,
      7.081527977949254e-18,
      2.161500320669579e-18,
      0.9999999654816187
    ],
    [
      6.453068172996388e-08,
      1.106136132816329e-17,
      3.623831560939457e-17,
      0.9999999354693182
    ],
    [
      0.40743628086207195,
      9.542815245044314e-39,
      0.28470639515945656,
      0.30785732397847115
    ],
    [
      2.302197499820408e-05,
      6.133021773352392e-13,
      1.798321615812951e-09,
      0.9999769762260665
    ],
    [
      7.735039044931493e-05,
      3.548832902861032e-25,
      4.584391457456636e-10,
      0.9999226491511116
    ],
    [
      0.305325460488093,
      3.581355697165483e-38,
      0.11582545046182548,
      0.578849089050082
    ],
    [
      1.2329273200853885e-10,
      9.604267997496721e-11,
      1.098988422808154e-21,
      0.9999999997806649
    ],
    [
      7.433274839162395e-09,
      1.7421456567946546e-16,
      8.234521508041793e-20,
      0.9999999925667248
    ],
    [
      0.1114499390483547,
      7.989958388980853e-21,
      0.014774211384130886,
      0.8737758495675146
    ],
    [
      3.1455084716822376e-13,
      6.169223918903206e-06,
      3.778196250907246e-26,
      0.9999938307757669
    ],
    [
      2.5085879958850748e-08,
      2.9300641712888995e-15,
      3.7974108456996596e-17,
      0.9999999749141172
    ],
    [
      8.41995197805846e-08,
      2.2835048740013403e-17,
      1.4705077283137606e-16,
      0.9999999158004798
    ],
    [
      5.7683426155254934e-05,
      1.1770579076079086e-24,
      2.6305580796985157e-10,
      0.9999423163107892
    ],
    [
      0.0002176853991051234,
      1.6954428500459967e-23,
      2.6034243115348118e-08,
      0.999782288566652
    ],
    [
      4.1094207787646045e-06,
      1.7125571822414312e-21,
      6.414960694215913e-13,
      0.9999958905785797
    ],
    [
      2.709325251317352e-08,
      5.2164313540234346e-11,
      1.015449117978968e-15,
      0.9999999728545821
    ],
    [
      0.002571116519732078,
      1.310428626777501e-31,
      7.323091653992022e-07,
      0.9974281511711025
    ],
    [
      4.4469031153041956e-05,
      1.7536226465172094e-17,
      3.2805599182040947e-09,
      0.9999555276882871
    ],
    [
      4.120923519101656e-15,
      0.0001345699824052153,
      3.982536227231535e-30,
      0.9998654300175908
    ],
    [
      9.637044966598556e-09,
      5.1254438619206695e-11,
      8.365626031586081e-17,
      0.9999999903117006
    ],
    [
      7.716922310428146e-08,
      2.6106502897673266e-19,
      2.2033867812525965e-18,
      0.9999999228307773
    ],
    [
      1.374907229980309e-14,
      4.5850733941372034e-06,
      9.092008768064341e-30,
      0.9999954149265919
    ],
    [
      0.0003809850742724699,
      8.202572020440818e-28,
      1.3354988500879522e-08,
      0.9996190015707392
    ],
    [
      0.016061514290543723,
      1.2443819871664986e-37,
      6.659152119771509e-06,
      0.9839318265573367
    ],
    [
      3.447783896707306e-05,
      4.720355596427923e-25,
      2.586802732292023e-11,
      0.999965522135165
    ],
    [
      1.449272989065109e-08,
      3.857165406444557e-13,
      5.621380692332315e-17,
      0.9999999855068845
    ],
    [
      1.6314481030699665e-09,
      6.444049669240019e-13,
      1.4705400368379372e-19,
      0.9999999983679079
    ],
    [
      0.04082128939987453,
      5.998519264126236e-37,
      0.0006630196560718356,
      0.9585156909440539
    ],
    [
      0.02494619394502659,
      1.2711565003538542e-37,
      7.96674628048822e-05,
      0.9749741385921687
    ],
    [
      0.003290551799977549,
      1.0099829871791786e-18,
      2.2758781424943474e-05,
      0.9966866894185982
    ],
    [
      2.2273999491074005e-20,
      0.0005571401590954614,
      4.968923697400157e-44,
      0.9994428598409043
    ],
    [
      0.002531963420479621,
      2.3696500351155467e-28,
      3.326308037156969e-06,
      0.9974647102714832
    ],
    [
      0.0006866862239027678,
      9.867319949610138e-28,
      9.951257294819137e-08,
      0.9993132142635244
    ],
    [
      4.509893464335109e-05,
      8.770288944997533e-22,
      7.946046216984685e-10,
      0.9999549002707521
    ],
    [
      0.08512081989814017,
      2.9861747326421626e-34,
      0.0069092084586127684,
      0.9079699716432473
    ],
    [
      0.00045680432810045116,
      2.9518961591947646e-26,
      6.256585334541818e-08,
      0.9995431331060464
    ],
    [
      1.573328709279585e-07,
      1.1449627323261997e-16,
      2.345818607394778e-15,
      0.9999998426671266
    ],
    [
      0.0007203956845776991,
      4.610254807095296e-27,
      1.6147637847107775e-07,
      0.999279442839044
    ],
    [
      0.0009182905868434188,
      6.52925702737095e-13,
      2.429043668452163e-06,
      0.9990792803688354
    ],
    [
      0.0178182113785294,
      2.5931956093555203e-33,
      0.00016242929617118018,
      0.9820193593252997
    ],
    [
      0.09421528112725558,
      4.860425898986901e-39,
      0.005013119929473396,
      0.9007715989432707
    ],
    [
      1.002056535420859e-16,
      2.5385168204005263e-06,
      1.717106810952906e-36,
      0.9999974614831799
    ],
    [
      4.46210581344208e-16,
      9.494871750980138e-06,
      1.1243826841487465e-33,
      0.9999905051282487
    ],
    [
      3.661610819294611e-05,
      2.852586417013764e-12,
      4.992817424248552e-09,
      0.9999633788961374
    ],
    [
      0.0003747632497993719,
      4.26155756743982e-25,
      5.983105216567502e-08,
      0.9996251769191484
    ],
    [
      0.1163526663582089,
      3.5972638111392076e-44,
      0.00012308112404419889,
      0.8835242525177469
    ],
    [
      0.0001593062214764467,
      6.923149976496875e-19,
      4.259161961882434e-08,
      0.9998406511869037
    ],
    [
      6.880754672103606e-14,
      0.0006305332071648378,
      7.750291569558081e-27,
      0.9993694667927662
    ],
    [
      0.00046113535841870785,
      2.755336899418085e-26,
