{
  "dataset": "aniso",
  "algorithm": "gmm",
  "params": {
    "n_components": 4,
    "covariance_type": "diag"
  },
  "labels": [
    2,
    2,
    2,
    2,
    2,
    2,
    2,
    0,
    2,
    2,
    2,
    2,
    2,
    2,
    2,
    2,
    2,
    2,
    2,
    2,
    2,
    2,
    0,
    2,
    2,
    2,
    2,
    2,
    2,
    2,
    2,
    2,
    2,
    2,
    2,
    2,
    2,
    0,
    2,
    2,
    2,
    2,
    2,
    2,
    2,
    2,
    2,
    2,
    2,
    2,
    0,
    2,
    2,
    2,
    2,
    0,
    2,
    2,
    2,
    2,
    2,
    2,
    2,
    2,
    2,
    0,
    2,
    2,
    2,
    2,
    2,
    0,
    2,
    2,
    2,
    2,
    2,
    2,
    2,
    2,
    2,
    2,
    2,
    2,
    2,
    2,
    2,
    2,
    2,
    2,
    2,
    2,
    2,
    2,
    2,
    2,
    2,
    2,
    2,
    2,
    2,
    2,
    2,
    2,
    2,
    2,
    2,
    2,
    2,
    2,
    2,
    2,
    2,
    2,
    2,
    2,
    2,
    2,
    0,
    2,
    2,
    2,
    2,
    2,
    2,
    2,
    2,
    0,
    2,
    2,
    2,
    0,
    2,
    2,
    2,
    2,
    2,
    2,
    2,
    2,
    2,
    2,
    2,
    2,
    2,
    2,
    2,
    2,
    2,
    2,
    2,
    2,
    2,
    2,
    2,
    2,
    2,
    2,
    2,
    2,
    2,
    2,
    2,
    2,
    2,
    2,
    3,
    3,
    3,
    3,
    3,
    3,
    3,
    3,
    3,
    3,
    3,
    3,
    3,
    3,
    3,
    3,
    3,
    3,
    3,
    3,
    3,
    0,
    3,
    0,
    3,
    3,
    3,
    3,
    3,
    3,
    3,
    3,
    3,
    3,
    3,
    3,
    3,
    3,
    3,
    3,
    3,
    3,
    3,
    3,
    2,
    3,
    3,
    3,
    3,
    3,
    3,
    3,
    3,
    3,
    3,
    3,
    3,
    3,
    3,
    3,
    3,
    3,
    3,
    3,
    0,
    3,
    3,
    3,
    3,
    3,
    3,
    3,
    3,
    3,
    3,
    3,
    3,
    3,
    0,
    3,
    3,
    3,
    3,
    3,
    3,
    3,
    3,
    3,
    3,
    3,
    3,
    3,
    3,
    3,
    3,
    3,
    3,
    3,
    3,
    3,
    3,
    3,
    3,
    3,
    3,
    3,
    3,
    3,
    3,
    3,
    3,
    3,
    3,
    3,
    3,
    3,
    3,
    3,
    3,
    3,
    3,
    3,
    3,
    3,
    3,
    3,
    3,
    3,
    3,
    3,
    3,
    3,
    3,
    3,
    3,
    3,
    3,
    3,
    3,
    3,
    3,
    2,
    3,
    3,
    3,
    0,
    3,
    3,
    3,
    3,
    3,
    3,
    3,
    3,
    3,
    3,
    3,
    3,
    3,
    0,
    3,
    3,
    3,
    3,
    3,
    3,
    1,
    1,
    2,
    1,
    1,
    1,
    1,
    1,
    1,
    1,
    1,
    1,
    1,
    1,
    1,
    1,
    1,
    1,
    1,
    1,
    1,
    1,
    2,
    1,
    1,
    1,
    1,
    1,
    1,
    1,
    1,
    1,
    1,
    1,
    1,
    1,
    1,
    1,
    1,
    1,
    1,
    1,
    1,
    1,
    1,
    1,
    1,
    1,
    1,
    3,
    1,
    1,
    1,
    1,
    1,
    1,
    1,
    1,
    1,
    1,
    1,
    1,
    1,
    1,
    1,
    1,
    1,
    1,
    1,
    1,
    1,
    1,
    1,
    1,
    1,
    1,
    1,
    1,
    1,
    3,
    1,
    1,
    1,
    1,
    1,
    1,
    1,
    1,
    1,
    1,
    1,
    1,
    1,
    1,
    1,
    1,
    1,
    1,
    1,
    1,
    1,
    1,
    1,
    1,
    1,
    1,
    1,
    1,
    3,
    1,
    1,
    1,
    1,
    1,
    1,
    1,
    1,
    1,
    1,
    1,
    1,
    1,
    1,
    1,
    1,
    1,
    1,
    1,
    1,
    1,
    1,
    1,
    1,
    1,
    1,
    1,
    1,
    1,
    1,
    1,
    1,
    1,
    1,
    1,
    1,
    1,
    1,
    1,
    1,
    1,
    1,
    1,
    1,
    1,
    1,
    1,
    1,
    1,
    1,
    1,
    1,
    1,
    1,
    1,
    1,
    1
  ],
  "means": [
    {
      "x": -0.7125711987678783,
      "y": 1.8639174064124433
    },
    {
      "x": 2.9673046152899416,
      "y": -2.951218150631928
    },
    {
      "x": 2.247149394681876,
      "y": 2.034771480198267
    },
    {
      "x": -2.0212043317221764,
      "y": -2.2876485053598348
    }
  ],
  "probabilities": [
    [
      0.013082416220963821,
      0.0003238488936482815,
      0.986593734883625,
      1.7630831706332974e-12
    ],
    [
      0.0015658102646775758,
      1.0779532347620507e-05,
      0.9984234102029179,
      5.686487272486543e-14
    ],
    [
      0.08451847604790902,
      0.00017003061699213994,
      0.9153110517011455,
      4.4163395327708985e-07
    ],
    [
      0.00023672878963994646,
      2.028146487826359e-05,
      0.9997429897454818,
      1.489668328749195e-23
    ],
    [
      0.09566351403375274,
      1.6207448811948058e-05,
      0.9043138053753765,
      6.473142058646639e-06
    ],
    [
      0.13874975955161023,
      0.00018556037670628079,
      0.861052180009255,
      1.2500062428562744e-05
    ],
    [
      0.00969676843038804,
      0.05928028597827918,
      0.9310229422111953,
      3.3801378085037327e-09
    ],
    [
      0.4755861845411697,
      8.896121232370322e-07,
      0.26420247473072017,
      0.2602104511159873
    ],
    [
      0.2854501905305428,
      4.588177718880143e-06,
      0.7121763545631937,
      0.0023688667285447695
    ],
    [
      0.2126534955555545,
      0.0008692992520015139,
      0.7783789462454762,
      0.008098258946967604
    ],
    [
      0.0006603634300434037,
      0.00024335091698707425,
      0.99909628565297,
      5.365557668835934e-22
    ],
    [
      0.027404699459941725,
      0.009524137414124619,
      0.9630711385865736,
      2.4539359863843955e-08
    ],
    [
      0.1444828330855138,
      3.448289281148744e-05,
      0.8554626008654705,
      2.0083156204470915e-05
    ],
    [
      0.3312357933510957,
      2.289552557136003e-06,
      0.6615715906210693,
      0.007190326475277735
    ],
    [
      0.17840569924855365,
      7.959597425344564e-05,
      0.8214599534572212,
      5.475131997165001e-05
    ],
    [
      0.020049293245843283,
      1.223463768601981e-06,
      0.9799055461330375,
      4.393715735034832e-05
    ],
    [
      0.04363721498755848,
      0.0026330918329534963,
      0.9537296461151247,
      4.706436333190793e-08
    ],
    [
      0.003980336484456428,
      0.0074086346854137205,
      0.9886110288301206,
      9.409014298391699e-15
    ],
    [
      0.00986236234252026,
      0.06727236317944914,
      0.9228652677847288,
      6.693301898928646e-09
    ],
    [
      0.42653734652118874,
      1.4626276937607728e-06,
      0.5474130989651654,
      0.026048091885952272
    ],
    [
      0.005748501437778533,
      0.00015842566085173031,
      0.9940930729013594,
      1.034970015899393e-14
    ],
    [
      0.06522587966244918,
      0.0002536505719366503,
      0.934520387385844,
      8.237976994038771e-08
    ],
    [
      0.4686852409255055,
      6.386495363452517e-06,
      0.4000670871365174,
      0.1312412854426135
    ],
    [
      0.05503753080898196,
      6.120077140932563e-06,
      0.9449508378165433,
      5.511297333829082e-06
    ],
    [
      0.009101377745169118,
      0.03872739226040174,
      0.9521712296028613,
      3.9156762443900455e-10
    ],
    [
      0.021813121840023483,
      0.0005555731454206769,
      0.9776313049562319,
      5.832428692479574e-11
    ],
    [
      0.1359161703928934,
      7.961694582789695e-06,
      0.8639994418788041,
      7.642603371961743e-05
    ],
    [
      0.0011946776766836855,
      2.7823129232239897e-05,
      0.9987774991940844,
      1.2327054990570533e-17
    ],
    [
      0.26567163649219294,
      3.836975286154313e-05,
      0.7335610641432483,
      0.0007289296116972561
    ],
    [
      0.008790133153469881,
      2.457182116838404e-05,
      0.9911852950016656,
      2.3696058635454857e-11
    ],
    [
      0.13966228930034158,
      8.48622865601733e-05,
      0.8602414966659391,
      1.1351747159092613e-05
    ],
    [
      0.3140653379868106,
      0.00018857845763206065,
      0.6566710346346876,
      0.029075048920869723
    ],
    [
      0.0012744281875403296,
      1.4082986922082835e-05,
      0.9987114888255355,
      1.6826378089426821e-15
    ],
    [
      0.02405501894062128,
      1.4595191698328106e-05,
      0.9759303639610867,
      2.190659386774827e-08
    ],
    [
      0.019355474572579145,
      0.0011743581381254335,
      0.979470167249122,
      4.017355452561954e-11
    ],
    [
      0.0034318584062882672,
      9.396639225801527e-06,
      0.9965587449393002,
      1.5185610341200946e-11
    ],
    [
      0.009294238087571134,
      5.886878184745817e-06,
      0.9906998608890016,
      1.4145242910920379e-08
    ],
    [
      0.5437491669679358,
      1.54300295243991e-10,
      0.1928748884517163,
      0.2633759444260476
    ],
    [
      0.040004418749670985,
      0.0003441391655039674,
      0.959651438792369,
      3.2924562631718095e-09
    ],
    [
      0.01290128053105639,
      0.0654597981357743,
      0.9216388683416361,
      5.299153343901236e-08
    ],
    [
      0.06388793051246039,
      4.21955968206094e-05,
      0.9360696406528429,
      2.3323787617202783e-07
    ],
    [
      0.0006443774522529104,
      0.0005242542334311171,
      0.9988313683143162,
      5.387948902722346e-22
    ],
    [
      0.25449827505819766,
      7.189270865275485e-05,
      0.7447643927996284,
      0.0006654394335211192
    ],
    [
      0.0030591040227603353,
      0.00010549116356202128,
      0.9968354048136775,
      2.0360791877659955e-16
    ],
    [
      0.1106195835034145,
      1.4744164686013451e-05,
      0.8893517976449008,
      1.3874686998621917e-05
    ],
    [
      0.016456593381138595,
      1.9751814844650584e-05,
      0.9835236533724777,
      1.4315390587724803e-09
    ],
    [
      0.2137105913071242,
      6.407624025417233e-05,
      0.7860468838451876,
      0.00017844860743397294
    ],
    [
      0.07791415444642615,
      0.004740575974099412,
      0.9173203065421319,
      2.496303734266341e-05
    ],
    [
      0.018961283610590827,
      0.00010776343666108975,
      0.9809309528968675,
      5.5880676393977383e-11
    ],
    [
      0.04848810849002566,
      0.000259256228818373,
      0.9512526235561862,
      1.1724969886896403e-08
    ],
    [
      0.4864089255428465,
      4.017644381656262e-06,
      0.44635485265307673,
      0.067232204159695
    ],
    [
      0.10286934646363109,
      0.000651543200363879,
      0.896475086702892,
      4.023633113212745e-06
    ],
    [
      0.05407283651434345,
      4.246626578294423e-05,
      0.9458846003329145,
      9.68869588555073e-08
    ],
    [
      0.00012969845445862343,
      4.049067887463398e-05,
      0.999829810866667,
      3.818084803503927e-27
    ],
    [
      0.024589710206393944,
      0.00023375621451751449,
      0.9751765334369062,
      1.4218227507268679e-10
    ],
    [
      0.5072209334379982,
      7.099842180425114e-08,
      0.22590870766277157,
      0.26687028790080863
    ],
    [
      0.0009972302243921127,
      2.0585879425474325e-06,
      0.9990007050733948,
      6.114271002354384e-09
    ],
    [
      0.062245046504529764,
      5.0380272768362885e-05,
      0.9377044120505992,
      1.6117210295592505e-07
    ],
    [
      0.04301107835445439,
      0.0036071579609893993,
      0.9533816840812653,
      7.960329110947877e-08
    ],
    [
      0.0010310127234588982,
      3.659749610439156e-05,
      0.9989323897804366,
      9.21043806939646e-19
    ],
    [
      0.005241848738980693,
      0.002862721922659684,
      0.9918954293383488,
      1.111813256264148e-14
    ],
    [
      0.0005426087130100448,
      0.008382465096079095,
      0.991074926190911,
      1.487948064522823e-20
    ],
    [
      0.00046747025775540615,
      4.160120042939499e-06,
      0.999528369621898,
      3.0385742324913057e-13
    ],
    [
      0.3283182859697533,
      4.362674404398456e-05,
      0.667622352316607,
      0.004015734969595738
    ],
    [
      0.03900464000033049,
      0.0006077481921818899,
      0.9603876084469269,
      3.360560624404222e-09
    ],
    [
      0.5008659324375289,
      5.882619687786245e-07,
      0.41039176400936445,
      0.08874171529113767
    ],
    [
      0.2803872970871021,
      2.725082406616809e-06,
      0.7161567542320384,
      0.0034532235984527644
    ],
    [
      0.06696378562619436,
      7.389823556869263e-07,
      0.9318754239303103,
      0.0011600514611400485
    ],
    [
      0.24391300999395538,
      4.825406222919345e-05,
      0.7556189411642493,
      0.00041979477956618035
    ],
    [
      0.004059896507385328,
      0.007661005977516295,
      0.9882790975150872,
      1.163848233825473e-14
    ],
    [
      0.007260512115689231,
      1.2341807215960679e-05,
      0.9927271459186688,
      1.5842598196139477e-10
    ],
    [
      0.49819688495405645,
      3.323095614062304e-07,
      0.394639985777995,
      0.10716279695838714
    ],
    [
      0.013384083969405745,
      3.385582307454686e-05,
      0.9865820601198103,
      8.770954425642892e-11
    ],
    [
      0.324008020706417,
      0.00015403248033052293,
      0.5817047082090752,
      0.09413323860417748
    ],
    [
      0.009965475755986825,
      0.00011396095891223653,
      0.9899205632843201,
      7.808745030601741e-13
    ],
    [
      0.02023324217984335,
      8.51001479830151e-05,
      0.9796816575516221,
      1.205517518198995e-10
    ],
    [
      0.17543044955450474,
      1.7581193491653682e-05,
      0.8244614577845943,
      9.051146740940576e-05
    ],
    [
      0.022913821597212895,
      0.0013562872478915069,
      0.9757298910007389,
      1.541565129172567e-10
    ],
    [
      0.00011362820539467657,
      2.1385176155536677e-05,
      0.9998649866184495,
      5.819344089161438e-27
    ],
    [
      0.294785684124521,
      1.1265744605800999e-06,
      0.6958051690143978,
      0.009408020286620591
    ],
    [
      0.1954822621878821,
      2.114054647236408e-06,
      0.8029514933498878,
      0.0015641304075831978
    ],
    [
      0.0017361100415787954,
      0.0018197699330143014,
      0.996444120025407,
      2.3512876380581486e-18
    ],
    [
      0.0024815480758283628,
      8.537556648108489e-05,
      0.9974330763576906,
      6.650470381787994e-17
    ],
    [
      0.000451184555649944,
      6.103349203476828e-06,
      0.9995427120951448,
      1.7765069497995208e-15
    ],
    [
      0.08452056378921767,
      0.0006974093122419561,
      0.9147810574038195,
      9.694947210452752e-07
    ],
    [
      0.2742624387967754,
      0.00013375108634292217,
      0.7233273455617709,
      0.002276464555111022
    ],
    [
      0.04632890867437652,
      5.6504828618144314e-05,
      0.9536145586641432,
      2.7832862146171593e-08
    ],
    [
      0.012168131187927061,
      3.138256666102725e-05,
      0.9878004861809254,
      6.448652499871103e-11
    ],
    [
      0.009978152747004353,
      7.532756937850601e-06,
      0.9900143083039616,
      6.192096188708406e-09
    ],
    [
      0.0011068443846131426,
      9.568005713859846e-07,
      0.9988909403859435,
      1.2584288721556726e-06
    ],
    [
      0.00870500066484778,
      0.0024460084095055488,
      0.9888489909253233,
      3.2334625759686833e-13
    ],
    [
      0.28218412442492175,
      2.5867844421187685e-06,
      0.7141102192137073,
      0.00370306957692873
    ],
    [
      0.04788342245099893,
      1.9659526271436907e-05,
      0.952096699469457,
      2.185532724966257e-07
    ],
    [
      0.013700674296767667,
      0.00027145170875779836,
      0.9860278739918555,
      2.618963922548369e-12
    ],
    [
      0.17848933273778883,
      0.0015430058201026512,
      0.8144100298712424,
      0.005557631570865863
    ],
    [
      0.06773631475421311,
      9.17830218792312e-06,
      0.932249938026914,
      4.568916685003019e-06
    ],
    [
      0.02175313859683538,
      0.006323897409382356,
      0.9719229625372761,
      1.4565062382163306e-09
    ],
    [
      0.024087407992166094,
      7.206702972136159e-05,
      0.975840524521814,
      4.5629837778606493e-10
    ],
    [
      0.25427084577003456,
      1.0591556950650178e-05,
      0.7449355417632856,
      0.0007830209097290131
    ],
    [
      0.03477916499881011,
      0.003804606857150925,
      0.961416211069118,
      1.707492098579474e-08
    ],
    [
      0.012801027776403138,
      5.799245723148253e-05,
      0.987140979750633,
      1.573250836491842e-11
    ],
    [
      0.0008650822662743475,
      2.1257155651004086e-05,
      0.9991136605780748,
      3.670826634220366e-18
    ],
    [
      0.4245506144011887,
      2.1518191993192194e-05,
      0.46590768689472123,
      0.10952018051209701
    ],
    [
      0.008625233903073803,
      6.999998421699819e-05,
      0.991304766111904,
      8.053803612891833e-13
    ],
    [
      3.147548766326622e-06,
      1.1777842104588378e-06,
      0.9999956746494069,
      1.761562140519669e-11
    ],
    [
      0.0036295240070881246,
      2.060762044110783e-05,
      0.9963498683722274,
      2.436738883612039e-13
    ],
    [
      0.0020727605507401443,
      5.112537236659171e-05,
      0.9978761140768934,
      7.494263601663839e-17
    ],
    [
      0.056363680673498624,
      1.4923054783264894e-05,
      0.943620600413604,
      7.958581140182457e-07
    ],
    [
      0.2376962915631591,
      4.005925888094095e-05,
      0.7619174695471335,
      0.0003461796308266699
    ],
    [
      0.13039822079642857,
      4.326957695343784e-05,
      0.8695486141987712,
      9.895427846678546e-06
    ],
    [
      1.2092817781672795e-05,
      0.0052704221761172045,
      0.9947174850061008,
      1.827633648617447e-31
    ],
    [
      0.004140771469260356,
      0.026669878089583165,
      0.9691893504408029,
      3.530476129304695e-13
    ],
    [
      0.05411980139788297,
      5.626703387067366e-06,
      0.9458681775339882,
      6.394364741373986e-06
    ],
    [
      0.03561925225677106,
      0.0031293236405154265,
      0.9612514102711619,
      1.3831551572060774e-08
    ],
    [
      0.13777923409123297,
      6.20015541931542e-06,
      0.8620987742167621,
      0.00011579153658539644
    ],
    [
      0.19304224909330825,
      1.5545796399357988e-05,
      0.806783818882705,
      0.0001583862275874468
    ],
    [
      0.0438070670060705,
      0.0008569321006255724,
      0.9553359910007829,
      9.89252077379881e-09
    ],
    [
      3.5101091478665214e-05,
      7.472653307280043e-06,
      0.9999574262552137,
      1.4503615409273637e-30
    ],
    [
      0.5002677794511465,
      2.2777634539097434e-08,
      0.21186991977068548,
      0.2878622780005336
    ],
    [
      0.1055173452310163,
      5.232003648900246e-06,
      0.8944145982886417,
      6.282447669299478e-05
    ],
    [
      0.23994005025634083,
      2.7545854653018073e-05,
      0.7596519588435992,
      0.00038044504540714086
    ],
    [
      0.00621149139735426,
      3.3615478791858803e-05,
      0.9937548931229583,
      8.95745023122388e-13
    ],
    [
      0.4175093745341262,
      9.404860624020998e-06,
      0.5663020440187037,
      0.016179176586545958
    ],
    [
      0.1393986315934575,
      0.00030502311958358503,
      0.8602780053091882,
      1.8339977770660944e-05
    ],
    [
      0.0001721619297906578,
      3.097915457641593e-05,
      0.9997968589156331,
      1.0311681423350768e-25
    ],
    [
      0.26067725982515305,
      5.308908961559368e-07,
      0.7232505194410245,
      0.01607168984292603
    ],
    [
      2.4094118823112655e-05,
      3.5810236090497014e-06,
      0.999972324857568,
      2.655230357486748e-30
    ],
    [
      0.4981375869131581,
      2.641761839704206e-06,
      0.38324810071147425,
      0.11861167061352769
    ],
    [
      0.001263910003745359,
      0.001177308147714709,
      0.9975587818485396,
      1.4466955827655378e-19
    ],
    [
      0.00817363643738561,
      3.918739742317593e-05,
      0.9917871761622382,
      2.9531979863514295e-12
    ],
    [
      0.28989502848747345,
      1.4834795871278539e-05,
      0.7087390359173599,
      0.0013511007992952607
    ],
    [
      0.8298840802419977,
      1.0290022026591237e-10,
      0.0983655127863984,
      0.07175040686870357
    ],
    [
      0.0678793545216409,
      0.0031489832273766177,
      0.9289692514877514,
      2.410763231046351e-06
    ],
    [
      0.0002415533315373429,
      0.006403434647914563,
      0.9933550120205484,
      3.7292660986788937e-23
    ],
    [
      0.11660736030429254,
      4.33107816305849e-05,
      0.8833439416578742,
      5.387256202623496e-06
    ],
    [
      0.00046223109807194435,
      0.008878037128067355,
      0.9906597317738611,
      5.911981318539984e-21
    ],
    [
      0.0016723714748079982,
      0.00019156201043031706,
      0.9981360665147616,
      8.250709786055039e-19
    ],
    [
      0.2518117154655928,
      3.824403733751625e-06,
      0.7464659565977191,
      0.0017185035329546632
    ],
    [
      0.029985027607658494,
      0.0008945696991300858,
      0.9691204019947246,
      6.984870657042477e-10
    ],
    [
      0.04205509571978213,
      0.0004233710676584487,
      0.9575215284084427,
      4.804116615160146e-09
    ],
    [
      0.02219219849496656,
      3.704670976285938e-05,
      0.9777707536604177,
      1.1348531070613938e-09
    ],
    [
      0.00033267199783717496,
      0.003738459609854278,
      0.9959288683923085,
      9.114937445617647e-23
    ],
    [
      2.151526052945156e-05,
      0.01213829184944362,
      0.9878401928900272,
      6.264480555852707e-29
    ],
    [
      0.045607377985652585,
      2.907474679830612e-05,
      0.9543634687878216,
      7.847972774609085e-08
    ],
    [
      0.02411432826287237,
      0.0010326867719835514,
      0.9748529847957595,
      1.6938469262224854e-10
    ],
    [
      0.0810347634594496,
      0.00035817211659646553,
      0.9186066618251636,
      4.0259879061194173e-07
    ],
    [
      0.0917427674749063,
      6.447116638292684e-06,
      0.9082237979608425,
      2.6987447612883964e-05
    ],
    [
      0.01940403571173253,
      0.001341713470176523,
      0.9792542507714436,
      4.6647227716769e-11
    ],
    [
      0.0032581568307449233,
      0.00011148401876159828,
      0.9966303591504934,
      2.9266885250911715e-16
    ],
    [
      0.0032568140985432432,
      5.6170226750904456e-05,
      0.9966870156747041,
      1.6943188743128157e-15
    ],
    [
      0.2616475333382162,
      7.87785363120378e-05,
      0.7373941949980777,
      0.000879493127393861
    ],
    [
      0.004035397766064609,
      5.903709808271014e-05,
      0.9959055651358458,
      6.910924755806827e-15
    ],
    [
      0.04603872308090822,
      0.00010372229545214813,
      0.9538575414175252,
      1.3206114324181334e-08
    ],
    [
      0.0012479968458008598,
      0.0008362857203603787,
      0.9979157174338388,
      9.516899740098083e-20
    ],
    [
      0.011526214811510716,
      0.0003892101649299454,
      0.9880845750228615,
      6.980219230075025e-13
    ],
    [
      0.03011307957454021,
      9.53289100177276e-06,
      0.9698771899718441,
      1.9756261419375157e-07
    ],
    [
      0.002586928246614199,
      3.8362790051263e-05,
      0.9973747089633335,
      1.2372043953132187e-15
    ],
    [
      0.0010473402325224316,
      0.00016110286751691805,
      0.9987915568999611,
      2.5332170259113354e-20
    ],
    [
      0.00795800203901445,
      0.000530818642159635,
      0.9915111793187749,
      5.0971054328536885e-14
    ],
    [
      0.020944759047261972,
      0.00028507568804112665,
      0.978770165219672,
      4.502480094384239e-11
    ],
    [
      0.024655738019674817,
      4.176301569946988e-05,
      0.9753024974387859,
      1.5258398531660139e-09
    ],
    [
      0.01888096627141917,
      4.875252430877808e-07,
      0.980507960796129,
      0.0006105854072091116
    ],
    [
      0.27617049416060485,
      0.00030475821825425356,
      0.7103387927856936,
      0.013185954835447551
    ],
    [
      0.0009398778051998547,
      3.3313855198934825e-05,
      0.9990268083396016,
      6.346304857327359e-19
    ],
    [
      0.005691827914433234,
      5.6485825808940794e-05,
      0.9942516862596699,
      8.807973783475877e-14
    ],
    [
      0.04693551776409041,
      0.001617233413303202,
      0.9514472131337639,
      3.5688842391840815e-08
    ],
    [
      1.9071076884037318e-12,
      7.480107200232048e-06,
      4.298062897956856e-08,
      0.9999924769102638
    ],
    [
      0.00038675986606805974,
      4.3358622078755035e-06,
      0.0020549165262978494,
      0.9975539877454265
    ],
    [
      1.5835904995180713e-25,
      2.8823289430414465e-05,
      8.293822498341046e-15,
      0.9999711767105615
    ],
    [
      8.74712027278426e-09,
      5.726012762188456e-06,
      4.15756409923717e-06,
      0.9999901076760184
    ],
    [
      2.2632662097391526e-25,
      0.00013787780352749184,
      1.468034457322601e-14,
      0.9998621221964581
    ],
    [
      1.5879859299983756e-10,
      8.849596792018692e-06,
      4.901610137866071e-07,
      0.9999906600833957
    ],
    [
      1.0339413501132827e-19,
      0.00013174507798683407,
      1.1766313753141676e-11,
      0.9998682549102469
    ],
    [
      2.948044723841886e-37,
      1.4507104276232402e-06,
      6.7070229115862695e-21,
      0.9999985492895725
    ],
    [
      1.0368052895388384e-23,
      3.9074782039651094e-05,
      7.507957855734755e-14,
      0.9999609252178853
    ],
    [
      3.950300845784603e-09,
      0.0035529297662427557,
      1.6437147986007758e-05,
      0.9964306291354702
    ],
    [
      5.9664191713236876e-05,
      5.824656404578342e-06,
      0.0006944466378235047,
      0.9992400645140589
    ],
    [
      1.4432502101415722e-13,
      3.989624151717635e-06,
      9.842235462574874e-09,
      0.9999960005334686
    ],
    [
      1.3981887589814509e-13,
      2.2200485506406265e-05,
      1.3029014275938727e-08,
      0.9999777864853397
    ],
    [
      1.0939280964412885e-09,
      3.6102014951050873e-06,
      1.2149963360626824e-06,
      0.9999951737082409
    ],
    [
      4.916220411637123e-07,
      0.002950983356081829,
      0.00024431654353152833,
      0.996804208478346
    ],
    [
      1.3917103034906712e-14,
      0.00017183565646336927,
      6.368952193712291e-09,
      0.9998281579745709
    ],
    [
      2.859305713074657e-06,
      4.738208152077567e-06,
      0.00010895625367015203,
      0.9998834462324648
    ],
    [
      1.0652860148581601e-10,
      3.6126888338788176e-05,
      5.370996519392742e-07,
      0.9999633359054808
    ],
    [
      3.4965911775610114e-12,
      5.796300636722043e-06,
      5.717036089869052e-08,
      0.9999941465255061
    ],
    [
      7.075282478240786e-13,
      0.0001992487203170688,
      5.5065228380849906e-08,
      0.9998006962137469
    ],
    [
      0.16491515709607718,
      1.692871242191604e-05,
      0.17661917392597107,
      0.6584487402655299
    ],
    [
      0.49968448418923883,
      2.8071282205061985e-09,
      0.18115944183416777,
      0.31915607116946487
    ],
    [
      8.851752069409451e-05,
      1.462534692930279e-05,
      0.0011000881052406727,
      0.9987967690271359
    ],
    [
      0.48779446030357587,
      2.148760287920262e-09,
      0.1894187204130039,
      0.3227868171346602
    ],
    [
      8.815170403740276e-26,
      1.4260508923542716e-05,
      5.353287238894654e-15,
      0.9999857394910711
    ],
    [
      8.107171187696684e-53,
      2.676031622036713e-06,
      1.4094420541622778e-28,
      0.9999973239683784
    ],
    [
      2.5234074808967635e-24,
      0.00010658756887727432,
      4.679709230725475e-14,
      0.9998934124310759
    ],
    [
      1.6289162055511896e-08,
      0.015225252486904201,
      6.174582712350089e-05,
      0.9847129853968107
    ],
    [
      0.000248552432141473,
      1.5403998817253334e-06,
      0.001265023071460923,
      0.9984848840965163
    ],
    [
      1.2798504073394053e-26,
      0.00028359825535111295,
      4.205388055754047e-15,
      0.9997164017446448
    ],
    [
      8.256833405187452e-34,
      0.021294622268319106,
      4.902161843622435e-18,
      0.978705377731681
    ],
    [
      0.005902309565723765,
      9.858595552495224e-07,
      0.0086450009041156,
      0.985451703670605
    ],
    [
      1.6912380480819565e-42,
      0.0020095003798827004,
      1.0751710448562898e-22,
      0.9979904996201175
    ],
    [
      2.844504450048521e-14,
      0.002681564317968123,
      2.2426225952631268e-08,
      0.9973184132557779
    ],
    [
      1.717988915510977e-40,
      6.828404968940447e-06,
      1.9490514019108034e-22,
      0.9999931715950313
    ],
    [
      3.0791949982155707e-13,
      5.3794271420358e-05,
      2.4548256746750557e-08,
      0.9999461811800151
    ],
    [
      2.8766181154533326e-19,
      0.0004300905332456406,
      2.8304648715444987e-11,
      0.9995699094384498
    ],
    [
      7.701853665070693e-30,
      4.10809092892644e-05,
      5.881608446650774e-17,
      0.9999589190907107
    ],
    [
      9.857553327894241e-12,
      0.00018505036569383036,
      2.2615932768116407e-07,
      0.9998147234651208
    ],
    [
      4.79117081875249e-06,
      8.308270390854458e-07,
      0.00011127281574746714,
      0.9998831051863948
    ],
    [
      1.2563918902348447e-38,
      0.0020717784131050816,
      8.494305077432176e-21,
      0.9979282215868946
    ],
    [
      1.357070608881654e-09,
      4.261507337224479e-06,
      1.4037835520948595e-06,
      0.9999943333520402
    ],
    [
      0.19167002534183603,
      8.955603202509885e-07,
      0.10211064356335421,
      0.7062184355344892
    ],
    [
      0.006804551446203728,
      4.115423169792578e-06,
      0.012896680422150163,
      0.9802946527084765
    ],
    [
      0.44727011529248784,
      1.1933285014595234e-06,
      0.5169783803650948,
      0.03575031101391558
    ],
    [
      3.216103039534705e-16,
      0.0012011980043441068,
      1.5670802046702621e-09,
      0.9987988004285754
    ],
    [
      5.011070165037529e-06,
      0.0012274222016722268,
      0.0007126322494473185,
      0.9980549344787153
    ],
    [
      9.942135861663142e-28,
      0.0005059276815592823,
      1.3816098094618505e-15,
      0.9994940723184395
    ],
    [
      0.0021019760869080088,
      9.407239637434571e-08,
      0.0034163709826655194,
      0.9944815588580299
    ],
    [
      1.0738811824607045e-31,
      6.470742852172458e-07,
      4.4976650225971884e-18,
      0.999999352925715
    ],
    [
      1.2740381674774874e-16,
      0.000527842923687451,
      7.36440067975933e-10,
      0.9994721563398722
    ],
    [
      0.142127201422284,
      1.0544669757836761e-06,
      0.0829961629706991,
      0.7748755811400416
    ],
    [
      0.30754112634087305,
      1.5620721793851823e-08,
      0.07265402886692847,
      0.6198048291714767
    ],
    [
      7.522163391486178e-43,
      2.3177806333149327e-05,
      1.7373613191339502e-23,
      0.9999768221936667
    ],
    [
      5.0262558469973454e-09,
      2.4213895075770494e-05,
      4.1538385836658e-06,
      0.9999716272400847
    ],
    [
      2.183067477141678e-51,
      9.63755142117294e-06,
      9.30339645190675e-28,
      0.9999903624485786
    ],
    [
      3.448286093397576e-34,
      0.0003622251361581318,
      7.245907959398889e-19,
      0.9996377748638422
    ],
    [
      3.1769445585421426e-09,
      2.5871932299668634e-06,
      2.0864464204934842e-06,
      0.9999953231834049
    ],
    [
      1.9900370194473164e-20,
      4.9975038039917345e-06,
      2.5705279973190224e-12,
      0.9999950024936258
    ],
    [
      9.191943417076071e-14,
      0.0009613737297592197,
      2.980788077591429e-08,
      0.9990385964622681
    ],
    [
      3.5590418585131336e-28,
      0.0002821015248062376,
      6.861967037927492e-16,
      0.9997178984751931
    ],
    [
      1.0331039589434667e-20,
      9.106258652748507e-06,
      1.980318298044164e-12,
      0.9999908937393668
    ],
    [
      1.1173918039099065e-14,
      4.079411616804488e-06,
      2.5375679891686453e-09,
      0.9999959180508041
    ],
    [
      5.130456719743084e-21,
      3.761193783518919e-06,
      1.2424280908591093e-12,
      0.9999962388049742
    ],
    [
      0.4998781902453238,
      5.208262535189285e-08,
      0.19693602290026044,
      0.3031857347717906
    ],
    [
      2.539702765590978e-23,
      0.00012904544427877525,
      1.606106465076267e-13,
      0.9998709545555607
    ],
    [
      9.151397618242767e-15,
      2.931645566593191e-05,
      3.226706339335965e-09,
      0.9999706803176189
    ],
    [
      1.2594807685059532e-06,
      0.00016250308938493214,
      0.00016640406624691614,
      0.9996698333635997
    ],
    [
      1.0034162186791738e-20,
      1.527229478390975e-05,
      2.1269316490540187e-12,
      0.9999847277030894
    ],
    [
      1.8181373812149258e-16,
      4.847055639216285e-07,
      3.069401116413673e-10,
      0.9999995149874956
    ],
    [
      3.615450268121755e-38,
      0.00293267976483729,
      1.6230912721507364e-20,
      0.9970673202351624
    ],
    [
      0.27395842198131204,
      1.9892752285713978e-07,
      0.10323795397528367,
      0.6228034251158817
    ],
    [
      4.0344766705332457e-07,
      4.408475121658711e-05,
      5.909579426638168e-05,
      0.9998964160068501
    ],
    [
      0.002957117983642626,
      4.927953147528099e-09,
      0.48955503699810426,
      0.5074878400903008
    ],
    [
      5.8217313744702615e-15,
      4.958834202885462e-06,
      1.8401015466594205e-09,
      0.9999950393256899
    ],
    [
      1.1783859448524094e-40,
      5.724341402584358e-05,
      2.651255189238594e-22,
      0.9999427565859739
    ],
    [
      3.0741538941870446e-24,
      2.4057929825895126e-06,
      2.676010071065356e-14,
      0.9999975942069911
    ],
    [
      1.6396827112758075e-22,
      4.858682868447358e-06,
      2.1605989089667274e-13,
      0.9999951413169157
    ],
    [
      0.40465721138236826,
      2.6288253863090486e-06,
      0.2588012469664883,
      0.33653891282575715
    ],
    [
      9.09064749523546e-13,
      0.0057120693390805295,
      1.8980791305272627e-07,
      0.9942877408520977
    ],
    [
      2.0497342277796678e-12,
      4.8596874937839795e-06,
      4.1770820529115654e-08,
      0.9999950985396359
    ],
    [
      0.19591828940329567,
      3.334387106210241e-06,
      0.13829319062733503,
      0.6657851855822635
    ],
    [
      2.77189390841808e-29,
      3.686408921812424e-05,
      1.0932883486168556e-16,
      0.9999631359107819
    ],
    [
      2.717865071072664e-26,
      2.51697287349871e-06,
      2.3950816416908046e-15,
      0.999997483027124
    ],
    [
      0.0017113446234310221,
      0.004396606405450444,
      0.03925617695551299,
      0.9546358720156061
    ],
    [
      3.862344435713205e-36,
      0.00023066430268097395,
      6.773746247853172e-20,
      0.9997693356973191
    ],
    [
      1.2729750321906562e-22,
      1.9321334710372266e-05,
      2.340694307570833e-13,
      0.9999806786650559
    ],
    [
      1.1215234603322058e-21,
      7.823027052290652e-06,
      6.158546762102817e-13,
      0.9999921769723318
    ],
    [
      9.213802775929663e-13,
      5.405410236718564e-06,
      2.7610246985032074e-08,
      0.9999945669785949
    ],
    [
      3.3046283266489206e-10,
      2.8151534076785115e-05,
      9.44455870556486e-07,
      0.99997090367959
    ],
    [
      1.8715809159444962e-16,
      6.06681660690504e-06,
      3.087130123058849e-10,
      0.99999393287468
    ],
    [
      3.721299077245945e-21,
      0.0006801881268542432,
      3.429318306607362e-12,
      0.9993198118697165
    ],
    [
      6.555501663920697e-08,
      1.8334463431183084e-06,
      1.0729109081332878e-05,
      0.9999873718895591
    ],
    [
      6.981201222139718e-12,
      0.00040358255512935106,
      2.368713355089787e-07,
      0.9995961805665539
    ],
    [
      6.224489810661689e-42,
      0.00014314164529516046,
      8.185401001585907e-23,
      0.9998568583547052
    ],
    [
      1.3315385671720344e-22,
      0.0003800497851878659,
      5.143266171700091e-13,
      0.9996199502142981
    ],
    [
      3.20898497605259e-24,
      1.195001835680524e-06,
      2.7548342205123877e-14,
      0.9999988049981372
    ],
    [
      3.7546987657215275e-41,
      3.538782644167519e-05,
      1.326262259032521e-22,
      0.9999646121735584
    ],
    [
      2.39683654443212e-10,
      3.3701963003938306e-06,
      5.23366660201414e-07,
      0.999996106197356
    ],
    [
      1.6665991366302771e-06,
      3.4528079545921574e-07,
      5.820942563984458e-05,
      0.999939778694428
    ],
    [
      4.038455370023384e-14,
      2.6954688300560703e-06,
      4.808943229544013e-09,
      0.9999972997221861
    ],
    [
      1.4017465640551423e-22,
      8.00822092781043e-05,
      3.3996546552352954e-13,
      0.9999199177903823
    ],
    [
      3.9061726007583495e-26,
      2.4220521124442378e-05,
      3.92044389325038e-15,
      0.999975779478872
    ],
    [
      0.0005755759153895289,
      1.3082465679630895e-06,
      0.0020625470761452772,
      0.9973605687618973
    ],
    [
      4.386740545175078e-05,
      5.99396839754849e-07,
      0.00038801954474968484,
      0.9995675136529587
    ],
    [
      5.319585226049358e-07,
      0.00206549711171393,
      0.00022644417009372357,
      0.9977075267596697
    ],
    [
      8.35970873346692e-62,
      5.123346133782337e-07,
      4.3927239124366235e-33,
      0.9999994876653869
    ],
    [
      3.194590439531077e-07,
      1.0304941718477372e-05,
      3.6061579640483465e-05,
      0.9999533140195972
    ],
    [
      3.345577423066877e-09,
      5.611140288318114e-06,
      2.4243980603946735e-06,
      0.999991961116074
    ],
    [
      2.7122226506693647e-12,
      2.7766527017512575e-05,
      6.781314147071402e-08,
      0.999972165657129
    ],
    [
      0.006537996451789215,
      7.320466429432499e-06,
      0.014403045114461964,
      0.9790516379673193
    ],
    [
      1.531708819700816e-09,
      9.612555062048404e-06,
      1.7408469182114354e-06,
      0.9999886450663109
    ],
    [
      4.582523023010314e-20,
      2.156162604378703e-05,
      4.9898128700737765e-12,
      0.9999784383689665
    ],
    [
      5.777377053455059e-09,
      8.468320432052036e-06,
      3.555533815355978e-06,
      0.9999879703683757
    ],
    [
      6.742147422819719e-09,
      0.03600214676529617,
      5.16026815622928e-05,
      0.9639462438109946
    ],
    [
      7.162368933329933e-05,
      3.618973857394236e-06,
      0.000700004047096338,
      0.9992247532897128
    ],
    [
      0.007709363549339997,
      1.067369970493957e-06,
      0.010474878330530015,
      0.9818146907501593
    ],
    [
      1.1246844160915159e-50,
      1.0767187868309596e-06,
      1.3801064875756636e-27,
      0.9999989232812136
    ],
    [
      1.0345256907655215e-46,
      7.545989066300372e-06,
      1.6979667065617434e-25,
      0.9999924540109341
    ],
    [
      2.635202736397221e-12,
      0.01146974269979498,
      4.3608749466498185e-07,
      0.9885298212100747
    ],
    [
      1.231925079647361e-09,
      1.6177831677460757e-05,
      1.7234225361816353e-06,
      0.9999820975138612
    ],
    [
      9.923586953427415e-05,
      8.776782394655429e-08,
      0.000614115374903034,
      0.9992865609877387
    ],
    [
      2.485737442215975e-10,
      0.0003518462135501923,
      1.626613859990909e-06,
      0.9996465269240163
    ],
    [
      1.5742966385392308e-37,
      0.0014059420838175255,
      2.557263966913363e-20,
      0.9985940579161824
    ],
    [
