{
  "dataset": "aniso",
  "algorithm": "gmm",
  "params": {
    "n_components": 5,
    "covariance_type": "tied"
  },
  "labels": [
    2,
    2,
    2,
    2,
    4,
    4,
    2,
    4,
    4,
    4,
    2,
    2,
    4,
    4,
    4,
    4,
    2,
    2,
    2,
    4,
    2,
    2,
    4,
    4,
    2,
    2,
    4,
    2,
    4,
    2,
    4,
    4,
    2,
    2,
    2,
    2,
    2,
    4,
    2,
    2,
    2,
    2,
    4,
    2,
    4,
    2,
    4,
    2,
    2,
    2,
    4,
    2,
    2,
    2,
    2,
    4,
    2,
    2,
    2,
    2,
    2,
    2,
    2,
    4,
    2,
    4,
    4,
    4,
    4,
    2,
    2,
    4,
    2,
    4,
    2,
    2,
    4,
    2,
    2,
    4,
    4,
    2,
    2,
    2,
    2,
    4,
    2,
    2,
    2,
    4,
    2,
    4,
    2,
    2,
    4,
    4,
    2,
    2,
    4,
    2,
    2,
    2,
    4,
    2,
    2,
    2,
    2,
    4,
    4,
    4,
    1,
    2,
    4,
    2,
    4,
    4,
    2,
    2,
    4,
    4,
    4,
    2,
    4,
    2,
    2,
    4,
    2,
    4,
    2,
    2,
    4,
    4,
    2,
    2,
    4,
    2,
    2,
    4,
    2,
    2,
    2,
    2,
    1,
    2,
    2,
    2,
    4,
    2,
    2,
    2,
    4,
    2,
    2,
    2,
    2,
    4,
    2,
    2,
    2,
    2,
    2,
    4,
    4,
    2,
    2,
    2,
    0,
    4,
    0,
    0,
    0,
    0,
    0,
    3,
    0,
    0,
    0,
    0,
    0,
    0,
    0,
    0,
    0,
    0,
    0,
    0,
    4,
    4,
    0,
    4,
    0,
    3,
    0,
    0,
    4,
    0,
    3,
    4,
    3,
    0,
    3,
    0,
    0,
    0,
    0,
    0,
    3,
    0,
    4,
    4,
    4,
    0,
    0,
    3,
    4,
    0,
    0,
    4,
    4,
    3,
    0,
    3,
    3,
    0,
    0,
    0,
    3,
    0,
    0,
    0,
    4,
    0,
    0,
    0,
    0,
    0,
    3,
    4,
    0,
    4,
    0,
    3,
    0,
    0,
    4,
    0,
    0,
    4,
    0,
    0,
    0,
    3,
    0,
    0,
    0,
    0,
    0,
    0,
    0,
    0,
    3,
    0,
    0,
    3,
    0,
    0,
    0,
    0,
    0,
    4,
    4,
    0,
    3,
    0,
    0,
    0,
    4,
    0,
    0,
    0,
    0,
    4,
    4,
    3,
    3,
    0,
    0,
    4,
    0,
    3,
    0,
    0,
    0,
    0,
    4,
    0,
    0,
    4,
    0,
    0,
    0,
    0,
    0,
    0,
    3,
    0,
    0,
    4,
    0,
    0,
    0,
    4,
    4,
    0,
    0,
    3,
    0,
    0,
    0,
    0,
    0,
    0,
    0,
    3,
    0,
    4,
    0,
    4,
    0,
    0,
    0,
    0,
    1,
    1,
    1,
    1,
    1,
    1,
    1,
    1,
    1,
    1,
    1,
    1,
    1,
    1,
    1,
    1,
    1,
    1,
    1,
    1,
    1,
    1,
    1,
    1,
    1,
    1,
    1,
    1,
    1,
    1,
    1,
    1,
    1,
    1,
    1,
    1,
    1,
    3,
    1,
    1,
    1,
    1,
    1,
    1,
    1,
    1,
    1,
    1,
    1,
    3,
    1,
    1,
    1,
    1,
    1,
    1,
    1,
    1,
    1,
    1,
    1,
    1,
    1,
    1,
    1,
    1,
    1,
    1,
    1,
    1,
    1,
    1,
    1,
    1,
    1,
    1,
    1,
    1,
    1,
    3,
    1,
    1,
    1,
    1,
    1,
    1,
    1,
    1,
    1,
    1,
    1,
    1,
    1,
    1,
    1,
    1,
    1,
    1,
    1,
    3,
    1,
    1,
    1,
    1,
    1,
    1,
    1,
    1,
    3,
    1,
    1,
    1,
    1,
    1,
    1,
    1,
    1,
    1,
    1,
    1,
    1,
    1,
    1,
    1,
    1,
    1,
    1,
    1,
    1,
    1,
    1,
    1,
    1,
    1,
    1,
    1,
    1,
    1,
    1,
    1,
    1,
    1,
    1,
    1,
    1,
    1,
    1,
    1,
    1,
    1,
    1,
    1,
    1,
    1,
    1,
    1,
    1,
    1,
    1,
    1,
    1,
    1,
    1,
    1,
    1,
    1
  ],
  "means": [
    {
      "x": -2.093812678521831,
      "y": -2.113315948590559
    },
    {
      "x": 3.0835862811946355,
      "y": -2.839129388213675
    },
    {
      "x": 3.006084282315717,
      "y": 1.992285825792266
    },
    {
      "x": -1.378275860096159,
      "y": -5.323063097915029
    },
    {
      "x": -0.5761576847137772,
      "y": 1.7431047266785844
    }
  ],
  "probabilities": [
    [
      1.572513336781218e-05,
      1.990102475832353e-06,
      0.9981307041333702,
      3.8296670551572786e-11,
      0.0018515805924894451
    ],
    [
      6.484042875887198e-07,
      5.253204093278882e-09,
      0.9950650648827456,
      2.413390958540747e-14,
      0.004934281459738587
    ],
    [
      0.0009211969862454925,
      3.7360979924077015e-08,
      0.7827426253963204,
      7.181411573892296e-11,
      0.21633614018463976
    ],
    [
      9.10314388700555e-09,
      2.2162751733957074e-05,
      0.9999749628158164,
      3.725227703904098e-13,
      2.8653289336390005e-06
    ],
    [
      0.00032235592666147246,
      1.1193911057260216e-10,
      0.21118279851960425,
      7.476859597643775e-13,
      0.7884948454410473
    ],
    [
      0.0029544869858758537,
      1.6504874472834614e-08,
      0.48953045669317014,
      1.4265547407726548e-10,
      0.5075150396734243
    ],
    [
      0.0008061300007859044,
      0.0006653603954415951,
      0.9972830058021859,
      1.0619106772645183e-07,
      0.001245397610518896
    ],
    [
      0.0014729789196907613,
      6.364668561128736e-15,
      0.00015700437675854052,
      1.5236471418161468e-13,
      0.9983700167033919
    ],
    [
      0.0003665997774965006,
      4.901702020401962e-13,
      0.0078069368612009235,
      1.0509874967232895e-13,
      0.9918264633607075
    ],
    [
      0.03351998546464574,
      1.5252244974776912e-08,
      0.11636072120428047,
      2.8150349963073693e-09,
      0.8501192752637937
    ],
    [
      6.980098322778641e-08,
      0.00067448863807297,
      0.9993235686109283,
      3.088745828384092e-11,
      1.872919128235722e-06
    ],
    [
      0.0010975073999776926,
      3.3598709159226336e-05,
      0.9912091501399234,
      1.3849705754686264e-08,
      0.007659729901234113
    ],
    [
      0.0009078035622570976,
      4.292699585324239e-10,
      0.21196244005834586,
      5.201401664228415e-12,
      0.787129755944926
    ],
    [
      0.0002624186420677231,
      6.190832038806586e-14,
      0.0027634767165112023,
      3.0963518801787646e-14,
      0.9969741046413282
    ],
    [
      0.002373953752765627,
      1.7477059464393143e-09,
      0.22888846956504716,
      3.389201279384004e-11,
      0.7687375749005897
    ],
    [
      1.0825689404450848e-05,
      2.479273464390678e-14,
      0.02076925995042609,
      2.5811810012769734e-16,
      0.9792199143601443
    ],
    [
      0.0010304314123433446,
      4.686516346678142e-06,
      0.9780310280599782,
      2.880984106400166e-09,
      0.020933851130347587
    ],
    [
      1.1088728520008921e-05,
      0.0010425543807715018,
      0.9988963998246438,
      3.5833462956204642e-09,
      4.995348271848433e-05
    ],
    [
      0.0010388703250564155,
      0.0006668656000792003,
      0.9968113387941848,
      1.3273197473544164e-07,
      0.0014827925487047552
    ],
    [
      0.0003345947591673081,
      1.7048938243372014e-14,
      0.0009962261895824108,
      2.725062952845611e-14,
      0.9986691790512061
    ],
    [
      2.563492561878945e-06,
      2.2008895098855026e-06,
      0.9994967937474027,
      8.513425291114561e-12,
      0.0004984418620119298
    ],
    [
      0.0005903696629723484,
      1.1016351367707277e-07,
      0.8996008104610538,
      1.0283272999458111e-10,
      0.09980870960962752
    ],
    [
      0.0030533458502949155,
      3.310751023016506e-13,
      0.0010685117447684512,
      1.77470908533871e-12,
      0.995878142402831
    ],
    [
      9.295562581725843e-05,
      8.954891623207415e-12,
      0.13149198963367592,
      4.866787876605521e-14,
      0.8684150547315033
    ],
    [
      0.0003657324796218104,
      0.0006398317789692232,
      0.9982589827518853,
      5.170724275388085e-08,
      0.0007354012822810465
    ],
    [
      5.942224949102587e-05,
      2.0534938450174073e-06,
      0.9953674980032121,
      1.2520138847367318e-10,
      0.004571026128250856
    ],
    [
      0.0002467013327094817,
      6.739381255528638e-12,
      0.05435616433560864,
      1.6166818912933093e-13,
      0.9453971343247806
    ],
    [
      1.6640760442725216e-07,
      5.146737198854701e-07,
      0.9998360247915001,
      2.5517480120690817e-13,
      0.00016329412692069723
    ],
    [
      0.0022438217657077915,
      1.1515486337265393e-10,
      0.0539496772664251,
      9.996782202741464e-12,
      0.9438065008427154
    ],
    [
      8.35999001855255e-06,
      8.098805826712606e-09,
      0.9772799081627827,
      3.1676465349682416e-13,
      0.02271172374807622
    ],
    [
      0.0016927051597570792,
      3.7251759001481577e-09,
      0.3791053635938645,
      3.273399245179238e-11,
      0.6192019274884686
    ],
    [
      0.016589372275989896,
      4.4384039883068463e-10,
      0.025061135440575366,
      2.661228566497745e-10,
      0.9583494915734715
    ],
    [
      3.201190148107818e-07,
      2.641353813604528e-08,
      0.9987286272338485,
      4.540076297535956e-14,
      0.0012710262335533405
    ],
    [
      5.871362995274849e-05,
      5.401912597943182e-10,
      0.7112156839762731,
      2.617201045689056e-13,
      0.2887256018533209
    ],
    [
      6.908925268063607e-05,
      7.3566633845997395e-06,
      0.9973659134782192,
      3.826532086341265e-10,
      0.002557640223062441
    ],
    [
      3.161460644215256e-06,
      9.514555643094412e-10,
      0.9638002251187147,
      2.612990043265948e-14,
      0.03619661246915901
    ],
    [
      1.8822046577769247e-05,
      5.784051703680991e-11,
      0.6143377745438442,
      1.8952885934641244e-14,
      0.3856434033517185
    ],
    [
      1.227561836821139e-05,
      4.946604229997812e-23,
      5.42854658996516e-08,
      2.1392166611236402e-19,
      0.9999876700961662
    ],
    [
      0.000199893044553134,
      3.7098948878464046e-07,
      0.9736328681748317,
      9.728386306364731e-11,
      0.026166867693842532
    ],
    [
      0.0021048111759731513,
      0.00038500116318689693,
      0.9942631116970311,
      1.6082947381005015e-07,
      0.003246915134335051
    ],
    [
      0.0003125550580991285,
      3.0513982780314e-09,
      0.6592760775456598,
      4.504195614430201e-12,
      0.34041136434033825
    ],
    [
      9.778253728210674e-08,
      0.0023829306995174315,
      0.9976157734817503,
      1.1012160788756097e-10,
      1.1979260729733678e-06
    ],
    [
      0.0037492803270887877,
      4.576345616654783e-10,
      0.08210520901284038,
      3.4679792962447286e-11,
      0.9141455101677566
    ],
    [
      7.481902046318347e-07,
      3.141389697025092e-06,
      0.9998210235582102,
      3.832488117141048e-12,
      0.00017508685805569092
    ],
    [
      0.0003454923102520361,
      6.543609849281421e-11,
      0.1539069486738134,
      6.42995530905618e-13,
      0.8457475589498558
    ],
    [
      2.945567325443555e-05,
      2.0321968315189383e-09,
      0.8936898016777927,
      3.45090752050253e-13,
      0.10628074061641056
    ],
    [
      0.002576516188952151,
      6.601216884141633e-10,
      0.13227724674849894,
      2.4411180790588733e-11,
      0.8651462363780161
    ],
    [
      0.013484280883869732,
      2.4725242314135397e-06,
      0.8327870945370367,
      1.832269310595639e-08,
      0.15372613373216873
    ],
    [
      2.8044004815598442e-05,
      1.2428440931551467e-07,
      0.987765727440889,
      7.469326759296436e-12,
      0.012206104262416861
    ],
    [
      0.0002849610140448778,
      1.7535422305891406e-07,
      0.9506136789674468,
      7.536617413845822e-11,
      0.04910118458891909
    ],
    [
      0.001511770003993963,
      1.5034209040044464e-13,
      0.0011533231028812638,
      4.971227325559659e-13,
      0.9973349068924774
    ],
    [
      0.00372892683783829,
      2.027628252651337e-07,
      0.7697591472997971,
      9.084925891085732e-10,
      0.22651172219104712
    ],
    [
      0.00023316463450267976,
      3.895275741014265e-09,
      0.7333313244052849,
      3.9347891195322545e-12,
      0.2664355070610018
    ],
    [
      3.598313869322831e-09,
      0.0014091377680044233,
      0.9985906979438287,
      4.123782889762189e-12,
      1.6068572922805918e-07
    ],
    [
      5.597320045847101e-05,
      3.9423819376838146e-07,
      0.9893359212086261,
      3.3283215895516874e-11,
      0.010607711319438558
    ],
    [
      0.00028126288670847526,
      3.184291442194923e-17,
      2.0922862137512687e-05,
      2.192779408896919e-15,
      0.9996978142511523
    ],
    [
      2.562421844052745e-06,
      2.0968038247769875e-12,
      0.5086627307617093,
      2.8931902774797247e-16,
      0.49133470681434926
    ],
    [
      0.00031335547461585337,
      4.843975888920709e-09,
      0.7149495911109384,
      6.125417946263215e-12,
      0.2847370485643443
    ],
    [
      0.0013577223480350834,
      6.538229839606334e-06,
      0.9774548722046508,
      4.742060432473865e-09,
      0.021180862475414217
    ],
    [
      1.1281617644571711e-07,
      2.0125649460294235e-06,
      0.9999380347135713,
      5.222013616322386e-13,
      5.9839904783966364e-05
    ],
    [
      8.598248911359004e-06,
      0.0002447348571623243,
      0.9996552547652664,
      9.35207634365548e-10,
      9.141119345226133e-05
    ],
    [
      4.895429513780926e-07,
      0.05459763204520444,
      0.9454012243231367,
      5.231951390524848e-09,
      6.488567555547607e-07
    ],
    [
      3.5685723145397747e-07,
      2.4104288297837685e-10,
      0.9830473365151133,
      1.3326194629328709e-15,
      0.016952306386610917
    ],
    [
      0.0037271463389360903,
      6.840139601979624e-11,
      0.02633376431547541,
      1.651326775551153e-11,
      0.9699390892606741
    ],
    [
      0.0002493889395821325,
      9.251882056005626e-07,
      0.9809760725949663,
      2.380545320898621e-10,
      0.018773613039191707
    ],
    [
      0.0003520663306735962,
      2.0221650498205886e-15,
      0.00024550107884354695,
      1.3513610716254121e-14,
      0.9994024325904676
    ],
    [
      0.00022710172359441717,
      1.128064413494265e-13,
      0.004553763565997983,
      3.1463875157549743e-14,
      0.9952191347102632
    ],
    [
      1.6185257470607594e-05,
      2.2604064368068763e-15,
      0.0033074388527614407,
      1.8796985373380843e-16,
      0.9966763758897658
    ],
    [
      0.0024278707192087576,
      2.4357927981053283e-10,
      0.07896139261893327,
      1.495142988137844e-11,
      0.9186107364033274
    ],
    [
      1.1840995298398527e-05,
      0.0010321813787062591,
      0.9989034088900249,
      3.765038055296762e-09,
      5.256497093214026e-05
    ],
    [
      9.086090429891408e-06,
      1.1103935509345468e-09,
      0.9325732300124053,
      7.54769608717802e-14,
      0.06741768278669581
    ],
    [
      0.00024127352975588582,
      5.31994732526247e-16,
      0.0001429829378002486,
      4.9043177365624396e-15,
      0.9996157435324382
    ],
    [
      1.6372965459078964e-05,
      1.1863450728916871e-08,
      0.9706634911900798,
      7.678708805091186e-13,
      0.029320123980242283
    ],
    [
      0.019634849089495532,
      1.663254008119452e-10,
      0.011813720200281584,
      2.3431153073112786e-10,
      0.968551430309586
    ],
    [
      7.402668933679061e-06,
      3.8746950574545985e-07,
      0.9973456645455927,
      5.60399430610495e-12,
      0.0026465453103642527
    ],
    [
      3.210132681865332e-05,
      6.734837486750774e-08,
      0.9814236124960911,
      5.252694882057791e-12,
      0.018544218823462726
    ],
    [
      0.0006457018695847386,
      4.719871142695552e-11,
      0.08223957699063973,
      1.2903022002081027e-12,
      0.9171147210912861
    ],
    [
      0.00011250166591484551,
      6.6210347809705636e-06,
      0.9960876831948703,
      5.398806512689676e-10,
      0.0037931935645533913
    ],
    [
      2.6643082250529674e-09,
      0.0003702717181804925,
      0.9996294575541987,
      1.1278533939368617e-12,
      2.6806218432540604e-07
    ],
    [
      0.00011931386101646018,
      8.371796829100369e-15,
      0.0014775101200508684,
      4.963167082698867e-15,
      0.9984031760189195
    ],
    [
      0.00011148946843936815,
      6.454328205086447e-14,
      0.0057186858876443454,
      9.487528916974345e-15,
      0.9941698246438422
    ],
    [
      9.273989682232689e-07,
      0.0013539250792070127,
      0.9986373978981462,
      5.047433037675725e-10,
      7.749118935733903e-06
    ],
    [
      5.056782474526356e-07,
      2.921666457769853e-06,
      0.9998578633676016,
      2.5753870646632578e-12,
      0.00013870928511785607
    ],
    [
      1.4224836881471144e-07,
      3.060687776315238e-09,
      0.9976923957609585,
      4.229513805877031e-15,
      0.0023074589299805414
    ],
    [
      0.00223562858119543,
      3.2237957527764496e-07,
      0.8616868193962405,
      7.742465669866309e-10,
      0.13607722886874213
    ],
    [
      0.007781164738745875,
      8.79704536561508e-10,
      0.0691208012296323,
      1.2139278915726123e-10,
      0.9230980330305247
    ],
    [
      0.00018077953168982162,
      9.306492652071586e-09,
      0.842710012364433,
      5.6529545277690685e-12,
      0.157109198791732
    ],
    [
      1.3983527189957452e-05,
      1.085672102383904e-08,
      0.9723811604974402,
      6.241609557370493e-13,
      0.027604845118024572
    ],
    [
      1.9487158577869553e-05,
      1.4056817614849543e-10,
      0.7199576167521476,
      3.505197869481149e-14,
      0.28002289594867147
    ],
    [
      1.6214628806744634e-06,
      1.6596263501056497e-14,
      0.07190922065144068,
      1.6237056956766687e-17,
      0.9280891578856618
    ],
    [
      2.057614744524717e-05,
      7.776683852092957e-05,
      0.9995911209420657,
      8.241319061732949e-10,
      0.0003105352478362964
    ],
    [
      0.00021949368158631196,
      9.655977393753712e-14,
      0.004242599755574721,
      2.834636457411002e-14,
      0.995537906562714
    ],
    [
      0.00016143317193627834,
      5.786272084892136e-10,
      0.5487344603332767,
      7.877250724865659e-13,
      0.45110410591537187
    ],
    [
      1.640416852959491e-05,
      1.3336568780658482e-06,
      0.9976180579086018,
      2.916293460970487e-11,
      0.002364204236827567
    ],
    [
      0.043155339941874864,
      5.186031219019578e-08,
      0.18422849503448635,
      6.722847377516571e-09,
      0.7726161064404795
    ],
    [
      0.0001521080820189442,
      2.9502120670847914e-11,
      0.17620029487624456,
      1.5566602822301167e-13,
      0.8236475970120786
    ],
    [
      0.0003714545268274343,
      3.7160586913473656e-05,
      0.9961570483626294,
      5.806014049760122e-09,
      0.0034343307176154456
    ],
    [
      4.6613009213563034e-05,
      3.6601399066330094e-08,
      0.9670065788856144,
      4.579530492457885e-12,
      0.03294677149919371
    ],
    [
      0.0006495626242085025,
      5.786927478245654e-12,
      0.02310874665947267,
      5.800295283210344e-13,
      0.9762416907099519
    ],
    [
      0.0007779658086487464,
      1.0047991651186144e-05,
      0.9876935331837146,
      4.0425261252311756e-09,
      0.011518448973459732
    ],
    [
      1.2974085673059048e-05,
      5.177927497008713e-08,
      0.988527233420404,
      1.937185447209106e-12,
      0.011459740712710805
    ],
    [
      1.041214017826851e-07,
      4.1854994268788403e-07,
      0.9998676667713283,
      1.445161032174637e-13,
      0.0001318105571825799
    ],
    [
      0.006134339139888944,
      3.7574361006e-12,
      0.0028178586450966323,
      1.1418916620554048e-11,
      0.9910478021998381
    ],
    [
      5.682116936670357e-06,
      1.5356511589475752e-07,
      0.996372050748391,
      2.1763139869298245e-12,
      0.0036221135673800467
    ],
    [
      4.3941907154291e-08,
      1.5080572728420625e-13,
      0.8197434075825555,
      8.027720120511667e-19,
      0.1802565484753866
    ],
    [
      1.7283925053341186e-06,
      1.6574581005356018e-08,
      0.994749505852311,
      1.3797842530986157e-13,
      0.005248749180464529
    ],
    [
      3.821957003856161e-07,
      1.0455586234596068e-06,
      0.999799991923705,
      9.11302517233097e-13,
      0.00019858032105976413
    ],
    [
      0.00017599398462911307,
      1.9699568143788093e-10,
      0.3768435934129113,
      4.702577152423479e-13,
      0.6229804124049934
    ],
    [
      0.0019728870960920093,
      1.7721349910301086e-10,
      0.07672471904890119,
      9.93867383937836e-12,
      0.9213023936678543
    ],
    [
      0.0009436414538204422,
      9.43285058989679e-10,
      0.2964942500021125,
      7.966244347147646e-12,
      0.7025621075928161
    ],
    [
      8.014680707198475e-11,
      0.9851465423669366,
      0.014853457184487813,
      3.587722152567426e-10,
      9.657196495479995e-12
    ],
    [
      4.174602715726873e-05,
      0.0023916139626808997,
      0.9974865223401456,
      2.164499820625303e-08,
      8.009602501816157e-05
    ],
    [
      8.551999586481496e-05,
      6.6525929957637675e-12,
      0.11856746343626742,
      3.844382626378148e-14,
      0.8813470165611763
    ],
    [
      0.0006857050468460458,
      7.963398059301073e-06,
      0.9873507330154875,
      3.0259167626248363e-09,
      0.011955595513690558
    ],
    [
      0.0001996638085352053,
      2.93841828513869e-12,
      0.038840551516922985,
      8.786818608434547e-14,
      0.9609597846715159
    ],
    [
      0.0006458268947723822,
      2.7800945752849326e-11,
      0.06033250010534863,
      1.0464457362059163e-12,
      0.9390216729710316
    ],
    [
      0.0004161572993110964,
      1.2434643580816924e-06,
      0.9768186862601532,
      4.688035487045999e-10,
      0.02276391250737401
    ],
    [
      4.3383483383138443e-10,
      0.0009245643588069493,
      0.9990753887723711,
      4.708831848190349e-13,
      4.643451598908873e-08
    ],
    [
      0.00014018580066588873,
      2.6745520299092382e-18,
      7.643913512491828e-06,
      3.3677891709465395e-16,
      0.9998521702858212
    ],
    [
      0.00013495058405249826,
      2.292746414216737e-12,
      0.045393066989712516,
      4.6617051285779664e-14,
      0.9544719824238959
    ],
    [
      0.0014239604102642997,
      7.366379046053777e-11,
      0.058684686720436544,
      4.509124889977637e-12,
      0.9398913527911261
    ],
    [
      3.670972601245927e-06,
      3.437673137702791e-08,
      0.9940213740104336,
      4.679409411192622e-13,
      0.005974920639765957
    ],
    [
      0.0015851598219984765,
      1.439853475037842e-12,
      0.004666309207536351,
      1.2076017024887997e-12,
      0.993748530967818
    ],
    [
      0.004407968340539323,
      3.576072560723522e-08,
      0.5260505893872764,
      3.510090676159043e-10,
      0.46954140616044954
    ],
    [
      5.206757148372782e-09,
      0.000278527888677501,
      0.9997209693390404,
      1.6223674388059779e-12,
      4.975639028170013e-07
    ],
    [
      5.496144026560029e-05,
      8.668601807898877e-16,
      0.0006587431310336923,
      7.358797879773064e-16,
      0.9992862954286993
    ],
    [
      2.817316428819742e-10,
      0.00016064710412396987,
      0.9998392642751586,
      8.343276520269648e-14,
      8.833890296818519e-08
    ],
    [
      0.0015631856935761036,
      5.658194938363063e-14,
      0.0006019916406132302,
      3.6554647399373037e-13,
      0.9978348226653887
    ],
    [
      4.261536885150912e-07,
      0.0015719701619597041,
      0.9984234364473865,
      2.8774499747703386e-10,
      4.1669492204133115e-06
    ],
    [
      5.902556449700306e-06,
      3.5241454886319265e-08,
      0.9918113092639108,
      7.226130194918863e-13,
      0.008182752937462203
    ],
    [
      0.0010763582295997165,
      1.0425806563244536e-11,
      0.02221716800144591,
      1.4567637668527059e-12,
      0.9767064737570719
    ],
    [
      0.0007026623572450886,
      3.4666693821962424e-22,
      6.730657178705649e-09,
      1.2617256134039815e-16,
      0.9992973309120985
    ],
    [
      0.00492057829389488,
      2.4664622080890953e-06,
      0.912494604380275,
      7.161882760853051e-09,
      0.0825823437017389
    ],
    [
      1.1716093310437481e-07,
      0.19147235224700232,
      0.8085274189678716,
      4.393887598313433e-09,
      1.0723030530391867e-07
    ],
    [
      0.0008094663692776611,
      1.1874488545711658e-09,
      0.3528765359164909,
      7.443473226588422e-12,
      0.646313996519339
    ],
    [
      4.025773672654988e-07,
      0.07616853986297603,
      0.923830587389848,
      5.79387333428436e-09,
      4.6437593502568877e-07
    ],
    [
      2.8319750275635906e-07,
      4.6702421891843985e-05,
      0.9999321550082294,
      1.3260974997373177e-11,
      2.0859359115044096e-05
    ],
    [
      0.000258816821176621,
      3.32012640638868e-13,
      0.008106343276679397,
      5.6028219288960785e-14,
      0.9916348399017562
    ],
    [
      0.00016342826931585867,
      2.432481366476384e-06,
      0.9914396356594363,
      3.455537522712878e-10,
      0.008394503244327636
    ],
    [
      0.00024878614943905843,
      4.786484338977729e-07,
      0.9732052978891235,
      1.434094625822934e-10,
      0.02654543716959406
    ],
    [
      4.292516607437708e-05,
      8.133965049755075e-09,
      0.9321666794235809,
      1.3633384594625686e-12,
      0.06779038727501584
    ],
    [
      1.3332054045661763e-07,
      0.0767149943760664,
      0.9232846554029973,
      2.2247487907993753e-09,
      2.14675646878731e-07
    ],
    [
      4.952502750345e-10,
      0.9711460757742119,
      0.028853922539707345,
      1.1304738953475406e-09,
      6.035619339730899e-11
    ],
    [
      0.00016316710880493916,
      1.8507968398808956e-09,
      0.7010053440014729,
      1.6689460289458585e-12,
      0.29883148703725615
    ],
    [
      0.00010596691058144073,
      4.249918244569219e-06,
      0.9952731799781928,
      3.6385530944731686e-10,
      0.004616602829126292
    ],
    [
      0.0012456781493204129,
      1.3613949850521275e-07,
      0.8554247320031155,
      2.3986201136255573e-10,
      0.14332945346820322
    ],
    [
      0.00014487438055005425,
      5.646827760645381e-12,
      0.07344274284329506,
      7.301844118422815e-14,
      0.9264123827704351
    ],
    [
      7.584399243057251e-05,
      8.712867959610591e-06,
      0.9974241454406053,
      4.730808887769907e-10,
      0.002491297225923715
    ],
    [
      8.438639412517111e-07,
      3.1365093219154234e-06,
      0.9998055207992138,
      4.251138382428883e-12,
      0.00019049882327198535
    ],
    [
      8.828376397359088e-07,
      5.151779136682362e-07,
      0.9994789330238186,
      1.0934895855129237e-12,
      0.0005196689595347737
    ],
    [
      0.004279270894042005,
      4.841316784858627e-10,
      0.07680887176789909,
      4.243330012635541e-11,
      0.918911856811494
    ],
    [
      1.3191348354441784e-06,
      3.848793960711661e-07,
      0.9991949970429925,
      1.238572825207225e-12,
      0.0008032989415371786
    ],
    [
      0.00019411780145106903,
      3.452866155694191e-08,
      0.9126396853022758,
      1.575289417605019e-11,
      0.0871661623518585
    ],
    [
      3.40890303809038e-07,
      0.001040096430580271,
      0.9989551031400407,
      1.7203283855018292e-10,
      4.459367042126963e-06
    ],
    [
      1.2898986925309276e-05,
      3.435790355571308e-06,
      0.9987803584447399,
      4.914246863769144e-11,
      0.0012033067288371442
    ],
    [
      7.333163897917653e-05,
      9.982007906301133e-11,
      0.44115608476697843,
      1.170768683121291e-13,
      0.5587705834941055
    ],
    [
      6.353994558619807e-07,
      2.609097120244377e-07,
      0.9994026074625739,
      4.850583573988103e-13,
      0.0005964962277733708
    ],
    [
      1.236205668896219e-07,
      9.975916294039634e-05,
      0.999892320500276,
      1.1583755197279527e-11,
      7.796704633571155e-06
    ],
    [
      6.943636522242353e-06,
      1.1443225978461347e-05,
      0.9995717560004169,
      7.262019269738098e-11,
      0.00040985706446239946
    ],
    [
      4.152098891842397e-05,
      7.239741998460425e-07,
      0.9937192212191325,
      4.094000063246282e-11,
      0.006238533776809222
    ],
    [
      5.168843216645398e-05,
      9.718980774538725e-09,
      0.9300115076757994,
      1.842359955204611e-12,
      0.06993679417121083
    ],
    [
      4.435815268674074e-06,
      4.553808350181425e-16,
      0.00345124029494153,
      1.7140055889092486e-17,
      0.996544323889789
    ],
    [
      0.019218250154284525,
      1.6867867990426066e-09,
      0.0502470176934381,
      5.42541251842974e-10,
      0.9305347299229493
    ],
    [
      9.778839801453567e-08,
      1.8652427373762947e-06,
      0.9999415867973959,
      4.3470452577820085e-13,
      5.645017103427025e-05
    ],
    [
      2.5988790777666415e-06,
      1.782821012186684e-07,
      0.998052588576108,
      1.2340602777092145e-12,
      0.0019446342614791235
    ],
    [
      0.0008141852609780833,
      2.44052327754195e-06,
      0.9740136797119555,
      1.4201661269045508e-09,
      0.025169693083622994
    ],
    [
      0.996421819694238,
      6.170186531892475e-09,
      6.1089896244681965e-06,
      1.5483300908208016e-05,
      0.003556581845042777
    ],
    [
      0.309160815787532,
      1.731882115026926e-11,
      0.00019375661584958864,
      6.375769604441743e-09,
      0.69064542120353
    ],
    [
      0.9444271981200388,
      2.3038595866565496e-05,
      3.3697134499167895e-07,
      0.05554588213530052,
      3.5441774488187486e-06
    ],
    [
      0.9601484190671554,
      7.233799258214411e-10,
      2.807375579041441e-05,
      1.0676886353771077e-06,
      0.03982243876503903
    ],
    [
      0.8630219666755107,
      0.00019871170891821684,
      9.77777332489145e-07,
      0.1367757788269774,
      2.565011261155731e-06
    ],
    [
      0.9885064321607089,
      3.3530343181248582e-09,
      1.6688258772272877e-05,
      5.016855138023604e-06,
      0.011471859372346611
    ],
    [
      0.9919644572258812,
      1.511114082936477e-05,
      4.400070157643818e-06,
      0.007975772252647992,
      4.025931048362593e-05
    ],
    [
      0.3878724818609793,
      1.3686177473985248e-05,
      1.3137696793447964e-09,
      0.6121138072380006,
      2.3409776830888596e-08
    ],
    [
      0.9718114706785614,
      1.6211578511454095e-05,
      6.585490297844431e-07,
      0.028163968906983763,
      7.690286913552816e-06
    ],
    [
      0.9910907706898928,
      5.846665977383035e-06,
      0.001194919261384231,
      0.00010291464283907755,
      0.00760554873990627
    ],
    [
      0.5156278156441633,
      6.697071947842356e-11,
      0.00019789024511678732,
      2.7963545480913397e-08,
      0.4841742660802034
    ],
    [
      0.9979360489889133,
      3.438266704346924e-09,
      2.178381480082468e-06,
      1.918006767675618e-05,
      0.0020425891236635426
    ],
    [
      0.9984399109366059,
      6.028296601807024e-08,
      9.247781593666183e-06,
      6.922267351608922e-05,
      0.0014815583253185468
    ],
    [
      0.9766186652263324,
      5.06802594231484e-10,
      1.1733337982644583e-05,
      1.4445499134482204e-06,
      0.023368156378968937
    ],
    [
      0.9631360254451193,
      1.4676271024842375e-06,
      0.0029728862773495623,
      1.913988175098424e-05,
      0.03387048076867797
    ],
    [
      0.9989038774770473,
      1.916744635757116e-06,
      2.6150216221118838e-05,
      0.0005145668533843592,
      0.0005534887087116848
    ],
    [
      0.7679890048423973,
      1.3517649796243923e-10,
      9.331824843643515e-05,
      1.1063779940317007e-07,
      0.23191756613619027
    ],
    [
      0.9921592365713704,
      3.178547761774421e-08,
      4.409161089581315e-05,
      1.532105453763231e-05,
      0.007781318977718569
    ],
    [
      0.9956163512670373,
      3.5526998111131776e-09,
      5.4829002595101525e-06,
      1.0824018668387903e-05,
      0.004367338261335382
    ],
    [
      0.9983214457279951,
      1.0242555273398423e-06,
      5.377573183876684e-05,
      0.00019893748763271762,
      0.0014248167970060607
    ],
    [
      0.02111154993778135,
      2.7015648311848662e-12,
      0.0008134389041735396,
      5.7889650040343283e-11,
      0.978075011097454
    ],
    [
      5.3383396715946586e-05,
      3.201940276829798e-20,
      1.0057886109680078e-06,
      1.7514408394095297e-17,
      0.9999456108146736
    ],
    [
      0.5273672210396504,
      2.4327661222148334e-10,
      0.00042933278542808535,
      4.693705540867044e-08,
      0.472203398994589
    ],
    [
      3.9917165262950796e-05,
      1.5376687163365588e-20,
      8.001634895491938e-07,
      8.933504872368798e-18,
      0.9999592826712475
    ],
    [
      0.9613734637416559,
      8.553938634755544e-06,
      1.8483625428218646e-07,
      0.03861411300558006,
      3.6844778752314386e-06
    ],
    [
      0.00043369630549369253,
      8.982917878567218e-05,
      6.037694063309379e-13,
      0.999476474515001,
      1.156204486992018e-13
    ],
    [
      0.9269513373011188,
      9.084259985039995e-05,
      1.1160320528499666e-06,
      0.07295211073914931,
      4.593327828805269e-06
    ],
    [
      0.9888358596017799,
      2.3083101097290118e-05,
      0.0030286811568029388,
      0.0001630911501357352,
      0.007949284990184236
    ],
    [
      0.3065441410809753,
      3.6855421766254456e-12,
      7.306896901406598e-05,
      3.586258295620321e-09,
      0.6933827863600669
    ],
    [
      0.6791525543070058,
      0.0007562686753016632,
      9.404282929736189e-07,
      0.32008921311252053,
      1.0234768789080572e-06
    ],
    [
      0.005217522276020634,
      0.03112749624607776,
      2.0453818361209105e-08,
      0.9636549608380738,
      1.860094568214456e-10
    ],
    [
      0.07809785719514721,
      2.5391457543320787e-13,
      5.723755989770188e-05,
      1.6097973429137847e-10,
      0.9218449050837217
    ],
    [
      0.0004629191712379746,
      0.008032801997827911,
      1.4617482793158662e-10,
      0.9915042786836517,
      1.1079348416527115e-12
    ],
    [
      0.9970076138208984,
      5.745657916860346e-05,
      0.00013831707344191582,
      0.002435088490302742,
      0.00036152403618833375
    ],
    [
      0.04120957898061656,
      0.0001135690938058545,
      4.00971315366715e-10,
      0.9586768509443588,
      5.802471252226205e-10
    ],
    [
      0.998359339001741,
      1.937523983089801e-07,
      2.0021793805986113e-05,
      0.0001037716242975609,
      0.001516673827757073
    ],
    [
      0.9864425628191897,
      6.1570579748733e-05,
      1.0475871540621242e-05,
      0.013446239081550309,
      3.915164797056649e-05
    ],
    [
      0.615189532198375,
      0.00019395643539274194,
      1.2103112138760525e-07,
      0.3846160381472372,
      3.5218787390332537e-07
    ],
    [
      0.9969501556552498,
      5.276480919125343e-07,
      8.107452109813025e-05,
      9.127360941665473e-05,
      0.002876968566143856
    ],
    [
      0.6699837537266465,
      5.480084517885774e-12,
      2.0527377718109826e-05,
      2.1853095944701756e-08,
      0.32999569703705967
    ],
    [
      0.0023974737676035335,
      0.007858313824931604,
      1.317003297545088e-09,
      0.9897442110680017,
      2.2459941351064865e-11
    ],
    [
      0.9757946060079676,
      6.459007018672119e-10,
      1.4278157389898052e-05,
      1.5342730397227916e-06,
      0.024189580915702443
    ],
    [
      0.006941562046332736,
      1.4024104274131524e-14,
      7.215136457513311e-05,
      1.7898785623183216e-12,
      0.9929862865872879
    ],
    [
      0.09770624835313557,
      2.7457881365527795e-12,
      0.00021182053422945032,
      5.307062452509799e-10,
      0.9020819305791834
    ],
    [
      0.00033460561410470337,
      1.019237790279669e-14,
      0.0007177897723648725,
      2.2614181048237575e-14,
      0.9989476046134977
    ],
    [
      0.9950783110763035,
      5.4667481603363496e-05,
      4.736472774168096e-05,
      0.004669580713488742,
      0.00015007600086288687
    ],
    [
      0.908838944092894,
      2.748988369515986e-07,
      0.0033133584724286303,
      4.643694423215494e-06,
      0.08784277884141735
    ],
    [
      0.45962605446660804,
      0.0018504612074813982,
      7.244860899532328e-07,
      0.5385223730144794,
      3.8682534102274915e-07
    ],
    [
      0.10366196912505922,
      4.7592293029553545e-15,
      3.4719218066497847e-06,
      5.79329477368067e-11,
      0.8963345588951969
    ],
    [
      0.9485914592660943,
      3.536082018324421e-07,
      2.5519569608469234e-09,
      0.051407638522414756,
      5.460513322318051e-07
    ],
    [
      0.9962925277396871,
      2.3046039905016082e-05,
      2.6171782648303297e-05,
      0.0035133203526251733,
      0.00014493408513448702
    ],
    [
      0.009759218109793707,
      2.4174126907214077e-14,
      7.689784055671999e-05,
      3.5224755242924774e-12,
      0.9901638840461024
    ],
    [
      0.0019845329736524514,
      5.471778057008059e-18,
      1.3616557457438822e-06,
      1.7952711394784354e-14,
      0.9980141053705837
    ],
    [
      0.0063923884101325405,
      0.00035826588064506314,
      1.2140048278450688e-10,
      0.993249345556553,
      3.126923884549603e-11
    ],
    [
      0.9743214222226917,
      7.71521278672266e-09,
      7.436666666782427e-05,
      3.600155415671406e-06,
      0.02560060324001224
    ],
    [
      0.000317621387838255,
      0.0002474519377761778,
      1.3363330541813402e-12,
      0.9994349266729434,
      1.0555134146485477e-13
    ],
    [
      0.04772060237340827,
      0.0023752205394641937,
      1.900923566992616e-08,
      0.9499041548300137,
      3.2478779700205087e-09
    ],
    [
      0.966270148252826,
      2.284949990155158e-10,
      1.099568274118466e-05,
      8.058589908711125e-07,
      0.03371804997694766
    ],
    [
      0.998823474977906,
      1.1779643651769175e-07,
      2.748602199067002e-07,
      0.001123009953388249,
      5.3122412049116524e-05
    ],
    [
      0.9983402195461004,
      1.2463656850499615e-05,
      9.600502364320992e-05,
      0.0009459909858774157,
      0.0006053207875283943
    ],
    [
      0.49803845775201533,
      0.0011305870136187317,
      5.004493318708704e-07,
      0.500830064586864,
      3.9019817026280755e-07
    ],
    [
      0.9978752657910667,
      3.8853531507512103e-07,
      4.4098130357946274e-07,
      0.002082288239053113,
      4.161645326211915e-05
    ],
    [
      0.9988813220101248,
      5.890904148933625e-09,
      1.4411358911570104e-06,
      3.8005295908176136e-05,
      0.0010792256671721958
    ],
    [
      0.9987347186941201,
      9.130781692462396e-08,
      1.774243606073578e-07,
      0.001222907067784723,
      4.210550591750404e-05
    ],
    [
      0.0003120092556770545,
      1.969191948019547e-17,
      1.4139541805863866e-05,
      2.1309239707307617e-15,
      0.9996738512025147
    ],
    [
      0.9491421979334733,
      7.645537655382173e-05,
      1.6435493648049413e-06,
      0.0507725995573995,
      7.103583208199009e-06
    ],
    [
      0.9991038972690357,
      1.6151186359240598e-07,
      7.322937742361965e-06,
      0.00017257518319130816,
      0.0007160430981670313
    ],
    [
      0.9072658757672867,
      2.987907022832031e-08,
      0.0008498228226267055,
      2.0035492556360053e-06,
      0.0918822679817604
    ],
    [
