{
  "dataset": "aniso",
  "algorithm": "gmm",
  "params": {
    "n_components": 6,
    "covariance_type": "full"
  },
  "labels": [
    5,
    5,
    5,
    5,
    5,
    5,
    5,
    4,
    4,
    4,
    5,
    5,
    5,
    4,
    4,
    5,
    5,
    5,
    5,
    4,
    5,
    5,
    4,
    5,
    5,
    5,
    4,
    5,
    4,
    5,
    5,
    4,
    5,
    5,
    5,
    5,
    5,
    4,
    5,
    5,
    5,
    5,
    4,
    5,
    5,
    5,
    4,
    5,
    5,
    5,
    4,
    5,
    5,
    2,
    5,
    4,
    5,
    5,
    5,
    5,
    5,
    2,
    5,
    4,
    5,
    4,
    4,
    4,
    4,
    5,
    5,
    4,
    5,
    4,
    5,
    5,
    4,
    5,
    2,
    4,
    4,
    5,
    5,
    5,
    5,
    4,
    5,
    5,
    5,
    5,
    5,
    4,
    5,
    5,
    4,
    5,
    5,
    5,
    4,
    5,
    5,
    5,
    4,
    5,
    5,
    5,
    5,
    5,
    4,
    5,
    2,
    5,
    5,
    5,
    4,
    4,
    5,
    2,
    4,
    4,
    4,
    5,
    4,
    5,
    2,
    4,
    2,
    4,
    5,
    5,
    4,
    4,
    5,
    2,
    5,
    2,
    5,
    4,
    5,
    5,
    5,
    2,
    2,
    5,
    5,
    5,
    5,
    5,
    5,
    5,
    4,
    5,
    5,
    5,
    5,
    5,
    5,
    5,
    5,
    5,
    5,
    4,
    4,
    5,
    5,
    5,
    0,
    0,
    3,
    0,
    3,
    0,
    0,
    3,
    3,
    0,
    0,
    0,
    0,
    0,
    0,
    0,
    0,
    0,
    0,
    0,
    4,
    4,
    0,
    4,
    3,
    3,
    3,
    0,
    0,
    3,
    3,
    0,
    3,
    0,
    3,
    0,
    0,
    3,
    0,
    0,
    3,
    0,
    4,
    0,
    4,
    0,
    0,
    3,
    0,
    3,
    0,
    4,
    4,
    3,
    0,
    3,
    3,
    0,
    3,
    0,
    3,
    3,
    0,
    3,
    4,
    3,
    0,
    0,
    3,
    3,
    3,
    4,
    0,
    4,
    0,
    3,
    3,
    3,
    4,
    0,
    0,
    4,
    3,
    3,
    0,
    3,
    3,
    3,
    0,
    0,
    0,
    0,
    0,
    0,
    3,
    3,
    3,
    3,
    0,
    0,
    0,
    3,
    3,
    0,
    0,
    0,
    3,
    0,
    0,
    0,
    0,
    0,
    3,
    0,
    0,
    0,
    0,
    3,
    3,
    0,
    0,
    0,
    0,
    3,
    0,
    0,
    0,
    3,
    0,
    0,
    0,
    0,
    0,
    0,
    0,
    0,
    0,
    3,
    3,
    0,
    0,
    4,
    0,
    0,
    3,
    4,
    4,
    3,
    0,
    3,
    0,
    3,
    0,
    3,
    0,
    0,
    0,
    3,
    0,
    4,
    0,
    4,
    0,
    0,
    3,
    0,
    1,
    1,
    2,
    1,
    1,
    1,
    1,
    1,
    1,
    1,
    1,
    1,
    1,
    1,
    1,
    1,
    1,
    1,
    1,
    1,
    1,
    1,
    2,
    1,
    1,
    1,
    1,
    1,
    1,
    1,
    1,
    1,
    1,
    1,
    1,
    1,
    1,
    1,
    2,
    1,
    1,
    1,
    1,
    1,
    1,
    1,
    1,
    1,
    1,
    3,
    1,
    1,
    1,
    1,
    1,
    1,
    1,
    1,
    1,
    1,
    1,
    1,
    1,
    1,
    1,
    1,
    1,
    1,
    1,
    1,
    1,
    1,
    1,
    1,
    1,
    1,
    1,
    1,
    1,
    1,
    1,
    1,
    1,
    1,
    1,
    1,
    1,
    1,
    1,
    1,
    1,
    1,
    1,
    1,
    1,
    1,
    1,
    1,
    1,
    1,
    1,
    1,
    1,
    1,
    1,
    1,
    1,
    1,
    1,
    1,
    1,
    1,
    1,
    1,
    1,
    1,
    1,
    1,
    1,
    1,
    1,
    1,
    1,
    1,
    1,
    1,
    1,
    1,
    1,
    1,
    1,
    1,
    1,
    1,
    2,
    1,
    1,
    1,
    1,
    1,
    1,
    1,
    1,
    1,
    1,
    1,
    1,
    1,
    1,
    1,
    1,
    1,
    1,
    1,
    1,
    1,
    1,
    1,
    1,
    1,
    1,
    1,
    1,
    1,
    1,
    1
  ],
  "means": [
    {
      "x": -2.01634761291396,
      "y": -1.4402535015887539
    },
    {
      "x": 2.870353752567736,
      "y": -3.0562004410065606
    },
    {
      "x": 5.290352667632472,
      "y": 0.44023148945306867
    },
    {
      "x": -2.103604257641756,
      "y": -4.0816489927513
    },
    {
      "x": -0.33995222755686,
      "y": 1.9690786222160708
    },
    {
      "x": 2.499571305242673,
      "y": 2.0839378399754307
    }
  ],
  "probabilities": [
    [
      9.647745234560933e-15,
      6.663497567787512e-13,
      2.6560541932230746e-05,
      7.992374272045656e-23,
      0.043624370198124054,
      0.9563490692592678
    ],
    [
      1.664531424686294e-17,
      1.5447440455056797e-17,
      2.4629850317191998e-05,
      4.224497897638406e-27,
      0.035296179147004274,
      0.9646791910026787
    ],
    [
      1.150089627989335e-08,
      1.1970996745276135e-20,
      3.567050101263834e-10,
      4.374009760253465e-15,
      0.25044613081622136,
      0.7495538573261729
    ],
    [
      2.1374626577373525e-27,
      6.34565716549655e-07,
      0.27202953613159603,
      8.922929387382536e-39,
      0.004385534580909241,
      0.7235842947217781
    ],
    [
      7.927250897410159e-08,
      9.875635037452639e-28,
      5.359935247393988e-13,
      4.013524435403132e-14,
      0.4030244776306596,
      0.5969754430962554
    ],
    [
      6.42204864809321e-07,
      1.6471264345929272e-22,
      7.979964112783608e-12,
      1.004121327558875e-12,
      0.39691352114929096,
      0.6030858366368602
    ],
    [
      2.2588298872892409e-10,
      2.049596985695322e-08,
      8.576028201537262e-05,
      1.3459027359942433e-16,
      0.04136336419931923,
      0.9585508547968128
    ],
    [
      0.03592138537682328,
      8.17926587544212e-43,
      5.902367463169693e-26,
      2.2811918389724155e-05,
      0.9481911882987645,
      0.015864614406022468
    ],
    [
      6.975421363637169e-05,
      3.2978446698637966e-35,
      2.5848469141537605e-18,
      7.536170212204991e-10,
      0.7948535352699827,
      0.20507670976276363
    ],
    [
      0.0018403103759080084,
      1.0996719196445294e-23,
      1.2028329805504764e-14,
      6.589626577234627e-08,
      0.7141600102806487,
      0.28399961344716584
    ],
    [
      4.013995679028347e-25,
      2.934255203352424e-05,
      0.26594158308972066,
      2.6437952683154657e-35,
      0.003741365160143217,
      0.7302877091981027
    ],
    [
      1.4309371666949503e-09,
      5.961432554764895e-12,
      1.5770085708719269e-06,
      7.721830438913118e-16,
      0.08702351251588465,
      0.9129749090386449
    ],
    [
      5.242080395113419e-07,
      1.3240196961736087e-26,
      3.0228308022552445e-13,
      6.264682485203099e-13,
      0.46604235162982244,
      0.5339571241612092
    ],
    [
      0.0002056206049079668,
      5.215536915445989e-38,
      5.520999031946693e-20,
      4.3083421887213505e-09,
      0.8592414684608217,
      0.14055290662592798
    ],
    [
      2.693637779043585e-06,
      2.560936430549196e-25,
      2.692800173746601e-13,
      6.670698784534751e-12,
      0.5090431087043222,
      0.4909541976509588
    ],
    [
      7.215091109163718e-08,
      9.072755055975501e-37,
      2.9218912038548363e-15,
      2.256536186329711e-14,
      0.4072250947325881,
      0.5927748331164755
    ],
    [
      2.1980390971826043e-09,
      2.448494906581153e-14,
      1.5045755411925886e-07,
      9.48469832437687e-16,
      0.12402286551349559,
      0.8759769818308857
    ],
    [
      9.801224556974547e-17,
      1.8817047908801692e-06,
      0.010184546912471735,
      1.2260721920156625e-24,
      0.012530666282669394,
      0.9772829051000681
    ],
    [
      5.014158972643986e-10,
      1.6527338934217077e-08,
      6.421439446740655e-05,
      3.7256388269505486e-16,
      0.04435818779536556,
      0.9555775807814119
    ],
    [
      0.0010437973930987373,
      3.6641022066782257e-40,
      6.506157642309801e-22,
      6.116418916232865e-08,
      0.9209051821024027,
      0.07805095934030919
    ],
    [
      2.2913845837231298e-17,
      9.799572702990791e-12,
      0.00031356176725203156,
      3.161095301350084e-26,
      0.026735132485578468,
      0.9729513057373698
    ],
    [
      1.886269817707765e-09,
      7.170322049700953e-19,
      3.5314544825540483e-09,
      4.365022140831437e-16,
      0.189117751855183,
      0.8108822427270922
    ],
    [
      0.018462383103529982,
      3.6816319210928775e-37,
      1.9115559632921538e-22,
      4.235714790141126e-06,
      0.9407352558511342,
      0.040798125330545956
    ],
    [
      2.9011666656516885e-08,
      2.9804958104163713e-30,
      2.3193689502075793e-13,
      8.213080155637757e-15,
      0.37622003542577115,
      0.623779935562322
    ],
    [
      1.8327289240381648e-11,
      3.6908310963914145e-08,
      0.0001992499162031303,
      5.415844566009171e-18,
      0.03364532627105365,
      0.9661553868861047
    ],
    [
      6.236462376864258e-13,
      1.1713382126063552e-13,
      4.2295524916494945e-06,
      1.8537173141038994e-20,
      0.06270142040077199,
      0.9372943500459955
    ],
    [
      1.0909948838201456e-06,
      2.7112776190668193e-31,
      4.703796621746276e-15,
      1.5580937595937672e-12,
      0.5558316931448737,
      0.44416721585867963
    ],
    [
      4.850299432510937e-21,
      1.4195196893019087e-11,
      0.003425083706088229,
      3.4373793614630184e-31,
      0.016498649716413554,
      0.9800762665633027
    ],
    [
      4.638633823111436e-05,
      8.371536179333344e-29,
      1.214792661585017e-15,
      3.7295708488302566e-10,
      0.6947356261719427,
      0.30521798711686793
    ],
    [
      3.352798752859804e-14,
      4.513495325563619e-19,
      4.549025107939973e-07,
      1.2052797451464397e-22,
      0.07139343919329294,
      0.9286061059041626
    ],
    [
      4.1192331561183303e-07,
      3.810331170225635e-24,
      2.618553397363442e-12,
      4.969262507605111e-13,
      0.4149650983681289,
      0.5850344897054399
    ],
    [
      0.005747477262281506,
      6.306145302060891e-28,
      3.6494137189520713e-17,
      3.8283746305297536e-07,
      0.8403373790727733,
      0.15391476082748218
    ],
    [
      4.834075438272749e-19,
      3.975607082268007e-15,
      0.0002242035311831976,
      5.948456805286053e-29,
      0.025755761874187006,
      0.9740200345946263
    ],
    [
      6.497471016444988e-11,
      2.436010787087009e-24,
      5.397281725903989e-10,
      2.1998694107938817e-18,
      0.1737315039475674,
      0.8262684954477295
    ],
    [
      5.500089246144323e-13,
      2.857355119526123e-12,
      1.2686733102586852e-05,
      2.0907347662222238e-20,
      0.052887822787993824,
      0.9470994904754964
    ],
    [
      7.606613687534891e-15,
      5.036590065469558e-21,
      3.959106319005209e-07,
      1.0493919328089536e-23,
      0.06338284077919557,
      0.9366167633101647
    ],
    [
      1.4784354449975767e-11,
      1.864451061131597e-26,
      4.849675312838866e-10,
      2.096895937114548e-19,
      0.1467027029397925,
      0.8532972965604556
    ],
    [
      0.0049238958873657574,
      1.1213282096537805e-72,
      1.107554051373386e-41,
      0.00017419582048496188,
      0.9941901110412551,
      0.0007117972508945709
    ],
    [
      5.0667358302119e-11,
      1.5771135168509533e-16,
      1.0168452084900094e-07,
      4.277833859959931e-18,
      0.11551065894985711,
      0.8844892393149545
    ],
    [
      5.147295464729299e-09,
      2.131596765029479e-09,
      1.3987710903102892e-05,
      6.502654956225806e-15,
      0.06168767167873013,
      0.9382983333314677
    ],
    [
      2.5372047542071545e-09,
      2.78925687598004e-23,
      1.1675596264680147e-10,
      4.228191028094322e-16,
      0.2483166350344632,
      0.7516833623115755
    ],
    [
      5.039467962761646e-25,
      0.00014976428750217198,
      0.3547145539670667,
      5.967575907049451e-35,
      0.0027656496311569564,
      0.6423700321142745
    ],
    [
      5.28844949378487e-05,
      2.900055340366936e-27,
      4.640089602289196e-15,
      4.474365246653257e-10,
      0.6708069650012352,
      0.3291401500563858
    ],
    [
      2.5551765341722144e-19,
      1.113482456151349e-10,
      0.0018134928647038206,
      1.0286358799188264e-28,
      0.018820508914853526,
      0.9793659981090944
    ],
    [
      1.9342520408971103e-07,
      1.7505945133586741e-28,
      1.5762724122794288e-13,
      1.3921996517813775e-13,
      0.44781761663928965,
      0.5521821899352096
    ],
    [
      3.2521936431647616e-12,
      6.087413921537258e-22,
      1.0909301181897642e-08,
      4.437685577846039e-20,
      0.12018019839074719,
      0.8798197906966996
    ],
    [
      1.0307609302179721e-05,
      1.3023311260404592e-26,
      3.154785061223169e-14,
      4.3492322879856036e-11,
      0.5902048937317366,
      0.40978479861543726
    ],
    [
      3.5359441558528225e-06,
      1.130877784986232e-16,
      8.193645035953929e-10,
      1.489417824964343e-11,
      0.28958553907527296,
      0.7104109241463121
    ],
    [
      2.5986848930951713e-13,
      1.5012976113322401e-16,
      7.933495875169502e-07,
      3.235789828957508e-21,
      0.0754492961869947,
      0.9245499104631576
    ],
    [
      1.9475646552726938e-10,
      9.640496159911656e-18,
      2.3269901042209026e-08,
      2.2516369675432373e-17,
      0.142737992925848,
      0.8572619836094946
    ],
    [
      0.006446849326576586,
      6.622190182930221e-38,
      3.988350237584084e-22,
      8.888690204254454e-07,
      0.9407368415735254,
      0.05281542023087773
    ],
    [
      2.5834756067894696e-07,
      2.774495487995047e-19,
      2.31904940876631e-10,
      3.5140260411050263e-13,
      0.2972180345843296,
      0.7027817068358532
    ],
    [
      8.835798238074506e-10,
      9.997164742176996e-23,
      3.132606641510491e-10,
      1.0200547393560001e-16,
      0.21868615209389927,
      0.7813138467092601
    ],
    [
      3.3828369258888126e-31,
      0.00027181895728367817,
      0.7011037331423051,
      9.461080391648137e-43,
      0.0008795469147510514,
      0.29774490098566037
    ],
    [
      1.1507385754078947e-12,
      1.33444607394981e-15,
      8.469882807558938e-07,
      2.9246401986578336e-20,
      0.07897024938001551,
      0.9210289036305517
    ],
    [
      0.02023389906743966,
      2.307757087281548e-50,
      1.6113011913473685e-29,
      2.4565308186072402e-05,
      0.971358218815169,
      0.008383316809205168
    ],
    [
      9.3799742246092e-13,
      3.030606234013926e-29,
      1.3313519890560218e-09,
      2.7286424076124862e-21,
      0.09105815139483611,
      0.908941847272874
    ],
    [
      1.8156412103555334e-09,
      1.1867580087504007e-22,
      2.1897392034740845e-10,
      2.807961946360974e-16,
      0.23413891326050948,
      0.7658610847048751
    ],
    [
      4.367421235592005e-09,
      4.4663029524951825e-14,
      1.4910574046713864e-07,
      2.464607417078705e-15,
      0.12662901954365846,
      0.8733708269831326
    ],
    [
      3.922874946102763e-22,
      4.73154318053051e-10,
      0.0116100339197616,
      2.0409042102257808e-32,
      0.012866391451080548,
      0.9755235741560033
    ],
    [
      8.829323665709802e-17,
      1.1252506596262565e-07,
      0.0037759146203813266,
      6.914157970613615e-25,
      0.016057689332786687,
      0.9801662835217663
    ],
    [
      2.7041926943561364e-23,
      0.004879579734170129,
      0.5822660082107878,
      3.485906619290558e-32,
      0.0011773468677873419,
      0.41167706518725444
    ],
    [
      2.801525247860343e-17,
      8.032674623738511e-21,
      7.85788970236019e-06,
      3.952853474987665e-27,
      0.03527829594146782,
      0.9647138461688297
    ],
    [
      0.0003875004047501499,
      9.610876025184713e-30,
      6.767403132354114e-17,
      8.247347392539393e-09,
      0.7919380897794939,
      0.20767440156840833
    ],
    [
      6.55464005948778e-11,
      1.6271955560656502e-15,
      2.0170117428599518e-07,
      7.077106842138353e-18,
      0.10739625644929239,
      0.8926035417839854
    ],
    [
      0.004727569217506363,
      1.401830710688584e-43,
      1.371917260932469e-24,
      9.091501018377641e-07,
      0.960156671190894,
      0.03511485044149801
    ],
    [
      8.165822422356422e-05,
      5.247794849034145e-37,
      4.619746460045388e-19,
      1.0035154611584845e-09,
      0.8158692777331806,
      0.18404906303908022
    ],
    [
      4.459817981479942e-06,
      1.0479699887613107e-40,
      1.9711010894570213e-18,
      1.137885933605998e-11,
      0.6634793808832214,
      0.336516159287418
    ],
    [
      2.5968067159290762e-05,
      7.224819409976795e-28,
      4.768128282614345e-15,
      1.6138307874845462e-10,
      0.6534673192461886,
      0.34650671252526444
    ],
    [
      1.2473461359744356e-16,
      1.7536801122983999e-06,
      0.009536853227621527,
      1.659509686216262e-24,
      0.012754247774581017,
      0.9777071453176849
    ],
    [
      1.5627728898142935e-13,
      9.534784704542992e-22,
      6.035733804443271e-08,
      6.474576061486463e-22,
      0.08715833170014534,
      0.9128416079423604
    ],
    [
      0.004961240103926618,
      1.8798848480532627e-45,
      1.665914949368082e-25,
      1.185480623921063e-06,
      0.9656409388829345,
      0.02939663553251464
    ],
    [
      1.9637397029652853e-13,
      4.0519929120917897e-19,
      1.984079173598251e-07,
      1.388254897595433e-21,
      0.08413030564889339,
      0.9158694959429928
    ],
    [
      0.021886446554150646,
      2.77250256566509e-29,
      1.9186342311794788e-18,
      2.882961312231496e-06,
      0.8780130448175709,
      0.10009762566696592
    ],
    [
      2.198871636686093e-15,
      2.7421685272905693e-14,
      1.763696068143056e-05,
      7.779627369969602e-24,
      0.044755251578584114,
      0.9552271114607047
    ],
    [
      5.40993211850797e-13,
      2.05660052441788e-17,
      3.447130180785757e-07,
      7.556400239478547e-21,
      0.08467656067590547,
      0.9153230946105355
    ],
    [
      2.322888428257079e-06,
      2.715492331532328e-29,
      1.0943348435558677e-14,
      4.892271128604403e-12,
      0.5700581073640842,
      0.4299395697425844
    ],
    [
      2.632447597102184e-12,
      1.1649145422191663e-12,
      5.824859633671407e-06,
      1.5622258621255917e-19,
      0.06171566815218058,
      0.9382785069843885
    ],
    [
      3.9044560212877336e-31,
      6.591087676335564e-05,
      0.6588515819106691,
      6.095391222729779e-43,
      0.0011814456667178495,
      0.33990106154584926
    ],
    [
      0.00017600874476403252,
      1.939457681746118e-40,
      8.715728819961325e-21,
      3.728393033435526e-09,
      0.8670658281473872,
      0.13275815937945604
    ],
    [
      2.1529105329661148e-05,
      2.7490231038219172e-37,
      2.1368177693453352e-18,
      1.305199287307624e-10,
      0.7546598155699022,
      0.24531865519424817
    ],
    [
      7.819764701725656e-21,
      1.8138320214313613e-05,
      0.08428028838986744,
      8.733747451095191e-30,
      0.006522677724810569,
      0.9091788955651073
    ],
    [
      6.724962793557813e-20,
      1.559443549123284e-10,
      0.0027165757744735067,
      1.7872696402287502e-29,
      0.017329035445266004,
      0.979954388624316
    ],
    [
      1.845629320778635e-19,
      6.25713022618569e-17,
      0.0002000452509614387,
      9.117446259940339e-30,
      0.024137626288672102,
      0.9756623284603664
    ],
    [
      4.970587593872729e-08,
      2.5056643300292133e-18,
      1.2098534108752135e-09,
      4.0172988752621146e-14,
      0.23965388792872386,
      0.7603460611555068
    ],
    [
      0.0002774027574126534,
      9.476469450781487e-27,
      1.9505174915102285e-15,
      4.763040987646464e-09,
      0.7238092749601246,
      0.27591331751942033
    ],
    [
      2.3880611016034153e-10,
      2.4329100227050818e-21,
      1.6208498890778305e-09,
      1.9133562674405454e-17,
      0.18123824221667273,
      0.8187617559236711
    ],
    [
      1.297616729086995e-13,
      4.1555653775838266e-19,
      2.4105422747204504e-07,
      7.832560486295903e-22,
      0.08095528439911696,
      0.9190444745465258
    ],
    [
      7.186921818189603e-12,
      2.9617801082017237e-25,
      1.334627923738994e-09,
      8.698167187161641e-20,
      0.13524954708193604,
      0.8647504515762491
    ],
    [
      2.1901394928810018e-10,
      1.1915018815817558e-35,
      2.055802935010048e-12,
      4.055754086773425e-18,
      0.1567766041772518,
      0.8432233956016788
    ],
    [
      3.3495478960262873e-15,
      3.798688396173855e-09,
      0.000556236624517471,
      5.2184119057499e-23,
      0.02490438291508743,
      0.9745393766617036
    ],
    [
      8.671713408167895e-05,
      3.275478526553805e-37,
      3.593158714549202e-19,
      1.1068925883135095e-09,
      0.8198520944237294,
      0.1800611873352963
    ],
    [
      1.3719711953974148e-09,
      4.742651781891769e-25,
      5.307804698141287e-11,
      1.5192639900142717e-16,
      0.24655408808068058,
      0.75344591049427
    ],
    [
      1.373871289772279e-14,
      2.2219804504676415e-13,
      1.7296522776491982e-05,
      1.1512641060493888e-22,
      0.04685542674908135,
      0.9531272767279061
    ],
    [
      0.0013515049009294418,
      3.03696900863773e-22,
      7.657861288083898e-14,
      4.2067148102736014e-08,
      0.660993681830032,
      0.33765477120181403
    ],
    [
      3.27759874908325e-08,
      5.318163729305913e-29,
      4.558242108073974e-13,
      1.0524882748015545e-14,
      0.37628136346200225,
      0.6237186037615441
    ],
    [
      5.2643943876754115e-11,
      2.7054571741674886e-11,
      7.760733205377956e-06,
      1.09858729256347e-17,
      0.06255781798191701,
      0.9374344212051792
    ],
    [
      2.2521932698694694e-12,
      1.8024680078994787e-18,
      9.725852194420549e-08,
      4.49224452016269e-20,
      0.10175270580397944,
      0.8982471969352464
    ],
    [
      2.7038482426621333e-05,
      4.0964703525310427e-32,
      1.0557153032659054e-16,
      1.738782080465193e-10,
      0.7207708642265882,
      0.2792020971171071
    ],
    [
      7.58186419474589e-10,
      3.1270995151208996e-13,
      5.89456033567574e-07,
      2.7003121096521056e-16,
      0.09951940174344204,
      0.9004800080420249
    ],
    [
      4.115053553737439e-14,
      4.463119504139343e-17,
      1.2004434984618667e-06,
      2.34092635954659e-22,
      0.0670103957099259,
      0.9329884038465343
    ],
    [
      1.0678540527214975e-21,
      1.7417638886478483e-11,
      0.005371377914068515,
      4.4907612818639904e-32,
      0.015114571351259713,
      0.9795140507172538
    ],
    [
      0.01849420277835393,
      5.367057485159784e-34,
      8.211266758674024e-21,
      3.1987985401604437e-06,
      0.9224831369009266,
      0.05901946152217912
    ],
    [
      1.658987121082186e-15,
      3.5092616221334146e-15,
      1.1669748631676981e-05,
      4.299839989904407e-24,
      0.04670871941314408,
      0.9532796108382191
    ],
    [
      4.5291390277569283e-17,
      1.4330344766179824e-28,
      4.002321520210925e-06,
      1.3362926502190778e-27,
      0.0187610866609249,
      0.9812349110175552
    ],
    [
      1.6404725888864778e-16,
      6.10083790342252e-17,
      1.1897509419162511e-05,
      1.17886117218259e-25,
      0.04231531409634333,
      0.9576727883942373
    ],
    [
      5.348074474843825e-20,
      2.22658870787925e-11,
      0.0019324369658046622,
      9.701032610023225e-30,
      0.01850303906804939,
      0.9795645239438797
    ],
    [
      5.438370527239802e-09,
      1.4331524998707074e-26,
      8.12401384995089e-12,
      9.44434084826156e-16,
      0.2962851987506587,
      0.703714795802846
    ],
    [
      1.895015591527928e-05,
      3.557508983654747e-28,
      4.701558781935648e-15,
      1.0250597719888353e-10,
      0.6458490241512499,
      0.3541320255903243
    ],
    [
      2.4849164353801664e-07,
      1.3397415957564243e-25,
      1.138181250690634e-12,
      2.2709213244761007e-13,
      0.4212174668032557,
      0.5787822847037357
    ],
    [
      6.95379553183098e-36,
      0.231752620245604,
      0.7449257208545785,
      4.8401868648520916e-46,
      7.188988888851918e-06,
      0.02331446991092851
    ],
    [
      7.157455532176635e-15,
      3.98101338950093e-06,
      0.006718499729383446,
      3.6176404470128987e-22,
      0.014178960871024864,
      0.979098558386195
    ],
    [
      3.245467568176071e-08,
      1.3615111323671156e-30,
      1.7196684583648102e-13,
      9.483750412372716e-15,
      0.38205476290685336,
      0.6179452046382893
    ],
    [
      5.656543568047445e-10,
      1.9061425463860293e-13,
      5.359474020871771e-07,
      1.76606091246199e-16,
      0.10014334734417929,
      0.8998561161425737
    ],
    [
      1.5449799036690263e-06,
      2.788132723503176e-32,
      1.6526119519411174e-15,
      2.5425148436577185e-12,
      0.5818088966741446,
      0.4181895583434073
    ],
    [
      4.381551994451112e-06,
      5.409918781665749e-30,
      3.565001610352773e-15,
      1.2138877122214738e-11,
      0.6090774473586914,
      0.3909181710771717
    ],
    [
      2.5783114718179346e-10,
      1.8211475926270067e-15,
      1.2543113426148105e-07,
      4.5280756609644366e-17,
      0.1190384751631156,
      0.8809613991479173
    ],
    [
      2.441661997089047e-35,
      0.00036217768002928374,
      0.8328221733474573,
      5.3575376205683717e-48,
      0.0004142703781464211,
      0.16640137859436718
    ],
    [
      0.016758192159931937,
      4.078472155731156e-54,
      2.1845647677953036e-31,
      3.166853206097398e-05,
      0.9773013265665905,
      0.005908812741416807
    ],
    [
      6.003448868067518e-07,
      2.3632333300489874e-32,
      3.955892707802776e-15,
      6.301208000274928e-13,
      0.5326420650872506,
      0.4673573345672284
    ],
    [
      1.7936804564562155e-05,
      3.7568113222853483e-29,
      2.061810720161295e-15,
      9.441675835173053e-11,
      0.6603270265949184,
      0.33965503650609796
    ],
    [
      1.0773655468377678e-15,
      1.2224451555577533e-16,
      6.437446038732496e-06,
      1.7046475752969825e-24,
      0.04877894236357688,
      0.9512146201903833
    ],
    [
      0.0012823907395286005,
      1.3045369325866216e-34,
      1.2524202893393542e-19,
      5.977991643219489e-08,
      0.8880518903701888,
      0.11066565911036594
    ],
    [
      1.2106832662538615e-06,
      1.0217384880660505e-21,
      1.1087053309096205e-11,
      2.521837106249278e-12,
      0.3992447793007601,
      0.6007540100023648
    ],
    [
      1.1759669603230696e-29,
      3.4310744225481455e-05,
      0.5539586006848971,
      3.7699181465716714e-41,
      0.001760031712944871,
      0.4442470568579332
    ],
    [
      0.00020201841252896727,
      2.390409841155202e-43,
      6.529354086280996e-22,
      5.252436000303978e-09,
      0.8833418547967892,
      0.11645612153824612
    ],
    [
      2.3944165533048187e-35,
      6.428133664197739e-05,
      0.8342982353401519,
      2.306920982185471e-48,
      0.0004908245002025797,
      0.16514665882300364
    ],
    [
      0.012953616962389681,
      2.0428389281226045e-39,
      2.36339933145968e-23,
      3.0351364820436742e-06,
      0.9512493354711216,
      0.035794012430007176
    ],
    [
      3.2317873826448125e-22,
      3.784215152755696e-05,
      0.14875608467088358,
      1.6672036684463052e-31,
      0.005086720912916629,
      0.8461193522646724
    ],
    [
      4.6457781944414966e-15,
      5.78497391814771e-17,
      3.062491869656408e-06,
      1.1904726854595855e-23,
      0.0556938241748831,
      0.9443031133332425
    ],
    [
      6.518792924093542e-05,
      1.3025611916859092e-31,
      6.652742243733952e-17,
      6.328007512114944e-10,
      0.7522685142137658,
      0.24766629722419256
    ],
    [
      0.00545704916148514,
      5.906474334867594e-73,
      3.6856760186004896e-49,
      0.0027971487316513347,
      0.9917293150639445,
      1.6487042918731814e-05
    ],
    [
      2.1672147146340584e-07,
      4.299656861024536e-16,
      4.931700586519714e-09,
      3.645345699180708e-13,
      0.21807751980005488,
      0.7819222585464082
    ],
    [
      1.967020150494547e-26,
      0.019024148532366905,
      0.8094370291326385,
      9.441222442919134e-36,
      0.00029226052038515204,
      0.1712465618146094
    ],
    [
      1.1793825972943585e-07,
      3.3382043200832806e-25,
      2.5779784193733525e-12,
      8.087759782189508e-14,
      0.3878051161395678,
      0.6121947659195136
    ],
    [
      8.7158794209639e-24,
      0.007193049888046102,
      0.6469249301106363,
      1.0202942553982526e-32,
      0.0008834417772635513,
      0.3449985782240538
    ],
    [
      1.0087360557791898e-21,
      9.706337739653419e-08,
      0.02778361745010267,
      1.9819935067079497e-31,
      0.009970191266801466,
      0.9622460942197183
    ],
    [
      3.965924005838476e-05,
      1.5915089878207113e-35,
      3.94266884591063e-18,
      3.227433588993812e-10,
      0.7725761608062505,
      0.22738417963094776
    ],
    [
      1.2573585399267932e-11,
      4.624922149045769e-14,
      1.148951078766444e-06,
      9.744474088214458e-19,
      0.08136309715041173,
      0.9186357538858897
    ],
    [
      8.559452184349002e-11,
      2.3846315514471427e-16,
      9.481596105206713e-08,
      8.95069777769775e-18,
      0.11865112838728864,
      0.8813487767111556
    ],
    [
      4.106487191831937e-12,
      2.1938587566103754e-20,
      2.3101750908219124e-08,
      7.690143789161673e-20,
      0.11745365006456467,
      0.8825463268295778
    ],
    [
      6.539995567288128e-26,
      0.007827792168329193,
      0.7296243758245395,
      2.4384976558828013e-35,
      0.0005703781794803613,
      0.2619774538276511
    ],
    [
      2.9912624930293865e-33,
      0.2064703560010263,
      0.7725805847854725,
      5.937782516700334e-43,
      8.240907081815487e-06,
      0.02094081830641889
    ],
    [
      5.28837280480234e-10,
      1.804773540117217e-23,
      2.5884605208292404e-10,
      4.6154342371747644e-17,
      0.2131662481418018,
      0.7868337510705148
    ],
    [
      2.6559134764393954e-12,
      3.829157104243732e-13,
      3.951045208589849e-06,
      1.4364002875304926e-19,
      0.06549903110885419,
      0.9344970178428984
    ],
    [
      1.4026565044948969e-08,
      4.207883301100935e-19,
      1.1344659240501792e-09,
      6.637679733637189e-15,
      0.2290408439095445,
      0.7709591409294179
    ],
    [
      2.3789460139723874e-07,
      3.5374132159877063e-31,
      2.0647356290592842e-14,
      1.6845160229393321e-13,
      0.4786094280363442,
      0.5213903340688651
    ],
    [
      6.82528213757647e-13,
      3.955669707203403e-12,
      1.3317170947787902e-05,
      2.8753699373804835e-20,
      0.052688332181242366,
      0.9472983506431719
    ],
    [
      3.906292137675565e-19,
      9.516998264426652e-11,
      0.00157398934414109,
      1.7813592210403484e-28,
      0.019371652695894578,
      0.9790543578647948
    ],
    [
      1.6351896924914628e-18,
      1.2986885926007018e-12,
      0.00041589076396116124,
      6.7737631405784005e-28,
      0.024718520425400767,
      0.9748655888093396
    ],
    [
      7.63090634144535e-05,
      2.9739877429172355e-27,
      3.458179288830235e-15,
      7.562705909286294e-10,
      0.6852239747122502,
      0.31469971546806136
    ],
    [
      7.794565523932253e-18,
      3.5341743752082725e-13,
      0.00019692354641052953,
      4.80303730614284e-27,
      0.028338757012075756,
      0.9714643194411606
    ],
    [
      1.415389903797215e-10,
      1.274312598986153e-19,
      6.8367099972272315e-09,
      1.1403062134314839e-17,
      0.15773196839840756,
      0.8422680246233436
    ],
    [
      1.8409108965759657e-22,
      2.2093358375006154e-05,
      0.13688058539735334,
      7.008003389920709e-32,
      0.005361642799888022,
      0.8577356784443838
    ],
    [
      3.765318238374621e-15,
      3.4918721403134583e-12,
      5.704325207389998e-05,
      2.6879873812488927e-23,
      0.03802811459124485,
      0.9619148421531858
    ],
    [
      6.519826675105259e-10,
      7.797010901046397e-27,
      3.0286944185921463e-11,
      4.4959647046592614e-17,
      0.23369856930257227,
      0.7663014300151579
    ],
    [
      8.69997868880382e-19,
      4.0429521584806984e-13,
      0.00039885978800277463,
      2.4493833531627754e-28,
      0.024610219352055557,
      0.9749909208595374
    ],
    [
      2.2354872648893957e-23,
      8.572866928114357e-07,
      0.08268981288310426,
      2.0199608964628197e-33,
      0.007097486093408736,
      0.9102118437367939
    ],
    [
      2.4304576050785346e-16,
      1.425008507215834e-10,
      0.00035565796833470696,
      1.058387533344603e-24,
      0.026692445939381443,
      0.9729518959497828
    ],
    [
      3.440094932575728e-13,
      1.1373874765634568e-14,
      2.4894954333000677e-06,
      6.788530580403148e-21,
      0.06642622926411866,
      0.9335712812400926
    ],
    [
      6.337389345792347e-12,
      2.6935993273276893e-20,
      1.969236058122349e-08,
      1.4225861084629246e-19,
      0.12202898201208731,
      0.8779709982892147
    ],
    [
      8.624062036789277e-07,
      5.84467099150401e-42,
      1.1760332838683032e-17,
      8.371099610201208e-13,
      0.5286730296411484,
      0.4713261079518109
    ],
    [
      0.0025708232244595255,
      2.8946045731518026e-26,
      5.006620561250729e-16,
      1.1288998595433814e-07,
      0.7877245094595021,
      0.20970455442605224
    ],
    [
      2.4633644436646174e-22,
      4.842288788103511e-10,
      0.01301117417381781,
      1.0902230878119814e-32,
      0.01256995594404302,
      0.97441886939791
    ],
    [
      1.2263559805328807e-16,
      1.783973106306138e-14,
      4.197876823483386e-05,
      1.4510982279911842e-25,
      0.03707303625603188,
      0.9628849849757155
    ],
    [
      1.390761136389414e-09,
      5.041483994857374e-15,
      9.695578163147191e-08,
      4.662733462958754e-16,
      0.1296132955104853,
      0.8703866061429661
    ],
    [
      0.8476688080763382,
      3.2484638775635406e-25,
      2.369405772269428e-27,
      0.15233115942251668,
      3.2171444854664714e-08,
      3.297002844839758e-10
    ],
    [
      0.9804558248781595,
      7.297251209081598e-35,
      2.0794592798808096e-27,
      0.010857413571953078,
      0.008640739866873923,
      4.6021683013153765e-05
    ],
    [
      0.20657918238602682,
      1.5697596030491693e-13,
      3.243927336591567e-23,
      0.7934208176138158,
      2.3114011466318097e-16,
      1.0377001615783443e-16
    ],
    [
      0.9394051683602997,
      3.516928247046857e-29,
      7.489399394403247e-28,
      0.060588611339089306,
      6.183668659088957e-06,
      3.6631951902742285e-08
    ],
    [
      0.23168894283159575,
      2.503850707622269e-11,
      1.0232117616877028e-20,
      0.7683110571433655,
      2.634643723883189e-16,
      3.6596201739900876e-16
    ],
    [
      0.9114283618026949,
      1.4801337990671917e-26,
      4.5881368737049855e-27,
      0.088571153589416,
      4.801152603600643e-07,
      4.492628628569671e-09
    ],
    [
      0.5752269418867049,
      1.6013359182099434e-14,
      1.5132602248520063e-21,
      0.42477305811197724,
      9.831182217236547e-13,
      3.187496296770006e-13
    ],
    [
      0.01657076465577584,
      4.259798162987282e-12,
      1.9434631429222245e-26,
      0.983429235339964,
      2.19031097383907e-23,
      1.826648403038909e-23
    ],
    [
      0.2950457975763276,
      4.5919706491249937e-14,
      5.671693031286677e-23,
      0.7049542024236224,
      3.18454806343561e-15,
      1.135085513541856e-15
    ],
    [
      0.9848098073739611,
      8.46963852558986e-17,
      8.790676455604526e-18,
      0.015184250568864726,
      4.729888591833551e-06,
      1.212168582819354e-06
    ],
    [
      0.9834270808345303,
      3.4398175857934214e-33,
      3.741062871729113e-27,
      0.014340062147160814,
      0.002219689373014394,
      1.3167645294579411e-05
    ],
    [
      0.7726452910423419,
      1.1705676455573457e-25,
      1.358955873762811e-28,
      0.22735470151906692,
      7.3864825059288285e-09,
      5.210852271758932e-11
    ],
    [
      0.843463009104382,
      5.153837311210081e-22,
      3.1581975688547857e-25,
      0.15653698484414952,
      5.890350430328362e-09,
      1.6111788936473924e-10
    ],
    [
      0.9076284771964315,
      2.1541934075597717e-29,
      7.576232269080059e-29,
      0.0923697438727656,
      1.7711549663860463e-06,
      7.775836480745046e-09
    ],
    [
      0.993115482772935,
      7.797356420625816e-19,
      5.434030186763134e-18,
      0.006748899853991559,
      0.00011576485920393548,
      1.9852513869207578e-05
    ],
    [
      0.8588068064185032,
      1.5194041028034346e-17,
      9.775749822562926e-22,
      0.14119319201435973,
      1.3885267066437996e-09,
      1.786104810913659e-10
    ],
    [
      0.9726795341687078,
      3.3350640403444086e-32,
      7.019382387998458e-28,
      0.02704608708963789,
      0.00027303557781746367,
      1.3431638368496782e-06
    ],
    [
      0.9355704380256368,
      1.731979864768745e-23,
      1.6099246972484933e-24,
      0.0644292058384676,
      3.4736796040218573e-07,
      8.767934908509316e-09
    ],
    [
      0.8472604852259142,
      5.221426774741462e-26,
      7.0874233675801155e-28,
      0.15273946618592324,
      4.819789861777752e-08,
      3.902638116935321e-10
    ],
    [
      0.9135763324664401,
      1.4173406387878726e-18,
      1.1723160004627136e-21,
      0.08642365031086527,
      1.561831946442181e-08,
      1.6043753177962509e-09
    ],
    [
      0.30030615980841807,
      3.466284097454031e-35,
      2.171080478769549e-23,
      0.0002814693309606428,
      0.684547221655603,
      0.014865149205018729
    ],
    [
      0.01319284020955257,
      2.204158251028049e-61,
      1.7514126911965524e-35,
      8.003075146908193e-05,
      0.9842958841252938,
      0.0024312449136846036
    ],
    [
      0.9875286690606293,
      2.812007304202257e-31,
      1.7653164863207608e-25,
      0.009482156959320462,
      0.002958673487100238,
      3.0500492950123493e-05
    ],
    [
      0.011342361792099728,
      1.7421046879295637e-62,
      7.381606269902266e-36,
      7.297110133756459e-05,
      0.9861718126054407,
      0.0024128545011221085
    ],
    [
      0.18747456465226844,
      1.6427027415943413e-14,
      2.041957426212614e-24,
      0.8125254353477148,
      1.752842560918641e-16,
      4.7187411807748646e-17
    ],
    [
      0.0004408458531639878,
      1.685048133462117e-05,
      1.565105317136168e-21,
      0.9995423036655012,
      2.1677061436462293e-33,
      7.567394851840241e-31
    ],
    [
      0.2803607188002668,
      3.195449531752631e-12,
      2.9469819967734667e-21,
      0.7196392811965356,
      1.2378184850850675e-15,
      1.0853924467594117e-15
    ],
    [
      0.9903994314493352,
      4.887987339777088e-15,
      6.057324573663617e-16,
      0.009578909076914935,
      1.4853827017057718e-05,
      6.80564672731776e-06
    ],
    [
      0.9748072060500154,
      3.161414542029762e-37,
      1.6705626678980482e-29,
      0.018700584794504767,
      0.006474981794952338,
      1.7227360527744133e-05
    ],
    [
      0.18320628659092117,
      8.719442156170776e-10,
      1.7502339350864288e-19,
      0.8167937125371344,
      4.108925918916844e-17,
      1.3214146806071584e-16
    ],
    [
      0.026566484839036873,
      0.005206602910095458,
      2.703778590053662e-13,
      0.9682269122505976,
      8.721628561927871e-22,
      3.520290278094738e-19
    ],
    [
      0.9207792645343681,
