{
  "dataset": "aniso",
  "algorithm": "gmm",
  "params": {
    "n_components": 4,
    "covariance_type": "tied"
  },
  "labels": [
    2,
    2,
    2,
    2,
    0,
    2,
    2,
    0,
    0,
    0,
    2,
    2,
    0,
    0,
    0,
    0,
    2,
    2,
    2,
    0,
    2,
    2,
    0,
    0,
    2,
    2,
    0,
    2,
    0,
    2,
    2,
    0,
    2,
    2,
    2,
    2,
    2,
    0,
    2,
    2,
    2,
    2,
    0,
    2,
    0,
    2,
    0,
    2,
    2,
    2,
    0,
    2,
    2,
    2,
    2,
    0,
    2,
    2,
    2,
    2,
    2,
    2,
    2,
    0,
    2,
    0,
    0,
    0,
    0,
    2,
    2,
    0,
    2,
    0,
    2,
    2,
    0,
    2,
    2,
    0,
    0,
    2,
    2,
    2,
    2,
    0,
    2,
    2,
    2,
    0,
    2,
    0,
    2,
    2,
    0,
    0,
    2,
    2,
    0,
    2,
    2,
    2,
    0,
    2,
    2,
    2,
    2,
    2,
    0,
    0,
    1,
    2,
    0,
    2,
    0,
    0,
    2,
    2,
    0,
    0,
    0,
    2,
    0,
    2,
    2,
    0,
    2,
    0,
    2,
    2,
    0,
    0,
    2,
    1,
    2,
    2,
    2,
    0,
    2,
    2,
    2,
    2,
    1,
    2,
    2,
    2,
    0,
    2,
    2,
    2,
    0,
    2,
    2,
    2,
    2,
    2,
    2,
    2,
    2,
    2,
    2,
    0,
    0,
    2,
    2,
    2,
    3,
    0,
    3,
    3,
    3,
    3,
    3,
    3,
    3,
    3,
    0,
    3,
    3,
    3,
    3,
    3,
    0,
    3,
    3,
    3,
    0,
    0,
    0,
    0,
    3,
    3,
    3,
    3,
    0,
    3,
    3,
    0,
    3,
    3,
    3,
    3,
    3,
    3,
    3,
    0,
    3,
    3,
    0,
    0,
    0,
    3,
    3,
    3,
    0,
    3,
    3,
    0,
    0,
    3,
    3,
    3,
    3,
    3,
    3,
    3,
    3,
    3,
    3,
    3,
    0,
    3,
    3,
    0,
    3,
    3,
    3,
    0,
    0,
    0,
    3,
    3,
    3,
    3,
    0,
    3,
    3,
    0,
    3,
    3,
    0,
    3,
    3,
    3,
    3,
    3,
    3,
    3,
    0,
    3,
    3,
    3,
    3,
    3,
    3,
    0,
    3,
    3,
    3,
    0,
    0,
    3,
    3,
    0,
    3,
    3,
    0,
    3,
    3,
    3,
    3,
    0,
    0,
    3,
    3,
    3,
    3,
    0,
    3,
    3,
    3,
    3,
    3,
    3,
    0,
    3,
    3,
    0,
    3,
    3,
    0,
    0,
    3,
    3,
    1,
    0,
    3,
    0,
    3,
    3,
    3,
    0,
    0,
    3,
    3,
    3,
    3,
    3,
    0,
    3,
    3,
    3,
    3,
    3,
    3,
    0,
    3,
    0,
    3,
    3,
    3,
    3,
    1,
    1,
    1,
    1,
    1,
    1,
    1,
    1,
    1,
    1,
    1,
    1,
    1,
    1,
    1,
    1,
    1,
    1,
    1,
    1,
    1,
    1,
    1,
    1,
    1,
    1,
    1,
    1,
    1,
    1,
    1,
    1,
    1,
    1,
    1,
    1,
    1,
    1,
    1,
    1,
    1,
    1,
    1,
    1,
    1,
    1,
    1,
    1,
    1,
    1,
    1,
    1,
    1,
    1,
    1,
    1,
    1,
    1,
    1,
    1,
    1,
    1,
    1,
    1,
    1,
    1,
    1,
    1,
    1,
    1,
    1,
    1,
    1,
    1,
    1,
    1,
    1,
    1,
    1,
    1,
    1,
    1,
    1,
    1,
    1,
    1,
    1,
    1,
    1,
    1,
    1,
    1,
    1,
    1,
    1,
    1,
    1,
    1,
    1,
    1,
    1,
    1,
    1,
    1,
    1,
    1,
    1,
    1,
    1,
    1,
    1,
    1,
    1,
    1,
    1,
    1,
    1,
    1,
    1,
    1,
    1,
    1,
    1,
    1,
    1,
    1,
    1,
    1,
    1,
    1,
    1,
    1,
    1,
    1,
    1,
    1,
    1,
    1,
    1,
    1,
    1,
    1,
    1,
    1,
    1,
    1,
    1,
    1,
    1,
    1,
    1,
    1,
    1,
    1,
    1,
    1,
    1,
    1,
    1,
    1,
    1,
    1,
    1,
    1,
    1,
    1
  ],
  "means": [
    {
      "x": -1.0155123091959146,
      "y": 1.201148390253834
    },
    {
      "x": 2.9610326491868544,
      "y": -2.9219473465581505
    },
    {
      "x": 2.828315705413371,
      "y": 2.032903065489666
    },
    {
      "x": -2.03098823451898,
      "y": -2.9232705866083175
    }
  ],
  "probabilities": [
    [
      0.0015647374283504407,
      0.00013960013855980857,
      0.9982321268451626,
      6.353558792698529e-05
    ],
    [
      0.0023158464907524815,
      2.4543772801374577e-06,
      0.9976772516520686,
      4.447479898892141e-06
    ],
    [
      0.13827862518076325,
      4.15086741608829e-06,
      0.860170464709678,
      0.0015467592421423459
    ],
    [
      3.0786383048861355e-06,
      0.002255904451317715,
      0.9977408366593321,
      1.8025104510172735e-07
    ],
    [
      0.5804786846382884,
      6.650125867562277e-08,
      0.41868308197931386,
      0.0008381668811393694
    ],
    [
      0.3664460032082324,
      1.8895661051926081e-06,
      0.6294413109615054,
      0.004110796264157597
    ],
    [
      0.001862690131942483,
      0.0065135143365296876,
      0.9899935383369036,
      0.0016302571946245953
    ],
    [
      0.9983994397921679,
      4.03727975894957e-12,
      0.0005478581993539329,
      0.0010527020044410415
    ],
    [
      0.9737002748860992,
      5.227190634638997e-10,
      0.025559179227913127,
      0.0007405453632687859
    ],
    [
      0.8038736439069613,
      8.605633157868442e-07,
      0.17134174586226927,
      0.0247837496674536
    ],
    [
      2.7728723583021545e-06,
      0.022040895554517912,
      0.9779553717922388,
      9.597808848783948e-07
    ],
    [
      0.008553040946385888,
      0.0006661371634242989,
      0.9888232984483278,
      0.001957523441862168
    ],
    [
      0.6106335215339602,
      1.4720989552228215e-07,
      0.38755421206942053,
      0.0018121191867235635
    ],
    [
      0.9893605823174767,
      8.720609647688557e-11,
      0.010137318398035512,
      0.0005020991972819453
    ],
    [
      0.6169316358243051,
      3.478240172982938e-07,
      0.37938275295483465,
      0.0036852633968432616
    ],
    [
      0.9050327822365088,
      1.7819720150645415e-10,
      0.09489641220779428,
      7.080537749946777e-05
    ],
    [
      0.019294110614430936,
      0.00015269760253512306,
      0.9787690086554699,
      0.0017841831275642926
    ],
    [
      7.762857505177204e-05,
      0.01586574759119714,
      0.9840021771995949,
      5.4446634156370774e-05
    ],
    [
      0.0022180726849767123,
      0.006310444784449593,
      0.9894778601854911,
      0.001993622345082583
    ],
    [
      0.9957205645549505,
      2.2480524192683066e-11,
      0.003773143670406907,
      0.0005062917521623007
    ],
    [
      0.0004255605747288635,
      0.0001908892207110803,
      0.9993684565815835,
      1.5093622976912789e-05
    ],
    [
      0.06613534960614542,
      9.857938283617425e-06,
      0.9327775538449936,
      0.0010772386105771185
    ],
    [
      0.9945837743366572,
      1.204971126745097e-10,
      0.0030390019580125048,
      0.002377223584833201
    ],
    [
      0.6663403955985714,
      1.2537106080346517e-08,
      0.3333133612311495,
      0.0003462306331729012
    ],
    [
      0.0010958548293164018,
      0.007016008457766017,
      0.9910180225737029,
      0.0008701141392151692
    ],
    [
      0.003875808657092915,
      0.00012005212222770018,
      0.9958215572810803,
      0.00018258193959898409
    ],
    [
      0.8475611384060817,
      7.02021305497607e-09,
      0.15174023736360848,
      0.0006986172100969208
    ],
    [
      0.00012072354553205366,
      9.164596408695103e-05,
      0.9997859617313801,
      1.6687590009264513e-06
    ],
    [
      0.8787888357308969,
      3.46024990227145e-08,
      0.11785954034915826,
      0.003351589317445449
    ],
    [
      0.011241526747509948,
      2.437744326309714e-06,
      0.988721683987906,
      3.435152025771706e-05
    ],
    [
      0.44663780608202447,
      6.811124681115437e-07,
      0.5506063201152825,
      0.002755192690225284
    ],
    [
      0.9406893320119107,
      4.6870439665032235e-08,
      0.046779572964807725,
      0.012531048152841801
    ],
    [
      0.0006992204571366464,
      9.046350969294684e-06,
      0.9992891048692364,
      2.6283226576549066e-06
    ],
    [
      0.1352190972663327,
      2.63412031532447e-07,
      0.864608366695427,
      0.0001722726262090372
    ],
    [
      0.0024602889773919514,
      0.0003069058324553478,
      0.9970212500904254,
      0.0002115550997271875
    ],
    [
      0.014648455138221569,
      5.571201549971381e-07,
      0.9853357214184003,
      1.526632322330058e-05
    ],
    [
      0.16418062292281158,
      6.041892075277059e-08,
      0.8357468952242025,
      7.242143406538886e-05
    ],
    [
      0.9999889904022513,
      8.65377429483729e-19,
      5.511874876087282e-07,
      1.045841026069163e-05
    ],
    [
      0.018867468591783215,
      2.8294295129325916e-05,
      0.9806425235623009,
      0.00046171355078665754
    ],
    [
      0.004603789391197008,
      0.003809912131334758,
      0.9881342516789825,
      0.0034520467984860527
    ],
    [
      0.19215590817661002,
      7.604265837256257e-07,
      0.8071732787803023,
      0.000670052616503673
    ],
    [
      1.951632685516986e-06,
      0.052766620170445394,
      0.9472301774481954,
      1.2507486739095444e-06
    ],
    [
      0.8350758744643869,
      9.537059103699874e-08,
      0.1599216741123588,
      0.005002356052663079
    ],
    [
      0.00015491638299990022,
      0.00029288978517347616,
      0.9995464697482092,
      5.724083617314271e-06
    ],
    [
      0.6656112719576757,
      4.267906150347831e-08,
      0.3334863849391204,
      0.0009023004241425696
    ],
    [
      0.04863117460783408,
      7.445368093067973e-07,
      0.9512743848825143,
      9.369597284263711e-05
    ],
    [
      0.7492000175582427,
      1.5145753141403253e-07,
      0.24688212707513213,
      0.003917703909093356
    ],
    [
      0.13749684882969565,
      6.469961992947758e-05,
      0.8490459227834163,
      0.013392528766958513
    ],
    [
      0.007862959509664733,
      1.612824368648944e-05,
      0.992026095129763,
      9.481711688597502e-05
    ],
    [
      0.03322892465548521,
      1.5386588714180847e-05,
      0.9661511450239891,
      0.0006045437318118255
    ],
    [
      0.9949522379289859,
      8.182493852559222e-11,
      0.0035711808057049435,
      0.0014765811834845895
    ],
    [
      0.16783510917252967,
      1.197048450710949e-05,
      0.8274042386255983,
      0.004748681717364583
    ],
    [
      0.14511245254112384,
      9.404194482270486e-07,
      0.8543685102225198,
      0.0005180968169077491
    ],
    [
      2.4793414592333714e-07,
      0.054612754954706424,
      0.945386907419165,
      8.969198246278084e-08
    ],
    [
      0.007652690894844291,
      3.503573335846894e-05,
      0.9921441551216007,
      0.00016811825019680214
    ],
    [
      0.9996578727811437,
      6.052975183721059e-14,
      0.00010127875039505003,
      0.0002408484684008988
    ],
    [
      0.18127158395190252,
      7.1493512174210485e-09,
      0.818712604774467,
      1.5804124279544284e-05
    ],
    [
      0.16007642833534608,
      1.0634909040015968e-06,
      0.8392623887324047,
      0.0006601194413453993
    ],
    [
      0.020164070373081686,
      0.00018894738325597114,
      0.9774118651315813,
      0.0022351171120812
    ],
    [
      5.067754306914024e-05,
      0.00026845046367867254,
      0.9996796090543543,
      1.262938897868099e-06
    ],
    [
      0.000124129852648386,
      0.005578243319753982,
      0.9942541084801294,
      4.35183474681998e-05
    ],
    [
      1.0850456359762402e-06,
      0.3289704034813527,
      0.6710249501601696,
      3.561312841571834e-06
    ],
    [
      0.005910148649797933,
      2.6328365622023544e-07,
      0.9940869845642566,
      2.603502289437325e-06
    ],
    [
      0.937025311975505,
      1.6976121591504734e-08,
      0.05855459287243866,
      0.004420078175934732
    ],
    [
      0.014764496788847987,
      5.4567612482736296e-05,
      0.9846205866271319,
      0.0005603489715373375
    ],
    [
      0.998578272693167,
      2.8537099192056817e-12,
      0.0010027340602067835,
      0.00041899324377259824
    ],
    [
      0.9830517351177568,
      1.6609225579490264e-10,
      0.01645821551665583,
      0.0004900491994949376
    ],
    [
      0.982867502872544,
      1.572515298070864e-11,
      0.01705814386794618,
      7.435324378447401e-05
    ],
    [
      0.834185847176922,
      6.530261385828514e-08,
      0.16215624701591339,
      0.0036578405045508736
    ],
    [
      8.1623271120563e-05,
      0.015616345246066005,
      0.9842446722041274,
      5.735927868640746e-05
    ],
    [
      0.02831984755522609,
      5.485566196988235e-07,
      0.971643738579982,
      3.5865308171965204e-05
    ],
    [
      0.9990721896724166,
      9.69965960567159e-13,
      0.0006323709125239125,
      0.0002954394140892012
    ],
    [
      0.015125223154027787,
      2.9748541190510437e-06,
      0.9848126511272819,
      5.9150864571171004e-05
    ],
    [
      0.9644355375605199,
      1.7119485135469157e-08,
      0.022894534313614903,
      0.012669911006380007
    ],
    [
      0.0019015710472248663,
      4.508748462164422e-05,
      0.9980196223678186,
      3.371910033518526e-05
    ],
    [
      0.011278353624434275,
      1.0007293056016507e-05,
      0.9886073151578011,
      0.00010432392470850058
    ],
    [
      0.8054973253725101,
      2.628315214084497e-08,
      0.19308215451784985,
      0.0014204938264881987
    ],
    [
      0.003610843695097101,
      0.0002659455009822588,
      0.9958124726414949,
      0.0003107381624257714
    ],
    [
      3.7428801193636897e-07,
      0.021532145468459742,
      0.9784674092918701,
      7.09516583442521e-08
    ],
    [
      0.9935037255059554,
      1.9505065018926358e-11,
      0.006232908928560609,
      0.0002633655459788131
    ],
    [
      0.9774480444930482,
      1.4062299328147105e-10,
      0.022243066873152136,
      0.0003088884931771049
    ],
    [
      1.2242020139387854e-05,
      0.026420537043658987,
      0.9735596579213168,
      7.5630148844435484e-06
    ],
    [
      0.00012185994150719058,
      0.00029193778940766053,
      0.9995820144512336,
      4.187817852045499e-06
    ],
    [
      0.0010250394377803013,
      1.9938051387272664e-06,
      0.9989716493124164,
      1.3174446643472673e-06
    ],
    [
      0.10100948880811893,
      1.8301652440718957e-05,
      0.8958156657155433,
      0.0031565438238966145
    ],
    [
      0.8645510404404141,
      1.253013158716059e-07,
      0.12715979451328902,
      0.008289039744981542
    ],
    [
      0.08569064416346413,
      1.8349715748171746e-06,
      0.9138953901882712,
      0.0004121306766899645
    ],
    [
      0.01410303784164231,
      2.8410013816575362e-06,
      0.9858420534768512,
      5.206768012492663e-05
    ],
    [
      0.115743477309689,
      1.1234754544442473e-07,
      0.8841858440008245,
      7.056634194108538e-05
    ],
    [
      0.6892712229546769,
      2.559976446022516e-10,
      0.3107102836120285,
      1.8493177296992396e-05
    ],
    [
      0.00037726049099081753,
      0.0021108042268695244,
      0.9974268472731106,
      8.508800902913633e-05
    ],
    [
      0.9840518527221067,
      1.45836974753193e-10,
      0.015474649142810243,
      0.0004734979892460378
    ],
    [
      0.24637575545472437,
      2.486749126854503e-07,
      0.7532095657931298,
      0.00041443007723354825
    ],
    [
      0.001920227716636979,
      0.00010278623402727406,
      0.997911852655488,
      6.513339384762419e-05
    ],
    [
      0.7209814260223572,
      2.272478173801005e-06,
      0.248051407352544,
      0.030964894146924892
    ],
    [
      0.6071866385281445,
      2.825316873439363e-08,
      0.3923262261270749,
      0.00048710709161199313
    ],
    [
      0.003875720574514267,
      0.0008299173561763265,
      0.9944626565286026,
      0.0008317055407070215
    ],
    [
      0.01901238146358523,
      6.036998537352294e-06,
      0.9808426094524404,
      0.00013897208543744074
    ],
    [
      0.934470356257097,
      3.971454803789452e-09,
      0.0642524754245762,
      0.0012771643468723823
    ],
    [
      0.011426279438560226,
      0.00028148743619707545,
      0.9868403024565201,
      0.0014519306687227284
    ],
    [
      0.006768768140704001,
      9.247809644383816e-06,
      0.9931715105570743,
      5.047349257741455e-05
    ],
    [
      9.547367197466157e-05,
      8.342518866289643e-05,
      0.9998199561272184,
      1.145012144241002e-06
    ],
    [
      0.9885752686072177,
      8.507848030392751e-10,
      0.006920226636701004,
      0.0045045039052965825
    ],
    [
      0.0023748145496736484,
      2.329524253810022e-05,
      0.9975750980280438,
      2.679217974446268e-05
    ],
    [
      0.03569938121066159,
      1.4756494993979653e-09,
      0.9643001449637303,
      4.723499592196791e-07
    ],
    [
      0.0027613065691876283,
      5.116412349709594e-06,
      0.9972236471821204,
      9.929836342085036e-06
    ],
    [
      0.00015751190433612282,
      0.0001399835447295011,
      0.9996992255832933,
      3.2789676413455802e-06
    ],
    [
      0.37994747159240494,
      1.1368755942395608e-07,
      0.6195680162321414,
      0.0004843984878940051
    ],
    [
      0.8350020683729383,
      5.368817706040961e-08,
      0.16185001098596416,
      0.0031478669529207888
    ],
    [
      0.5116887278087495,
      2.696798473858967e-07,
      0.48649582615983866,
      0.001815176351564635
    ],
    [
      1.7412084128317942e-11,
      0.9943775069304361,
      0.005622492120841882,
      9.313097026187625e-10
    ],
    [
      0.00013413139886947543,
      0.024685602229875203,
      0.9750227408451664,
      0.00015752552608949523
    ],
    [
      0.6879582526335437,
      1.011051624033988e-08,
      0.3117141386575853,
      0.00032759859835513786
    ],
    [
      0.011593254836763225,
      0.0002403729626275116,
      0.9868591650959471,
      0.0013072071046622696
    ],
    [
      0.882705793778767,
      3.665675996833904e-09,
      0.1167074667624801,
      0.0005867357930764734
    ],
    [
      0.849464967066193,
      1.6532284860114312e-08,
      0.14913857632750216,
      0.0013964400740193953
    ],
    [
      0.018446743567684436,
      6.363520548841118e-05,
      0.9806433279668633,
      0.0008462932599639196
    ],
    [
      6.885721908568874e-08,
      0.0525660797601214,
      0.9474338347745556,
      1.6608104560127733e-08
    ],
    [
      0.9998309276693882,
      8.15171213231615e-15,
      4.28468278937287e-05,
      0.0001262255027097359
    ],
    [
      0.8602445382816671,
      3.4699704326232546e-09,
      0.13930598732006755,
      0.0004494709282949962
    ],
    [
      0.8641088824975436,
      2.821417337415674e-08,
      0.13344550607310077,
      0.002445583215182829
    ],
    [
      0.0033802652102601456,
      8.018303169641095e-06,
      0.9965933709363336,
      1.8345550236811868e-05
    ],
    [
      0.9849322317198116,
      6.874683580198365e-10,
      0.013167663886106186,
      0.0019001037066140865
    ],
    [
      0.34763218304194154,
      3.1497466632700206e-06,
      0.6467986516014389,
      0.005566015609956768
    ],
    [
      6.788847231723146e-07,
      0.016018301483773503,
      0.9839808989662192,
      1.2066528421088505e-07
    ],
    [
      0.9966430286437625,
      3.3534995686316673e-12,
      0.003221687062483593,
      0.00013528429040039647
    ],
    [
      1.1424412164545961e-07,
      0.015517894502576034,
      0.9844819794724368,
      1.1780865906197374e-08
    ],
    [
      0.9967092952969634,
      3.161256639906372e-11,
      0.0019286576100116196,
      0.0013620470614125362
    ],
    [
      6.6430764044790305e-06,
      0.03251656813167787,
      0.9674727200149074,
      4.068777010053024e-06
    ],
    [
      0.004645542076352584,
      7.678545099031952e-06,
      0.9953200064516473,
      2.67729269009322e-05
    ],
    [
      0.9398485127150222,
      5.382405357352599e-09,
      0.058340290918696414,
      0.0018111909838757169
    ],
    [
      0.9998762712239299,
      6.680280570743178e-19,
      4.582070728158127e-08,
      0.00012368295536258842
    ],
    [
      0.07249753937690916,
      7.554109998124568e-05,
      0.9213665461484761,
      0.00606037337463291
    ],
    [
      1.3471505075585334e-07,
      0.6255953191013733,
      0.37440380015544206,
      7.460281337329385e-07
    ],
    [
      0.44911891847496077,
      3.3148139390299173e-07,
      0.5492983443291779,
      0.0015824057144671394
    ],
    [
      7.414086289669833e-07,
      0.3958202314250998,
      0.6041762089000631,
      2.818266207969241e-06
    ],
    [
      2.4109388424796775e-05,
      0.00251915311552041,
      0.9974539339283076,
      2.803567747066391e-06
    ],
    [
      0.9717744098969453,
      4.3135287361316005e-10,
      0.027641456109040147,
      0.0005841335626622126
    ],
    [
      0.007241986419668852,
      0.000119315409651632,
      0.9922298007067326,
      0.0004088974639470445
    ],
    [
      0.019623961501250165,
      3.327569251530871e-05,
      0.9797906791336585,
      0.0005520836725762942
    ],
    [
      0.03450564492692958,
      1.985696688909753e-06,
      0.9653646581987237,
      0.000127711177657651
    ],
    [
      3.2264383768309695e-07,
      0.4322270797855006,
      0.5677714951108533,
      1.1024598086547473e-06
    ],
    [
      1.0079716662776358e-10,
      0.9891716413232307,
      0.010828354149148931,
      4.4268236049138306e-09
    ],
    [
      0.15668665202140386,
      5.716774600737479e-07,
      0.8429197974372596,
      0.00039297886387657394
    ],
    [
      0.004206373297264968,
      0.0001921247340037152,
      0.9953080076066037,
      0.0002934943621277691
    ],
    [
      0.0988081771325662,
      1.0426027414615296e-05,
      0.8992152324267496,
      0.001966164413269383
    ],
    [
      0.7940041530605029,
      7.404991112345235e-09,
      0.2055125497307034,
      0.00048328980380245805
    ],
    [
      0.0024369361977343356,
      0.00034424506815626456,
      0.9969901758431478,
      0.00022864289096178786
    ],
    [
      0.00016852165474051122,
      0.0002879841836890873,
      0.999537196660338,
      6.297501232468489e-06
    ],
    [
      0.00038408258220794597,
      7.374390794033961e-05,
      0.9995358990797136,
      6.274430138314003e-06
    ],
    [
      0.8456453762084756,
      9.48816349706345e-08,
      0.14888622482453992,
      0.005468304085349895
    ],
    [
      0.0005767044345072605,
      5.621248643205601e-05,
      0.9993585082291422,
      8.574849918292645e-06
    ],
    [
      0.05148976031662777,
      4.804876688533403e-06,
      0.948069108558402,
      0.00043632624828171795
    ],
    [
      6.873757925708716e-06,
      0.02473976567014737,
      0.9752499575921857,
      3.402979741095474e-06
    ],
    [
      0.0010735447464238922,
      0.00021589497239339581,
      0.9986556177753161,
      5.4942505866827326e-05
    ],
    [
      0.30178007340765983,
      7.815684617469803e-08,
      0.6979838559196128,
      0.00023599251588121432
    ],
    [
      0.00041203003435756684,
      4.61858363180939e-05,
      0.9995370226834284,
      4.761445896046912e-06
    ],
    [
      9.699240940640194e-06,
      0.004952190894464588,
      0.9950366368044591,
      1.473060135778164e-06
    ],
    [
      0.00041211464545663816,
      0.0005777472725252979,
      0.9989756389804304,
      3.449910158791827e-05
    ],
    [
      0.004772944830491504,
      5.7514257793202745e-05,
      0.9950352088871497,
      0.00013433202456580355
    ],
    [
      0.03625911832858027,
      2.2144349810379e-06,
      0.9635900792994179,
      0.0001485879370208906
    ],
    [
      0.9790847443657014,
      6.666724684191189e-12,
      0.020884870134411978,
      3.0385493219795095e-05
    ],
    [
      0.8982630970157933,
      1.5055563478750796e-07,
      0.08652668147272408,
      0.015210070955848152
    ],
    [
      4.744844673357787e-05,
      0.00025833703981357093,
      0.9996930889032377,
      1.1256102155137966e-06
    ],
    [
      0.0012934314682644089,
      2.8863858015742363e-05,
      0.9986632604382693,
      1.4444235450712842e-05
    ],
    [
      0.02179007843111537,
      9.650571280201107e-05,
      0.9766528088931677,
      0.001460606962914994
    ],
    [
      0.12295408565671143,
      9.99058782460085e-08,
      0.0001353060439996313,
      0.8769105083934103
    ],
    [
      0.9420611251256629,
      5.237181620535109e-10,
      0.00042872959472546737,
      0.05751014475589398
    ],
    [
      0.000628076689667847,
      2.7303900562273472e-05,
      1.2632935501470433e-05,
      0.9993319864742686
    ],
    [
      0.4701998977840581,
      1.7622952077456094e-08,
      0.00030600629604189206,
      0.5294940782969481
    ],
    [
      0.00042668579327859445,
      0.0001757741641083403,
      3.085633216988849e-05,
      0.9993666837104435
    ],
    [
      0.24600406396266783,
      6.748412580729048e-08,
      0.000269240092380002,
      0.753726628460826
    ],
    [
      0.003194722039353346,
      3.1604927084769906e-05,
      9.945145592044985e-05,
      0.9966742215776419
    ],
    [
      3.899222623589441e-05,
      1.4399658481199348e-05,
      2.808739846393848e-07,
      0.9999463272412982
    ],
    [
      0.0010714353537872486,
      2.344862464485507e-05,
      2.1486626474814256e-05,
      0.9988836293950931
    ],
    [
      0.10204808455444103,
      4.2191065175571953e-05,
      0.008762128690303024,
      0.8891475956900806
    ],
    [
      0.8936888371667677,
      1.6160525542957572e-09,
      0.000518957303332636,
      0.10579220391384678
    ],
    [
      0.09335907986517723,
      5.5059835325938604e-08,
      6.103210557859346e-05,
      0.9065798329694087
    ],
    [
      0.05826709143935516,
      6.116003972892084e-07,
      0.00019345604119643534,
      0.9415388409190512
    ],
    [
      0.3903798198356147,
      1.2992185694336542e-08,
      0.00017191467086567313,
      0.6094482525013339
    ],
    [
      0.261908730110604,
      1.5350842658588188e-05,
      0.015786696714782864,
      0.722289222331955
    ],
    [
      0.022007804776613134,
      9.682332124061665e-06,
      0.00043437207957856046,
      0.9775481408116842
    ],
    [
      0.7937133263894716,
      3.1356460739390065e-09,
      0.00039266059171587424,
      0.20589400988316692
    ],
    [
      0.16624574753871169,
      4.631367296024919e-07,
      0.0006237669160299823,
      0.8331300224085291
    ],
    [
      0.14542473629756422,
      6.37831746889295e-08,
      0.0001222657047676583,
      0.8544529342144933
    ],
    [
      0.04303737629895486,
      6.908146135725039e-06,
      0.0007759705858603022,
      0.9561797449690492
    ],
    [
      0.9893608154904284,
      3.2667786749417677e-10,
      0.0018510510170691211,
      0.008788133165824673
    ],
    [
      0.9999463178717879,
      1.9599677052781536e-16,
      7.16236610633453e-06,
      4.6519762105871974e-05
    ],
    [
      0.8768197365196895,
      5.442374270547358e-09,
      0.001075665885916269,
      0.12210459215202049
    ],
    [
      0.9999573669798659,
      1.1314747030014736e-16,
      5.992054564110607e-06,
      3.664096556994126e-05
    ],
    [
      0.0007067866613450562,
      1.159959394444254e-05,
      7.800023573599705e-06,
      0.9992738137211371
    ],
    [
      4.320627153573376e-07,
      0.00672034047939397,
      1.1160346115797583e-07,
      0.9932791158544296
    ],
    [
      0.0006542386227512071,
      9.541308678887532e-05,
      3.3035509907619185e-05,
      0.9992173127805523
    ],
    [
      0.09142047149090438,
      0.00013813895252525753,
      0.018207433220736372,
      0.8902339563358338
    ],
    [
      0.9507248084680125,
      1.205751779475754e-10,
      0.00017211746316240852,
      0.049103073948249726
    ],
    [
      0.0002309469235137873,
      0.0005766221907926329,
      3.509614554459385e-05,
      0.9991573347401491
    ],
    [
      5.789115597071143e-06,
      0.26994855603297857,
      4.960037977353522e-05,
      0.7299960544716511
    ],
    [
      0.9850241833197199,
      1.749285695042432e-11,
      0.00013384066251286453,
      0.014841976000274641
    ],
    [
      7.92037869245178e-07,
      0.32995005822120177,
      5.69880857869371e-06,
      0.6700434509323504
    ],
    [
      0.011794266033630601,
      0.0001616357077483824,
      0.0015848485243291249,
      0.986459249734292
    ],
    [
      9.456292261015196e-06,
      0.0004240850797311665,
      6.032234795498241e-07,
      0.9995658554045287
    ],
    [
      0.05275823275847117,
      1.675395543244664e-06,
      0.0003560640857716525,
      0.9468840277602139
    ],
    [
      0.0027219208104287008,
      0.00010482130625615073,
      0.0001965695574685173,
      0.996976688325847
    ],
    [
      0.00013844801530515173,
      0.00015707763054908884,
      7.350538746682418e-06,
      0.9996971238153994
    ],
    [
      0.07134145395508028,
      4.482788530613436e-06,
      0.0010688190348330745,
      0.9275852442215561
    ],
    [
      0.8797872889507516,
      1.4923043637635346e-10,
      7.967840985203028e-05,
      0.12013303249016613
    ],
    [
      2.987577090312263e-06,
      0.14000719114973936,
      1.1918976330033437e-05,
      0.85997790229684
    ],
    [
      0.3899788230090421,
      1.6133141995877268e-08,
      0.00020094848120098957,
      0.609820212376615
    ],
    [
      0.9970537638718543,
      3.817729543771082e-12,
      0.00021637539489709074,
      0.002729860729430836
    ],
    [
      0.9778767237244081,
      1.5209220340065095e-10,
      0.0004513835460639942,
      0.021671892577436087
    ],
    [
      0.9967474725471485,
      1.3753619439910797e-11,
      0.0027720174052056987,
      0.0004805100338923158
    ],
    [
      0.006661338658545749,
      0.00012744909165932856,
      0.000667084823495195,
      0.9925441274263
    ],
    [
      0.44970530332100483,
      3.6230195482310728e-06,
      0.013914710054911832,
      0.5363763636045348
    ],
    [
      0.00013725966145631196,
      0.0015080676322889019,
      3.788783357284499e-05,
      0.9983167848726819
    ],
    [
      0.9881994850307986,
      3.4076439425496414e-13,
      9.426176049026107e-06,
      0.011791088792811507
    ],
    [
      0.00027873451682986785,
      4.989924958315443e-07,
      2.572320986586712e-07,
      0.9997205092585758
    ],
    [
      0.007110432071277776,
      6.039524753950959e-05,
      0.0004186313310877587,
      0.992410541350095
    ],
    [
      0.9962803324441786,
      5.37890198299045e-12,
      0.00022029069117913754,
      0.003499376859263933
    ],
    [
      0.9993930808868393,
      4.030849059821894e-15,
      6.000403096644239e-06,
      0.0006009187100605497
    ],
    [
      3.4204986852888623e-06,
      0.004327342319683881,
      9.702377123924706e-07,
      0.9956682669439185
    ],
    [
      0.33940721003667035,
      1.4715567789156225e-07,
      0.0007919238930618657,
      0.6598007189145899
    ],
    [
      4.296524844312309e-07,
      0.021581475479442277,
      2.6317039537486e-07,
      0.9784178316976784
    ],
    [
      1.982697560502737e-05,
      0.007169910913635323,
      1.1609304608259579e-05,
      0.9927986528061514
    ],
    [
      0.47151753425465937,
      6.283731215291039e-09,
      0.00014506909912996875,
      0.5283373903624793
    ],
    [
      0.0062966475991123394,
      5.292007806015736e-07,
      1.142930945341672e-05,
      0.9936913938906535
    ],
    [
      0.019292927020626193,
      4.8988928664712525e-05,
      0.0012069666925751546,
      0.9794511173581342
    ],
    [
      0.00013895262717530325,
      0.0009101183817459014,
      2.6592523287707605e-05,
      0.9989243364677911
    ],
    [
      0.004743630755426554,
      1.3887218983121886e-06,
      1.6408624935708352e-05,
      0.9952385718977397
    ],
    [
      0.059920579399208286,
      7.791541094857352e-08,
      4.461390911176541e-05,
      0.9400347287762686
    ],
    [
      0.005544663058250779,
      4.03845497419575e-07,
      8.049373074988551e-06,
      0.9944468837231767
    ],
    [
      0.9996880122313807,
      3.619500366883685e-14,
      6.906629616400077e-05,
      0.00024292147241928517
    ],
    [
      0.0008776363157383834,
      8.876738357637239e-05,
      4.4616150482645606e-05,
      0.9989889801502027
    ],
    [
      0.03332660002009392,
      1.229695165744682e-06,
      0.0001605576697896992,
      0.9665116126149506
    ],
    [
      0.5186943567438274,
      4.906845685991809e-07,
      0.004288968996803771,
      0.4770161835748007
    ],
    [
      0.004056734733068966,
      2.861963461094494e-06,
      2.30210881383734e-05,
      0.9959173822153317
    ],
    [
      0.05707095183552187,
      2.58735180857601e-09,
      3.5055494493151728e-06,
      0.9429255400276771
    ],
    [
      3.0255441110639058e-06,
      0.16671962660606987,
      1.415357490318034e-05,
      0.8332631942749157
    ],
    [
      0.9986929274118626,
      3.2761012657731355e-13,
      7.592454883586352e-05,
      0.0012311480389741061
    ],
    [
      0.5461117173139275,
      1.2628810931907588e-07,
      0.0017831573574574055,
      0.45210499904050605
    ],
    [
      0.9999378148964841,
      2.4442287328343627e-17,
      6.127870784199947e-05,
      9.063956739724815e-07
    ],
    [
      0.050713037077845205,
      1.1327467371011204e-07,
      4.752847227588467e-05,
      0.9492393211752048
    ],
    [
      4.933239175248785e-06,
      0.006432258136654421,
      2.0151546402319705e-06,
      0.9935607934695305
    ],
    [
      0.0020514707879247833,
      5.054564789818333e-07,
      2.861602532590625e-06,
      0.9979451621530638
    ],
    [
      0.003006350487338572,
      9.281860634878385e-07,
      7.060416999305439e-06,
      0.9969856609095988
    ],
    [
      0.9969237941259522,
      2.0257676070723208e-11,
      0.0009029503884950623,
      0.002173255465295086
    ],
    [
      0.018082007720481463,
      0.00021564097842969625,
      0.003292486783560985,
      0.9784098645175281
    ],
    [
      0.13899260607903036,
      5.279980763303248e-08,
      0.00010019046264123393,
      0.8609071506585211
    ],
    [
      0.9950632279303013,
      2.8263747533684132e-11,
      0.0006044528812730117,
      0.0043323191601621755
    ],
    [
      0.00017046777351139176,
      0.0001158790742528031,
      7.560689072178001e-06,
      0.9997060924631638
    ],
    [
      0.0010095409697109625,
      1.0187261012384154e-06,
      2.0328769099368075e-06,
      0.9989874074272778
    ],
    [
      0.7100681412852297,
      2.6776363966825437e-06,
      0.0392084174247124,
      0.2507207636536614
    ],
    [
      1.2490624965541917e-05,
      0.007871904139676448,
      7.137835117260168e-06,
      0.992108467400241
    ],
    [
      0.001919565382920797,
      6.829457018290684e-06,
      1.7627546505036814e-05,
      0.9980559776135558
    ],
    [
      0.003503860665882865,
      1.476369196746988e-06,
      1.1909106557363682e-05,
      0.9964827538583633
    ],
    [
      0.11812132311773517,
      6.863576311081223e-08,
      9.756561442497183e-05,
      0.8817810426320771
    ],
    [
      0.21376176554399884,
      2.841305293506079e-07,
      0.0006240687228859901,
      0.7856138816025862
    ],
    [
      0.0266320489497471,
      2.3130273722667432e-07,
      3.604110082312205e-05,
      0.9733316786466928
    ],
    [
      0.0012011745786536967,
      0.0002983387603863527,
      0.00015750530738099412,
      0.9983429813535792
    ],
    [
      0.6638915058455604,
      1.8581726784186225e-09,
      0.0001371813380989063,
      0.3359713109581682
    ],
    [
      0.054346548342287894,
      1.1081970818032572e-05,
      0.0014666350442579773,
      0.944175734642636
    ],
    [
      2.643267011044077e-06,
      0.026332081253398257,
      2.711154762591768e-06,
      0.9736625643248282
    ],
    [
      0.0008399392251424546,
      0.00024322993945957014,
      8.826482419317857e-05,
      0.9988285660112048
    ],
    [
      0.0025935278040205996,
      1.46404279011513e-07,
      1.5376504685125068e-06,
      0.9974047881412323
    ],
    [
      4.899128551180626e-06,
      0.0042536532152185405,
      1.475264517675676e-06,
      0.9957399723917126
    ],
    [
      0.3207218957534532,
      1.5132485064428342e-08,
      0.00013717944918016515,
      0.6791409096648814
    ],
    [
      0.876378421373698,
      3.652562638252357e-11,
      2.7683326680816657e-05,
      0.12359389526309537
    ],
    [
      0.08372782488460302,
      3.483468173195916e-08,
      3.797696448009713e-05,
      0.9162341633162354
    ],
    [
      0.0013000130611418713,
      4.059905828645013e-05,
      4.045486997189532e-05,
      0.9986189330105999
    ],
    [
      0.0005383305087894249,
      2.6145993995225567e-05,
      1.0169378533315738e-05,
      0.9994253541186822
    ],
    [
      0.9636819228544548,
      6.803910274419641e-11,
      0.00015321862121699036,
      0.036164858456289396
    ],
    [
      0.937203912591961,
      4.240741647279882e-11,
      6.288121956713467e-05,
      0.06273320614606426
    ],
    [
      0.28726411241315974,
      1.0439138631887326e-05,
      0.01372985380900636,
      0.6989955946392019
    ],
    [
      7.134850811781403e-08,
      0.014220675784087136,
      2.2301951695375398e-08,
      0.9857792305654526
    ],
    [
      0.6362300496190142,
      1.831871064061688e-08,
      0.0006429631538686224,
      0.36312696890840646
    ],
    [
      0.41842985127866134,
      2.0655807848799932e-08,
      0.00027379435512017995,
      0.5812963337104109
    ],
    [
      0.09301104388000801,
      5.550617417791796e-07,
      0.00032745284121257534,
      0.9066609482170376
    ],
    [
      0.9729592287206978,
      3.6334263779036285e-10,
      0.0007061431006235903,
      0.026334627815335823
    ],
    [
      0.34098935988493256,
      5.1999465297511145e-08,
      0.0003736530484513399,
      0.6586369350671508
    ],
    [
      0.004674788993493546,
      3.752423158320012e-06,
      3.3276629918867005e-05,
      0.9952881819534294
    ],
    [
      0.41885352065521975,
      3.392151708834288e-08,
      0.0003938996179762556,
      0.5807525458052871
    ],
    [
      0.06067659445049219,
      0.0003536601106017738,
      0.02146904160445069,
      0.9175007038344551
    ],
    [
      0.9110115644921922,
      7.312132840748381e-10,
      0.0003512041679801204,
      0.0886372306086147
    ],
    [
      0.9861458777585508,
      1.7841165920583133e-11,
      0.00014640279407804527,
      0.013707719429529636
    ],
    [
      1.0029974282116868e-06,
      0.0009041081260402,
      7.07368553839681e-08,
      0.9990948181396762
    ],
    [
      1.62553602942598e-06,
      0.003598184408471543,
      3.467250922009455e-07,
      0.9963998433304067
    ],
    [
      0.018226776378154917,
      0.00036460065883958974,
      0.004883635509463886,
      0.9765249874535421
    ],
    [
      0.29767722554555903,
      1.1063329091907055e-07,
      0.0005187682534228115,
      0.701803895567727
    ],
    [
      0.9690428130343892,
      5.928593358229004e-13,
      5.616551919311111e-06,
      0.03095157041309865
    ],
    [
      0.10983932498213092,
      5.805260358073244e-06,
      0.0022573104926068006,
      0.8878975592649043
    ],
    [
      4.863628454951866e-06,
      0.07412183097966889,
      1.2569692638932894e-05,
      0.9258607356992373
    ],
    [
      0.34268967372211245,
      5.1062736191842296e-08,
