{
  "dataset": "aniso",
  "algorithm": "gmm",
  "params": {
    "n_components": 6,
    "covariance_type": "spherical"
  },
  "labels": [
    5,
    5,
    5,
    2,
    5,
    5,
    5,
    4,
    4,
    4,
    2,
    5,
    5,
    4,
    5,
    5,
    5,
    5,
    5,
    4,
    5,
    5,
    4,
    5,
    5,
    5,
    5,
    5,
    4,
    5,
    5,
    4,
    5,
    5,
    5,
    5,
    5,
    4,
    5,
    5,
    5,
    2,
    4,
    5,
    5,
    5,
    4,
    5,
    5,
    5,
    4,
    5,
    5,
    2,
    5,
    4,
    5,
    5,
    5,
    5,
    5,
    2,
    5,
    4,
    5,
    4,
    4,
    4,
    4,
    5,
    5,
    4,
    5,
    4,
    5,
    5,
    4,
    5,
    2,
    4,
    4,
    2,
    5,
    5,
    5,
    4,
    5,
    5,
    5,
    5,
    5,
    4,
    5,
    5,
    4,
    5,
    5,
    5,
    4,
    5,
    5,
    5,
    4,
    5,
    5,
    5,
    5,
    5,
    4,
    5,
    2,
    5,
    5,
    5,
    4,
    4,
    5,
    2,
    4,
    5,
    4,
    5,
    4,
    5,
    2,
    4,
    2,
    4,
    2,
    5,
    4,
    4,
    5,
    2,
    5,
    2,
    2,
    4,
    5,
    5,
    5,
    2,
    2,
    5,
    5,
    5,
    5,
    5,
    5,
    5,
    4,
    5,
    5,
    2,
    5,
    5,
    5,
    2,
    5,
    5,
    5,
    4,
    4,
    5,
    5,
    5,
    0,
    0,
    3,
    0,
    3,
    0,
    0,
    3,
    3,
    0,
    0,
    0,
    0,
    0,
    0,
    0,
    0,
    0,
    0,
    0,
    4,
    4,
    0,
    4,
    3,
    3,
    3,
    0,
    0,
    3,
    3,
    0,
    3,
    0,
    3,
    0,
    0,
    3,
    0,
    0,
    3,
    0,
    4,
    4,
    4,
    0,
    0,
    3,
    0,
    3,
    0,
    4,
    4,
    3,
    0,
    3,
    3,
    0,
    0,
    0,
    3,
    0,
    0,
    0,
    4,
    3,
    0,
    0,
    0,
    0,
    3,
    4,
    0,
    4,
    0,
    3,
    3,
    3,
    4,
    0,
    0,
    4,
    3,
    3,
    4,
    3,
    3,
    3,
    0,
    0,
    0,
    3,
    0,
    0,
    3,
    3,
    3,
    3,
    0,
    0,
    0,
    3,
    3,
    0,
    0,
    0,
    3,
    0,
    0,
    0,
    4,
    0,
    0,
    0,
    0,
    0,
    4,
    3,
    3,
    0,
    0,
    0,
    0,
    3,
    0,
    0,
    0,
    0,
    0,
    0,
    0,
    0,
    0,
    0,
    0,
    0,
    0,
    3,
    3,
    0,
    0,
    4,
    0,
    0,
    3,
    4,
    4,
    3,
    0,
    3,
    0,
    3,
    0,
    3,
    0,
    0,
    0,
    3,
    0,
    4,
    0,
    4,
    0,
    0,
    0,
    0,
    1,
    1,
    2,
    1,
    1,
    2,
    2,
    1,
    1,
    1,
    2,
    1,
    1,
    1,
    2,
    1,
    1,
    1,
    1,
    1,
    2,
    2,
    2,
    1,
    1,
    1,
    1,
    1,
    1,
    2,
    1,
    1,
    1,
    1,
    1,
    1,
    1,
    3,
    2,
    1,
    1,
    1,
    1,
    1,
    2,
    2,
    1,
    1,
    1,
    3,
    1,
    1,
    1,
    1,
    1,
    1,
    1,
    1,
    1,
    1,
    1,
    1,
    1,
    1,
    1,
    2,
    1,
    1,
    1,
    1,
    1,
    1,
    1,
    1,
    3,
    1,
    1,
    1,
    1,
    3,
    1,
    3,
    1,
    2,
    2,
    1,
    3,
    1,
    1,
    2,
    1,
    1,
    1,
    1,
    1,
    3,
    1,
    1,
    1,
    3,
    1,
    1,
    1,
    1,
    2,
    1,
    1,
    1,
    3,
    1,
    1,
    1,
    1,
    1,
    1,
    3,
    1,
    1,
    1,
    1,
    1,
    2,
    1,
    1,
    1,
    1,
    1,
    1,
    1,
    1,
    1,
    1,
    3,
    1,
    2,
    1,
    2,
    1,
    2,
    1,
    3,
    2,
    1,
    1,
    2,
    1,
    1,
    1,
    1,
    1,
    1,
    1,
    1,
    1,
    1,
    1,
    1,
    2,
    1,
    2,
    1,
    3,
    1,
    1,
    1,
    2
  ],
  "means": [
    {
      "x": -2.087157575444156,
      "y": -1.547802811351359
    },
    {
      "x": 2.8332373048312225,
      "y": -3.1247758042379528
    },
    {
      "x": 4.683148766107427,
      "y": 0.2359009432946524
    },
    {
      "x": -1.4966490222716247,
      "y": -4.480611876582752
    },
    {
      "x": -0.7567544514362192,
      "y": 1.7980432960192738
    },
    {
      "x": 2.301612662554494,
      "y": 2.1359102971024617
    }
  ],
  "probabilities": [
    [
      9.47542576546927e-13,
      5.037264193623065e-08,
      0.05923377533676724,
      1.5535342646661877e-09,
      0.0008860255726456027,
      0.9398801471634634
    ],
    [
      1.9431895605240926e-16,
      1.2712760801270955e-11,
      0.04077854999239932,
      8.468879821429502e-12,
      0.00034487896412327683,
      0.9588765710222953
    ],
    [
      1.868073636565247e-08,
      2.7929423129049153e-08,
      0.008676597458785691,
      7.471103866028314e-08,
      0.05920234954708626,
      0.9321209316729299
    ],
    [
      9.5832878531162e-22,
      1.7078503948484188e-10,
      0.9188362834096068,
      6.876110635127451e-13,
      6.165861080864345e-07,
      0.08116309983281282
    ],
    [
      1.588501424966081e-08,
      3.140188871332918e-10,
      0.002936380713234659,
      2.7088752689344045e-08,
      0.19585121627404867,
      0.8012123597249308
    ],
    [
      6.865000994445712e-07,
      5.2060123629752645e-08,
      0.006593339851880319,
      5.305422211306759e-07,
      0.23094267703858568,
      0.7624627140070896
    ],
    [
      1.8952685857885673e-08,
      0.00024831197221929815,
      0.18980493309365656,
      1.6502096122946866e-06,
      0.006722486420616205,
      0.8032225993512097
    ],
    [
      0.0013529680747969516,
      2.638777945988314e-12,
      5.895750971958816e-06,
      6.549492859170342e-06,
      0.99843206185558,
      0.00020252482315296323
    ],
    [
      3.2438944486935605e-06,
      3.971130122916971e-11,
      0.00030168559835565663,
      2.6538923309179724e-07,
      0.9231458889711048,
      0.07654891610714601
    ],
    [
      0.0007330048359562321,
      3.558211707474855e-07,
      0.002043488264514162,
      3.5513804827990836e-05,
      0.9100480767606194,
      0.08713956051291101
    ],
    [
      2.2453252337482647e-19,
      2.4472463607743414e-08,
      0.9170879561013587,
      1.4996689866179246e-11,
      1.1537508998256347e-06,
      0.08291086566028133
    ],
    [
      3.4312169848160633e-08,
      1.8541242496664585e-05,
      0.06474495355272561,
      7.473816245141465e-07,
      0.015550859935223364,
      0.9196848635757597
    ],
    [
      1.8885807865787972e-07,
      2.190413509453858e-09,
      0.003273065240735537,
      1.3701685414628321e-07,
      0.30473996803230663,
      0.6919866386616115
    ],
    [
      5.148233656444821e-06,
      8.495905414538006e-12,
      0.0001201218320018441,
      2.5631808111443387e-07,
      0.9715079204730518,
      0.028366553134713174
    ],
    [
      1.508821180536064e-06,
      1.3058950445002327e-08,
      0.0037744808608433807,
      5.817749826207351e-07,
      0.41820366398009795,
      0.5780197515039448
    ],
    [
      3.741163191923376e-10,
      2.402277463350851e-13,
      0.0012108387611458652,
      1.6391865081932599e-09,
      0.3669046735381732,
      0.6318844856871382
    ],
    [
      2.5392766948732374e-08,
      2.6200488788942694e-06,
      0.03367640293946185,
      3.2612157770235486e-07,
      0.02138271144032751,
      0.9449379140569871
    ],
    [
      4.2720261126635027e-13,
      1.116523170359916e-05,
      0.4597892442399133,
      1.0171348775284999e-08,
      0.00015881782712235827,
      0.5400407625294849
    ],
    [
      3.483295911565156e-08,
      0.00030034105904650583,
      0.18541017040478375,
      2.294255104018328e-06,
      0.008357060594321373,
      0.805930098853785
    ],
    [
      2.162454521118455e-05,
      3.799909553083607e-12,
      4.223587141643304e-05,
      4.921200660632638e-07,
      0.9930272879071531,
      0.006908359552353808
    ],
    [
      1.0681105252538691e-14,
      1.3549277994602256e-08,
      0.11717984123510751,
      2.399449520574488e-10,
      0.000232053528632412,
      0.8825880914470262
    ],
    [
      5.421991642719292e-09,
      4.8410388133895374e-08,
      0.011821884443043492,
      4.8003664621449415e-08,
      0.029793624544569713,
      0.9583843891763426
    ],
    [
      0.0009877419573864677,
      6.937729770441217e-11,
      2.9467689925859794e-05,
      7.659902320590635e-06,
      0.9974437195449838,
      0.0015314108360058346
    ],
    [
      1.929357096856001e-09,
      2.3265055487148702e-11,
      0.002263749918373756,
      6.258566129248382e-09,
      0.1790222190593864,
      0.8187140228110517
    ],
    [
      2.8096784261623233e-09,
      0.00013217983621727518,
      0.20563924489912438,
      5.937215907625394e-07,
      0.0034572176538831476,
      0.7907707610795061
    ],
    [
      2.4339997956796814e-11,
      1.4149799405415348e-07,
      0.041254235984578815,
      7.008195164285704e-09,
      0.0024226783522510492,
      0.9563229371326409
    ],
    [
      1.0286778159726911e-07,
      9.854873830645808e-11,
      0.001527296504782635,
      5.728431767359101e-08,
      0.4990306005206715,
      0.4994419427238981
    ],
    [
      8.881101964097623e-18,
      3.428302656144022e-10,
      0.25626485660587955,
      1.0034990601712628e-11,
      4.631855001344981e-05,
      0.7436888244912422
    ],
    [
      1.1134933760123871e-05,
      3.3931276615351547e-09,
      0.001276050659944485,
      1.2134290038130065e-06,
      0.7960578843146666,
      0.20265371326949685
    ],
    [
      1.1577594751237325e-13,
      1.3953215549804534e-10,
      0.01563015679100769,
      1.2596540620832764e-10,
      0.0018191365836072986,
      0.9825507063597716
    ],
    [
      2.860846868049859e-07,
      1.2153229625781066e-08,
      0.004927493772602435,
      2.4212590066868176e-07,
      0.23386885341274558,
      0.7612031124508347
    ],
    [
      0.001007867166540127,
      2.2929210742554213e-08,
      0.00046669448120968096,
      2.2102231128510133e-05,
      0.975009808195981,
      0.023493504995929854
    ],
    [
      3.929326906136738e-17,
      3.5666630760183944e-11,
      0.08627533072886126,
      7.227816480808981e-12,
      0.00014896244979093455,
      0.9135757067784531
    ],
    [
      1.979131340772211e-11,
      6.654265314347799e-11,
      0.005088563564103174,
      8.395233559802939e-10,
      0.018157541535695997,
      0.9767538939743436
    ],
    [
      3.924625036661998e-11,
      5.504954151559712e-07,
      0.06029791526467424,
      1.3527558445498636e-08,
      0.002131719797585861,
      0.9375698008755198
    ],
    [
      8.414987248280908e-15,
      8.110830562804702e-12,
      0.013879494431655481,
      2.5392666124368935e-11,
      0.001539734988740466,
      0.9845807705460924
    ],
    [
      1.3493493424760127e-12,
      3.947557612527838e-12,
      0.004455949219295659,
      1.6020542144760066e-10,
      0.014615866682095479,
      0.9809281839331064
    ],
    [
      6.288185727063642e-05,
      1.2836793377753984e-19,
      2.3206936920076923e-08,
      7.543930389886653e-07,
      0.9999362761350459,
      6.440770768067298e-08
    ],
    [
      3.9560787071573427e-10,
      6.573713043368841e-08,
      0.01910236519857896,
      1.6508686434401464e-08,
      0.00903558292343175,
      0.9718619692365643
    ],
    [
      1.8496614603322152e-07,
      0.000302826295680952,
      0.14515611135753895,
      4.667334965237978e-06,
      0.01721804256101062,
      0.837318167484658
    ],
    [
      1.6069812456695421e-09,
      1.4150609178174286e-09,
      0.005506772814676787,
      1.16148295873925e-08,
      0.047423372278944234,
      0.9470698402695071
    ],
    [
      4.098440034300588e-19,
      7.794870553821524e-08,
      0.9414262141320847,
      2.6457739569896353e-11,
      8.598933168289656e-07,
      0.058572847999435185
    ],
    [
      1.7942662369483967e-05,
      1.076513122233388e-08,
      0.0017470404706072427,
      2.0116823222416307e-06,
      0.7692063221411564,
      0.22902667227841358
    ],
    [
      4.742784214432218e-16,
      6.813284556726343e-09,
      0.21554546945884348,
      7.87896369903099e-11,
      8.80655971046383e-05,
      0.7843664580519772
    ],
    [
      3.4696978024260436e-08,
      3.0165279641624775e-10,
      0.0025843233045319152,
      3.999906782764313e-08,
      0.2684185019849959,
      0.7289970997127732
    ],
    [
      2.5594603851413437e-12,
      1.0326594431501663e-10,
      0.007821430440810018,
      3.8461835495554315e-10,
      0.00675973054411719,
      0.985418838524629
    ],
    [
      4.291156607574799e-06,
      9.25545499744187e-09,
      0.0026021745202926,
      9.264563562518373e-07,
      0.5956148878097237,
      0.40177771080156477
    ],
    [
      1.1924156338950718e-05,
      9.180530703057966e-06,
      0.02367351822755817,
      9.684828595536564e-06,
      0.2233090407387263,
      0.7529866515180779
    ],
    [
      2.9773025654198766e-12,
      5.121243407343152e-09,
      0.021721801782772603,
      1.1105321050600755e-09,
      0.0024135668197863337,
      0.9758646251626882
    ],
    [
      8.944869482223419e-10,
      4.18819531861171e-08,
      0.014636212172564327,
      2.051952551911494e-08,
      0.014296637030954512,
      0.9710670875005155
    ],
    [
      0.0002774991067923178,
      3.173257330972521e-11,
      3.556766823347006e-05,
      3.035725018322493e-06,
      0.9968087902137941,
      0.0028751072544294268
    ],
    [
      5.983772051592437e-07,
      3.912124057330635e-07,
      0.012280345017846483,
      8.281042724938185e-07,
      0.1333675779936443,
      0.8543502592946258
    ],
    [
      6.42220986434179e-10,
      1.2344638104858825e-09,
      0.005995833176538646,
      7.328344226998169e-09,
      0.03315201449993427,
      0.9608521431184981
    ],
    [
      9.341643844935411e-24,
      3.6812994891735715e-10,
      0.9940966263950154,
      2.381286774111087e-13,
      1.860352944187344e-08,
      0.005903354633086778
    ],
    [
      1.798842214279148e-11,
      2.678503752448621e-08,
      0.025242745528103214,
      3.6226833188023397e-09,
      0.0032206980783083448,
      0.9715365259678793
    ],
    [
      0.00036629547712290807,
      2.5837414155969677e-14,
      1.359280495565888e-06,
      1.9065577065001075e-06,
      0.9995868525364942,
      4.358614815555093e-05
    ],
    [
      1.053857841208246e-14,
      4.447790707480994e-14,
      0.0050731042660881,
      1.168552834213577e-11,
      0.009420897386369963,
      0.9855059983358012
    ],
    [
      1.4141727807210472e-09,
      1.97335157204778e-09,
      0.006056266981144559,
      1.1738718046471099e-08,
      0.04067650740451054,
      0.9532672104881025
    ],
    [
      5.0378475799897104e-08,
      4.427219357118459e-06,
      0.036671580111779824,
      5.30597605047473e-07,
      0.025406844324272287,
      0.9379165673685099
    ],
    [
      3.0701501041572606e-18,
      7.810342788874638e-10,
      0.41458645823146556,
      1.005366958696305e-11,
      2.3155038030032595e-05,
      0.5853903859394165
    ],
    [
      2.4963925050218856e-13,
      2.7208249724670805e-06,
      0.3316669703330651,
      4.776709496337431e-09,
      0.00019648959678266506,
      0.6681338144682207
    ],
    [
      1.8909481667481375e-17,
      3.664865033459642e-06,
      0.9662288101922207,
      3.3389481544758507e-10,
      9.705726715315603e-07,
      0.03376655403617983
    ],
    [
      3.056620158530331e-17,
      3.801678216279944e-13,
      0.02851984753202075,
      2.127221983081686e-12,
      0.0005068879879052416,
      0.9709732644775664
    ],
    [
      6.750323244679424e-05,
      3.415231561456886e-09,
      0.000611563349296949,
      3.134448390162374e-06,
      0.9285000363660695,
      0.07081775918856474
    ],
    [
      7.302404729774525e-10,
      1.8893763356089141e-07,
      0.024140448748679877,
      2.9604014193594935e-08,
      0.008958582159629722,
      0.9669007498198025
    ],
    [
      8.110947612981979e-05,
      7.765524926571127e-13,
      1.1253435631584842e-05,
      8.85553408884291e-07,
      0.9988202326031194,
      0.0010865189309339721
    ],
    [
      2.3212454804211513e-06,
      1.1702904145184235e-11,
      0.00020198708540761622,
      1.80414316114199e-07,
      0.9443608168423548,
      0.05543469440073796
    ],
    [
      1.605080511969938e-08,
      1.655479178907137e-13,
      0.00030722759792689965,
      8.743224060825323e-09,
      0.8451941661059734,
      0.15449858150190499
    ],
    [
      7.906455685054931e-06,
      5.384562782224092e-09,
      0.0017467650566233446,
      1.1260324127483593e-06,
      0.7235871651398872,
      0.27465703193082913
    ],
    [
      5.078793977154055e-13,
      1.1766877610532693e-05,
      0.4523710744965604,
      1.0970478930453047e-08,
      0.00016872445750719338,
      0.5474484231973347
    ],
    [
      1.227243556030244e-13,
      2.199851370413053e-11,
      0.009764471535557807,
      8.352858147239482e-11,
      0.003193292888040568,
      0.9870422354707519
    ],
    [
      6.497581287400152e-05,
      2.467816118155956e-13,
      7.439148817527974e-06,
      6.865792937844162e-07,
      0.9992348406332886,
      0.0006920578254793057
    ],
    [
      6.338317233704363e-13,
      3.405287261510447e-10,
      0.013786621192432826,
      2.9510555893558295e-10,
      0.0027344999155763995,
      0.9834788782557229
    ],
    [
      0.002724487557961344,
      1.1861232237843206e-08,
      0.00021915842452799704,
      3.5565101763331596e-05,
      0.9889262131661417,
      0.008094563888373593
    ],
    [
      1.2788881631431302e-13,
      5.7244839387162135e-09,
      0.04612473735937883,
      3.831308542882647e-10,
      0.0007098605971329155,
      0.9531653959357455
    ],
    [
      3.9042023982707515e-12,
      3.109600233360423e-09,
      0.01770460995345655,
      1.0644141768006882e-09,
      0.003059568467465276,
      0.9792358174011596
    ],
    [
      4.4718762884124993e-07,
      6.529597131994342e-10,
      0.001903592985338095,
      1.685704175264507e-07,
      0.5209929820618353,
      0.47710280854182086
    ],
    [
      1.2686498244116655e-10,
      7.154071039433396e-07,
      0.052254275256667496,
      2.3074723372022817e-08,
      0.0031985643733261643,
      0.9445464217613142
    ],
    [
      5.704348998939474e-24,
      1.1380564092132432e-10,
      0.9913691621154687,
      1.447159017848168e-13,
      2.7246724270474773e-08,
      0.008630810523857039
    ],
    [
      2.1660174135487508e-06,
      1.4476027728128492e-12,
      8.006482458910507e-05,
      1.2378986614168192e-07,
      0.9780992661363884,
      0.0218183792302957
    ],
    [
      4.437557999678396e-07,
      5.206499174173348e-12,
      0.00029947971515342314,
      6.995901215665868e-08,
      0.8937172512948983,
      0.10598275526992974
    ],
    [
      4.468782132341203e-16,
      1.031065331909185e-06,
      0.7535525018359959,
      5.066757224703975e-10,
      1.3904114764263821e-05,
      0.24643256247723133
    ],
    [
      1.7102080831773397e-16,
      4.5212729792990026e-09,
      0.24850380812498873,
      5.191348478815307e-11,
      6.710687474092778e-05,
      0.7514290804270832
    ],
    [
      4.032664385392904e-18,
      2.253658424805002e-12,
      0.07910422300831604,
      1.839437305214056e-12,
      0.00014847452790737352,
      0.9207473024596833
    ],
    [
      1.532160389767861e-07,
      3.787811732717677e-07,
      0.014305566025253857,
      4.1620410177200275e-07,
      0.0747962585850853,
      0.9108972271883468
    ],
    [
      9.00001415398599e-05,
      2.5890846519011257e-08,
      0.0013907209185686413,
      5.794289763485864e-06,
      0.8712118744068713,
      0.12730158435241057
    ],
    [
      2.806733103693308e-10,
      1.957426822284553e-09,
      0.007511909838527356,
      5.566489684300821e-09,
      0.020278769965257307,
      0.9722093123916257
    ],
    [
      4.2543753279222195e-13,
      2.764379758907046e-10,
      0.014166551698946008,
      2.4110910613837816e-10,
      0.0024810938020009446,
      0.9833523539810806
    ],
    [
      1.1192051522806679e-12,
      7.542597202087407e-12,
      0.0051758821158063625,
      1.644238414022e-10,
      0.010919130415468967,
      0.9839049872956389
    ],
    [
      2.3003345469235005e-13,
      6.799108934355047e-15,
      0.0025199443383545875,
      3.828902935394829e-11,
      0.06854087242983535,
      0.9289391831932841
    ],
    [
      2.2998226923658533e-12,
      2.038835547414649e-06,
      0.1827613998189748,
      8.477982591856906e-09,
      0.0005200663003712737,
      0.8167164865648243
    ],
    [
      2.345201401255511e-06,
      1.0374091545068243e-11,
      0.00019028519294698253,
      1.7759743167679907e-07,
      0.947626226807472,
      0.052180965190374254
    ],
    [
      4.2043630557089905e-10,
      2.2686369346340807e-10,
      0.004331683692776855,
      4.278789394485265e-09,
      0.046084109676823644,
      0.9495842017043102
    ],
    [
      1.0138661832952429e-12,
      3.5187709962891484e-08,
      0.051517615014776544,
      1.4032075564692547e-09,
      0.000989906559391797,
      0.9474924418339002
    ],
    [
      0.0007144068872474802,
      9.397169328707429e-07,
      0.003296371062331273,
      4.532455209807734e-05,
      0.8723646807282472,
      0.1235782770531431
    ],
    [
      3.602406113739483e-09,
      6.753181739974856e-11,
      0.0025765562760628343,
      9.995221527507859e-09,
      0.1675739322010007,
      0.829849497857777
    ],
    [
      2.5866758832521084e-09,
      9.243397082147112e-06,
      0.07607656705303097,
      1.946893935809547e-07,
      0.006121631296230368,
      0.9177923609775869
    ],
    [
      9.257129442569378e-12,
      2.28413852202625e-09,
      0.013707468645763386,
      1.3674462078025491e-09,
      0.004692121631659271,
      0.9816004060617354
    ],
    [
      2.7745990415896017e-06,
      2.52581516982031e-10,
      0.0007268261515932809,
      3.494684836971105e-07,
      0.8266191296089029,
      0.17265091991939652
    ],
    [
      1.3760059451874896e-08,
      4.476278606020719e-06,
      0.04442947728340698,
      2.9964948154963935e-07,
      0.014534790921011956,
      0.9410309421074342
    ],
    [
      4.123383634417394e-13,
      1.2074408244493899e-09,
      0.021576169555463737,
      3.549555675097036e-10,
      0.00163988750791351,
      0.9767839413738143
    ],
    [
      2.5327937386466673e-18,
      1.836280835739518e-10,
      0.30133066485717136,
      5.982305438333106e-12,
      3.459040376252877e-05,
      0.6986347445494558
    ],
    [
      0.001393144157819263,
      5.221622867242233e-10,
      6.537728260618924e-05,
      1.3036150958541208e-05,
      0.9953468519357591,
      0.0031815899506948036
    ],
    [
      6.077823614432883e-14,
      1.8839762018893893e-09,
      0.038793725460647015,
      2.1083306089146764e-10,
      0.0007126292817155417,
      0.9604936431627678
    ],
    [
      8.663543823121192e-20,
      6.230784266330115e-17,
      0.032644159514146225,
      9.750533575976366e-14,
      0.0012698706581040838,
      0.966085969827652
    ],
    [
      2.532493239496479e-15,
      8.436176651014179e-11,
      0.03442269786046208,
      3.068698775005191e-11,
      0.0005077674833003074,
      0.9650695345411862
    ],
    [
      8.031243326334832e-17,
      1.3803649583612687e-09,
      0.2119096420315726,
      2.8138757574791757e-11,
      7.068253917120765e-05,
      0.7880196740207527
    ],
    [
      1.1006287805140174e-09,
      1.5102345523149326e-10,
      0.003532388771172753,
      6.3229647467647685e-09,
      0.0793577170852929,
      0.9171098865689173
    ],
    [
      5.384503929342001e-06,
      3.813128986325527e-09,
      0.0017311966533367705,
      8.57052520282191e-07,
      0.7029273055693319,
      0.29533525240775244
    ],
    [
      1.1126406395992129e-07,
      3.0954742922666884e-09,
      0.0039046987785221914,
      1.118513678753858e-07,
      0.22861112528001185,
      0.7674839497305599
    ],
    [
      1.0940058281032644e-25,
      4.457349914142687e-08,
      0.9999860909283621,
      6.419415125633502e-13,
      3.42208136087731e-11,
      1.3864463275921546e-05
    ],
    [
      1.1996801880979157e-11,
      7.040685370464149e-05,
      0.439329615907542,
      6.520997485377874e-08,
      0.0003882491827910627,
      0.5602116628339902
    ],
    [
      1.936728566960729e-09,
      1.9147162487252478e-11,
      0.002176522902772174,
      6.103808807563029e-09,
      0.19013059223617215,
      0.807692876801371
    ],
    [
      9.983844822410232e-09,
      3.255148966451559e-06,
      0.04169140165016075,
      2.3312233758535707e-07,
      0.013649289136544975,
      0.9446558109581453
    ],
    [
      1.1097488126689221e-07,
      5.6918431751055305e-11,
      0.0012604171296807737,
      5.420159248166601e-08,
      0.5639228674851504,
      0.4348165501517765
    ],
    [
      7.285405060109931e-07,
      5.327096053660764e-10,
      0.0015530014413439866,
      2.073786000574726e-07,
      0.6087511985163881,
      0.38969486359045236
    ],
    [
      2.58221015967995e-09,
      3.6927443460328536e-07,
      0.024522898974068015,
      6.272248211561159e-08,
      0.01291027345033833,
      0.9625663929964667
    ],
    [
      6.505754822419021e-27,
      7.629184516199421e-12,
      0.999033111372925,
      1.099345451972757e-14,
      1.3831391783051614e-09,
      0.0009668872362954665
    ],
    [
      0.0002243237287035597,
      2.869747345099285e-15,
      6.634115517194644e-07,
      1.2556431205980381e-06,
      0.999756215902504,
      1.7541314117548145e-05
    ],
    [
      3.5363471502873295e-08,
      3.136818370893395e-11,
      0.0014217531354625652,
      2.7964686155911546e-08,
      0.4657850115949308,
      0.5327931719100812
    ],
    [
      3.993469858170763e-06,
      1.8371690902939656e-09,
      0.001433761965189334,
      6.293596647777255e-07,
      0.7245308141975301,
      0.274030799170589
    ],
    [
      1.7674663987448783e-14,
      3.086705857056876e-10,
      0.030423626199835536,
      8.208537029795906e-11,
      0.0007245015928471348,
      0.9688518718165439
    ],
    [
      8.367183011578165e-05,
      1.688118881141727e-10,
      0.00013366604982918134,
      1.947115111044368e-06,
      0.9834750036419979,
      0.016305711194134462
    ],
    [
      1.5648031982540766e-06,
      1.2808071842777708e-07,
      0.007674369718701231,
      1.0133055883567845e-06,
      0.2576341776606792,
      0.734688746431115
    ],
    [
      6.298509340911147e-23,
      2.957501263740713e-10,
      0.982325462941628,
      3.718093507158123e-13,
      7.674174162244112e-08,
      0.017674460020508473
    ],
    [
      1.0870749744476832e-06,
      2.0165955535823348e-13,
      4.521515751640556e-05,
      6.545627598543714e-08,
      0.9868674874864767,
      0.013086144824554485
    ],
    [
      2.797810658054747e-27,
      1.4520550422252692e-12,
      0.9985459121619344,
      5.419443850135957e-15,
      2.1170238181676215e-09,
      0.001454085719584265
    ],
    [
      0.000512266721036635,
      1.5150483754055153e-11,
      1.9382760763483695e-05,
      4.066068166303532e-06,
      0.9982702310390693,
      0.0011940533958138028
    ],
    [
      4.36493719826345e-17,
      4.4131099042708785e-07,
      0.8363535726137614,
      1.877346216935188e-10,
      5.707488060719057e-06,
      0.1636402783994526
    ],
    [
      5.713302488810817e-14,
      4.5425695584149825e-10,
      0.02556299511673574,
      1.3523413700036087e-10,
      0.0010082095387016082,
      0.9734287947550148
    ],
    [
      7.855331393030222e-06,
      5.097141856734894e-10,
      0.0006434014042900228,
      6.800896483717829e-07,
      0.8734139008814752,
      0.1259341617834796
    ],
    [
      0.05874149837300897,
      3.492753759393541e-19,
      4.839557697041281e-09,
      0.0007012921711078662,
      0.940557204565477,
      5.084907321638152e-11
    ],
    [
      1.0485579616556396e-06,
      4.459530589866391e-06,
      0.025077920747866442,
      2.2467991013559608e-06,
      0.09482871857210556,
      0.8800856057923755
    ],
    [
      1.7651046906345904e-19,
      1.1454636668469474e-06,
      0.9930510143373825,
      5.912784285107546e-11,
      9.017110009966763e-08,
      0.006947749968722144
    ],
    [
      5.531035514157347e-08,
      2.7603094249729936e-09,
      0.004179358441957634,
      7.648762556314556e-08,
      0.1780297946402522,
      0.8177907123595
    ],
    [
      9.420239646294717e-18,
      3.4131655034431483e-06,
      0.9747400734735738,
      2.67405436236721e-10,
      6.417781797870525e-07,
      0.025255871315337578
    ],
    [
      3.0110869437212574e-17,
      2.5833201542313968e-08,
      0.5757508414613632,
      6.09404906271861e-11,
      1.7705235857277276e-05,
      0.4242314274086372
    ],
    [
      1.5773219318800604e-06,
      2.4961736677199895e-11,
      0.00033843401507877507,
      1.704497814075016e-07,
      0.9023944949698224,
      0.09726532321842389
    ],
    [
      2.8644114419605394e-10,
      3.5497229939243114e-07,
      0.03505329464890292,
      2.4821407961366975e-08,
      0.005232778797336133,
      0.9597135464736123
    ],
    [
      6.875831562239563e-10,
      9.931348623684566e-08,
      0.019853038999260848,
      2.3628610640822823e-08,
      0.010252839607845187,
      0.9698939977632142
    ],
    [
      6.867080953077619e-12,
      5.085614531794142e-10,
      0.009683245305205458,
      8.276669906932223e-10,
      0.006329128327891727,
      0.9839876250238074
    ],
    [
      2.945454008478431e-19,
      7.329156366560171e-07,
      0.9875382502059603,
      5.612411757447397e-11,
      1.710806817527874e-07,
      0.012460845741597044
    ],
    [
      9.041759013984777e-24,
      2.500533862490155e-07,
      0.9999383855198382,
      3.3332608174185916e-12,
      2.4779634233595825e-10,
      6.136417564597636e-05
    ],
    [
      2.781346292102165e-10,
      4.892721490190095e-10,
      0.005407420243999933,
      4.096476037185748e-09,
      0.030446092954901027,
      0.9641464819372162
    ],
    [
      1.0563615927793616e-10,
      4.4392573289214736e-07,
      0.04573243443748785,
      1.8151472982440918e-08,
      0.003318912443128433,
      0.950948190936542
    ],
    [
      3.610087511850026e-08,
      1.089403002656783e-07,
      0.011745734462740761,
      1.4614021009401884e-07,
      0.05486362506735713,
      0.9333903492885166
    ],
    [
      1.7646542806806534e-08,
      4.3803414836036124e-11,
      0.0018084779380428517,
      2.0814986726647966e-08,
      0.34570593705912894,
      0.6524855464974955
    ],
    [
      4.9907471254114834e-11,
      6.958873207212631e-07,
      0.06243037300939222,
      1.6102157964429872e-08,
      0.0022212830929172374,
      0.9353476318583043
    ],
    [
      6.470262295349957e-16,
      7.54735550792731e-09,
      0.2049859034903468,
      8.885442407246361e-11,
      9.622575358556555e-05,
      0.7949178631198571
    ],
    [
      6.590065661899281e-16,
      1.4316686396241697e-09,
      0.11918762769631865,
      4.989137384551436e-11,
      0.00015019533776745668,
      0.8806621754843529
    ],
    [
      2.5327083077673938e-05,
      1.2270802752714117e-08,
      0.0016292045310000074,
      2.482056059967806e-06,
      0.7978210490940119,
      0.2005219249650476
    ],
    [
      1.7704178984695604e-15,
      1.4924077650475733e-09,
      0.09167815891007927,
      6.666222805557918e-11,
      0.0002112768763247391,
      0.9081105626545244
    ],
    [
      3.240773929508908e-10,
      6.704908463914459e-09,
      0.010139590395801494,
      8.015604387024312e-09,
      0.015219887116541724,
      0.9746405074430665
    ],
    [
      2.547961919723882e-17,
      2.6074664516934693e-07,
      0.8276955447409423,
      1.3260289099801343e-10,
      5.507372248280682e-06,
      0.17229868700756126
    ],
    [
      6.097975173488582e-13,
      7.361126123380937e-08,
      0.07516752809790583,
      1.536718278567506e-09,
      0.0006864269349611742,
      0.9241459698185436
    ],
    [
      8.637420579004654e-11,
      3.192232309724056e-11,
      0.003587815513301311,
      1.446358881193832e-09,
      0.043238827444404715,
      0.9531733554776384
    ],
    [
      2.7239601633050757e-16,
      5.705963820881738e-10,
      0.11412046087823499,
      2.8852827004968802e-11,
      0.00013947435681598686,
      0.8857400641654992
    ],
    [
      2.3146239583033057e-18,
      1.6563967731165495e-08,
      0.7594591373351417,
      2.5629465770252803e-11,
      5.683915511252923e-06,
      0.24053516215974965
    ],
    [
      1.42486094422523e-13,
      1.4355530598810526e-07,
      0.13651504319207697,
      1.2446883479124125e-09,
      0.0003397705796423989,
      0.8631450414281435
    ],
    [
      9.226431169947079e-12,
      3.890213252557082e-08,
      0.03264600627303567,
      3.1746557882708202e-09,
      0.0022574277747048894,
      0.9650965238662447
    ],
    [
      1.105543889565316e-11,
      6.990392237824029e-10,
      0.009657891425815777,
      1.085758874900999e-09,
      0.007020284977011828,
      0.9833218218013191
    ],
    [
      8.983511287170205e-10,
      2.061416773136689e-14,
      0.00046754792685057607,
      1.8611261149973513e-09,
      0.7335310930472086,
      0.2660013562664433
    ],
    [
      0.0006514712283761312,
      6.162245322183444e-08,
      0.000915184666717352,
      2.14532516379696e-05,
      0.9497973378150191,
      0.04861449141579604
    ],
    [
      2.07331182749066e-18,
      6.319670287277721e-10,
      0.43046260693862515,
      8.479392118376304e-12,
      2.1064909622448887e-05,
      0.5695163275113065
    ],
    [
      8.938184399110916e-15,
      1.1978559787447256e-09,
      0.0549954576569262,
      9.988266224925696e-11,
      0.0003981625861934556,
      0.9446063784591329
    ],
    [
      1.3729747143847605e-08,
      1.1699231198579668e-06,
      0.027977573753261483,
      1.8954074548480465e-07,
      0.0198850277582822,
      0.9521360252948439
    ],
    [
      0.9715222067612695,
      1.8077051577685348e-09,
      2.044016018471721e-08,
      0.028215650454632934,
      0.000262120528452333,
      7.779900003809543e-12
    ],
    [
      0.8299235325415663,
      4.4210971501562214e-10,
      1.2531338227620815e-06,
      0.002238677918296912,
      0.16783608473870976,
      4.5122549494578196e-07
    ],
    [
      0.15295321102489634,
      9.823018542954949e-08,
      8.75954180477321e-09,
      0.8470460192874664,
      6.62697909007427e-07,
      1.1157070551908472e-15
    ],
    [
      0.989243249652584,
      7.341024564837304e-10,
      5.781614598072821e-08,
      0.008357145636780325,
      0.0023995458205496854,
      3.398377910830529e-10
    ],
    [
      0.13487753538139036,
      1.2745197230528817e-06,
      3.8417023326901834e-08,
      0.865120168164522,
      9.835173313619036e-07,
      1.0403274136661387e-14
    ],
    [
      0.9843730939039603,
      1.966743223183327e-09,
      4.414329702249099e-08,
      0.014783718630413332,
      0.0008431412738412725,
      8.174466215363789e-11
    ],
    [
      0.6227700188480944,
      1.0579910859120343e-06,
      1.1865316189786417e-07,
      0.377208597812721,
      2.0206693777231136e-05,
      1.1600432751508593e-12
    ],
    [
      0.0009344482170414732,
      7.594229023363633e-11,
      2.08923809381928e-11,
      0.9990655514178183,
      2.683057025221628e-10,
      3.294474661696295e-22
    ],
    [
      0.27480997929560225,
      1.770401383876835e-07,
      1.8031882182775255e-08,
      0.725187825296438,
      2.0003359312448016e-06,
      8.289486541245379e-15
    ],
    [
      0.9579343210133393,
      2.0147240673081513e-05,
      2.2555909751188032e-05,
      0.03214461189828734,
      0.00987778148308768,
      5.824548613025175e-07
    ],
    [
      0.9229102146156294,
      7.415925425278645e-10,
      7.850608066451078e-07,
      0.002925037402347019,
      0.07416381876881317,
      1.4341081129807427e-07
    ],
    [
      0.9571138613216691,
      5.792327794405391e-10,
      7.860508996738659e-09,
      0.0427663856690867,
      0.00011974456868133183,
      8.209862487561144e-13
    ],
    [
      0.9558017550868082,
      1.716141082110346e-08,
      4.9389429174638355e-08,
      0.04399625226574551,
      0.000201926081529934,
      1.5076121778799682e-11
    ],
    [
      0.987769713182557,
      3.082685425364111e-10,
      2.3290583009231256e-08,
      0.01113058759580869,
      0.0010996755750468875,
      4.7735724821272005e-11
    ],
    [
      0.9406355358570145,
      1.0791487352036838e-05,
      4.839569672011899e-05,
      0.017468174671199252,
      0.04183137010926837,
      5.732178445982636e-06
    ],
    [
      0.9177751126720793,
      6.737946019378e-07,
      3.1747797733722587e-07,
      0.08200195395739086,
      0.00022194199250753001,
      1.0544295212909643e-10
    ],
    [
      0.9774854953837242,
      4.924933692118034e-10,
      2.1725003257871784e-07,
      0.004047805959604727,
      0.01846647055058515,
      1.0363559995744021e-08
    ],
    [
      0.9810645536062186,
      2.5633403686268272e-08,
      1.7608342105880195e-07,
      0.017793605140973643,
      0.001141638975680187,
      5.603031347731684e-10
    ],
    [
      0.9739537289615507,
      1.0442972341118028e-09,
      1.663319348970446e-08,
      0.025766797046195833,
      0.0002794563082355689,
      6.527455301698182e-12
    ],
    [
      0.9514413057735718,
      6.132098524836951e-07,
      5.140658734645682e-07,
      0.04801937958422791,
      0.0005381867804313555,
      5.860432462016121e-10
    ],
    [
      0.028123568855223508,
      4.819600183112589e-10,
      1.820575754685785e-05,
      0.00010831990818512727,
      0.9715349687704861,
      0.00021493622659873618
    ],
    [
      0.0001569815788769847,
      5.369979027648084e-17,
      1.561097084196165e-07,
      1.0038018550308217e-06,
      0.9998400032649046,
      1.8552446551504753e-06
    ],
    [
      0.8877549782396208,
      3.4793657267188268e-09,
      2.1581371643018295e-06,
      0.003072586579230562,
      0.10916961363656877,
      6.599280499300585e-07
    ],
    [
      0.00010971523265489699,
      2.722796613714202e-17,
      1.3735299418769303e-07,
      7.795179388718773e-07,
      0.9998877239869292,
      1.6439094825559614e-06
    ],
    [
      0.14409650035532928,
      2.636692168617024e-08,
      4.0378168586961885e-09,
      0.8559029937293082,
      4.7551062348493185e-07,
      2.965361624062425e-16
    ],
    [
      7.991828570395749e-07,
      1.4564873548739256e-10,
      4.9393142948208165e-12,
      0.9999992006664307,
      1.2394007023106773e-13,
      3.2596826535763123e-26
    ],
    [
      0.20309584977999204,
      9.064691084957097e-07,
      3.978277052899206e-08,
      0.7969014660060465,
      1.7379620631486562e-06,
      1.8916752560369276e-14
    ],
    [
      0.9365658740073329,
      0.00012214727240123757,
      0.00010150227833791689,
      0.04275404543077992,
      0.020452179371088303,
      4.251640060196689e-06
    ],
    [
      0.8926845824210955,
      6.76138897927307e-11,
      3.7508397019657104e-07,
      0.002312828248423754,
      0.10500214934864777,
      6.48302485918212e-08
    ],
    [
      0.0729254460586897,
      3.2835243943005626e-06,
      5.0623584034750146e-08,
      0.927070708335073,
      5.114582515234618e-07,
      7.904363479259924e-15
    ],
    [
      0.0008071014892002429,
      0.0001941886208070202,
      1.6463325221630723e-07,
      0.9989985377746886,
      7.482051014856596e-09,
      5.806678584628467e-16
    ],
    [
      0.5503171094125824,
