{
  "dataset": "aniso",
  "algorithm": "gmm",
  "params": {
    "n_components": 5,
    "covariance_type": "spherical"
  },
  "labels": [
    2,
    2,
    2,
    2,
    4,
    4,
    2,
    4,
    4,
    4,
    2,
    2,
    4,
    4,
    4,
    4,
    2,
    2,
    2,
    4,
    2,
    2,
    4,
    4,
    2,
    2,
    4,
    2,
    4,
    2,
    4,
    4,
    2,
    2,
    2,
    2,
    2,
    4,
    2,
    2,
    2,
    2,
    4,
    2,
    4,
    2,
    4,
    4,
    2,
    2,
    4,
    2,
    2,
    2,
    2,
    4,
    2,
    2,
    2,
    2,
    2,
    2,
    2,
    4,
    2,
    4,
    4,
    4,
    4,
    2,
    2,
    4,
    2,
    4,
    2,
    2,
    4,
    2,
    2,
    4,
    4,
    2,
    2,
    2,
    2,
    4,
    2,
    2,
    2,
    2,
    2,
    4,
    2,
    2,
    4,
    4,
    2,
    2,
    4,
    2,
    2,
    2,
    4,
    2,
    2,
    2,
    2,
    2,
    4,
    4,
    2,
    2,
    4,
    2,
    4,
    4,
    2,
    2,
    4,
    4,
    4,
    2,
    4,
    4,
    2,
    4,
    2,
    4,
    2,
    2,
    4,
    4,
    2,
    2,
    4,
    2,
    2,
    4,
    2,
    2,
    2,
    2,
    2,
    2,
    2,
    2,
    4,
    2,
    2,
    2,
    4,
    2,
    2,
    2,
    2,
    2,
    2,
    2,
    2,
    2,
    2,
    4,
    4,
    2,
    2,
    2,
    0,
    0,
    3,
    0,
    3,
    0,
    0,
    3,
    3,
    0,
    0,
    0,
    0,
    0,
    0,
    0,
    0,
    0,
    0,
    0,
    4,
    4,
    0,
    4,
    3,
    3,
    3,
    0,
    0,
    3,
    3,
    0,
    3,
    0,
    3,
    0,
    0,
    3,
    0,
    0,
    3,
    0,
    4,
    0,
    4,
    0,
    0,
    3,
    0,
    3,
    0,
    4,
    4,
    3,
    0,
    3,
    3,
    0,
    0,
    0,
    3,
    0,
    0,
    0,
    4,
    3,
    0,
    0,
    0,
    0,
    3,
    4,
    0,
    4,
    0,
    3,
    3,
    3,
    4,
    0,
    0,
    4,
    3,
    3,
    4,
    3,
    3,
    0,
    0,
    0,
    0,
    3,
    0,
    0,
    3,
    3,
    3,
    3,
    0,
    0,
    0,
    3,
    3,
    0,
    0,
    0,
    3,
    0,
    0,
    0,
    0,
    0,
    0,
    0,
    0,
    0,
    0,
    3,
    3,
    0,
    0,
    0,
    0,
    3,
    0,
    0,
    0,
    0,
    0,
    0,
    0,
    0,
    0,
    0,
    0,
    0,
    0,
    3,
    3,
    0,
    0,
    4,
    0,
    0,
    3,
    4,
    4,
    3,
    0,
    3,
    0,
    3,
    0,
    3,
    0,
    0,
    0,
    3,
    0,
    4,
    0,
    4,
    0,
    0,
    0,
    0,
    1,
    1,
    2,
    1,
    1,
    1,
    1,
    1,
    1,
    1,
    1,
    1,
    1,
    1,
    1,
    1,
    1,
    1,
    1,
    1,
    2,
    1,
    2,
    1,
    1,
    1,
    1,
    1,
    1,
    1,
    1,
    1,
    1,
    1,
    1,
    1,
    1,
    3,
    2,
    1,
    1,
    1,
    1,
    1,
    1,
    1,
    1,
    1,
    1,
    3,
    1,
    1,
    1,
    1,
    1,
    1,
    1,
    1,
    1,
    1,
    1,
    1,
    1,
    1,
    1,
    1,
    1,
    1,
    1,
    1,
    1,
    1,
    1,
    1,
    3,
    1,
    1,
    1,
    1,
    3,
    1,
    3,
    1,
    1,
    1,
    1,
    3,
    1,
    1,
    1,
    1,
    1,
    1,
    1,
    1,
    3,
    1,
    1,
    1,
    3,
    1,
    1,
    1,
    1,
    1,
    1,
    1,
    1,
    3,
    1,
    1,
    1,
    1,
    1,
    1,
    3,
    1,
    1,
    1,
    1,
    1,
    1,
    1,
    1,
    1,
    1,
    1,
    1,
    1,
    1,
    1,
    1,
    3,
    1,
    1,
    1,
    1,
    1,
    1,
    1,
    3,
    1,
    1,
    1,
    1,
    1,
    1,
    1,
    1,
    1,
    1,
    1,
    1,
    1,
    1,
    1,
    1,
    2,
    1,
    1,
    1,
    3,
    1,
    1,
    1,
    1
  ],
  "means": [
    {
      "x": -2.1008890563338585,
      "y": -1.516382379377187
    },
    {
      "x": 3.067040861646222,
      "y": -2.873272850512772
    },
    {
      "x": 3.169298610412912,
      "y": 1.890885972670527
    },
    {
      "x": -1.4513824256449723,
      "y": -4.482553821753143
    },
    {
      "x": -0.27276083743063134,
      "y": 1.9119888352078653
    }
  ],
  "probabilities": [
    [
      1.2458796773921299e-11,
      2.6345165295917073e-05,
      0.9903138320047838,
      3.980867360204316e-09,
      0.009659818836594355
    ],
    [
      3.891425322740065e-15,
      8.928432670585249e-08,
      0.9962579701159526,
      1.7620524550028267e-11,
      0.003741940582096479
    ],
    [
      1.6492992010796307e-07,
      1.8728792551530163e-05,
      0.6415813618936258,
      2.428741674886132e-07,
      0.35839950150973476
    ],
    [
      2.7331357628090925e-20,
      5.933715033896284e-07,
      0.9999858470926488,
      8.04091046956963e-13,
      1.3559535043782847e-05
    ],
    [
      1.0418478921828218e-07,
      6.163263868833208e-07,
      0.3432236926822796,
      6.222363144124973e-08,
      0.6567755245829128
    ],
    [
      2.8867327399589583e-06,
      1.7962917113767113e-05,
      0.35006695610219357,
      1.0033064010143606e-06,
      0.6499111909415519
    ],
    [
      8.171782841267475e-08,
      0.007025414681148047,
      0.9582244098931352,
      2.4940160918331007e-06,
      0.03474759969179641
    ],
    [
      0.0035900712037296224,
      1.030291883384441e-08,
      0.001202214363890067,
      1.207256625956375e-05,
      0.9951956315632025
    ],
    [
      7.870343331639524e-06,
      6.301764637327356e-08,
      0.03246806915672318,
      3.105956286520952e-07,
      0.9675236868866699
    ],
    [
      0.0010804616123416915,
      3.458650460833139e-05,
      0.05678188363878298,
      3.5519491093588474e-05,
      0.942067548753173
    ],
    [
      5.530297511051217e-18,
      1.9065194819887478e-05,
      0.9999525901675963,
      2.3122212108441272e-11,
      2.834461446132061e-05
    ],
    [
      1.9937255539991162e-07,
      0.0014051711393124175,
      0.9066936372136181,
      1.630454047425568e-06,
      0.09189936182046658
    ],
    [
      8.218943395208329e-07,
      1.8446616491033395e-06,
      0.2599873667444931,
      2.4457295823168194e-07,
      0.7400097221265602
    ],
    [
      1.3094143805914974e-05,
      2.1249089715375264e-08,
      0.016914233450576157,
      3.2389798904683345e-07,
      0.9830723272585392
    ],
    [
      4.707252858835136e-06,
      5.266247239073044e-06,
      0.20885782592408092,
      8.471695691441976e-07,
      0.7911313534062516
    ],
    [
      2.3604246157557693e-09,
      3.7337173525215184e-09,
      0.22779538411356898,
      2.592349967982255e-09,
      0.7722046071999388
    ],
    [
      1.8357410658895367e-07,
      0.0004063181170399322,
      0.8592384027185332,
      8.822039051647307e-07,
      0.14035421338641482
    ],
    [
      3.16500589453438e-12,
      0.0007898033968491379,
      0.9978365398038196,
      1.3110475972967024e-08,
      0.0013736436856903054
    ],
    [
      1.4313995120005555e-07,
      0.007975626509060259,
      0.9507981464936126,
      3.425659391969123e-06,
      0.04122265819798358
    ],
    [
      5.6562524627120987e-05,
      1.2130618292926701e-08,
      0.0073289580035460775,
      7.02983173596529e-07,
      0.9926137643580352
    ],
    [
      1.3612831651956022e-13,
      8.977006758979175e-06,
      0.9976071478863818,
      4.2869499147753513e-10,
      0.0023838746780285493
    ],
    [
      5.713143135354478e-08,
      3.0291284895215314e-05,
      0.7719417471665715,
      1.7391086859131304e-07,
      0.22802773050623365
    ],
    [
      0.0021977214567102496,
      9.157796391755154e-08,
      0.0037101967630106497,
      1.1904870655763023e-05,
      0.9940800853316597
    ],
    [
      1.551346009065655e-08,
      1.1198003437882812e-07,
      0.36023348385590886,
      1.5092687474792825e-08,
      0.6397663735579092
    ],
    [
      1.3891447980772057e-08,
      0.004572948582083516,
      0.975078920087147,
      9.169460212041887e-07,
      0.020347200493300365
    ],
    [
      3.0043533372114553e-10,
      5.828344582361393e-05,
      0.974636161582709,
      2.107369613426576e-08,
      0.0253055335973358
    ],
    [
      3.78121292993124e-07,
      1.7332174706026717e-07,
      0.15292608451145276,
      8.099305754438061e-08,
      0.84707328305245
    ],
    [
      1.123939887731422e-16,
      5.851597136610997e-07,
      0.9995948858527107,
      1.0282621205065559e-11,
      0.0004045289772928499
    ],
    [
      2.353020587663039e-05,
      1.4524906130858644e-06,
      0.07330967815680013,
      1.3487952403282386e-06,
      0.9266639903514696
    ],
    [
      2.5669619949418598e-12,
      6.083090245208196e-07,
      0.9762995712091916,
      4.713336062594957e-10,
      0.023699820007883444
    ],
    [
      1.324068748798957e-06,
      6.678764109122746e-06,
      0.3301428910125022,
      4.7658475754385804e-07,
      0.669848629569882
    ],
    [
      0.0016595714327070138,
      4.958386084482667e-06,
      0.021870605865642757,
      2.5521441328159515e-05,
      0.9764393428742378
    ],
    [
      6.4859221732719e-16,
      1.515030365835211e-07,
      0.9985534521366579,
      1.0934987225908805e-11,
      0.00144639634936991
    ],
    [
      3.8836949674002276e-10,
      4.0778018167924846e-07,
      0.8155355243859862,
      3.865890650754724e-09,
      0.18446406357957212
    ],
    [
      4.1047617187213365e-10,
      0.00013645484655658646,
      0.9795064926025854,
      3.527244666493595e-08,
      0.020357016867935326
    ],
    [
      2.0719838000057692e-13,
      8.606378195331725e-08,
      0.9808983128434191,
      8.593837587548841e-11,
      0.019101601006653673
    ],
    [
      3.109823571354927e-11,
      6.100050823707864e-08,
      0.849890149471456,
      7.057168644331953e-10,
      0.15010978879122078
    ],
    [
      0.0004283490467383577,
      1.8302715461281398e-13,
      2.7934990811158275e-05,
      2.2439765027792294e-06,
      0.999541471985765
    ],
    [
      5.0365093560143e-09,
      3.901855602511772e-05,
      0.9109295697341944,
      6.168609226301415e-08,
      0.0890313449871789
    ],
    [
      6.973370647373109e-07,
      0.008092030631867154,
      0.9161152990328074,
      7.089299205136072e-06,
      0.07578488369905535
    ],
    [
      1.9581523986942987e-08,
      2.7277885840558737e-06,
      0.6595388919155882,
      4.4432799435930996e-08,
      0.3404583162815041
    ],
    [
      1.1520577451775275e-17,
      4.8786765851473036e-05,
      0.9999251914367394,
      4.8951821831738017e-11,
      2.6021748457101425e-05
    ],
    [
      3.639047867382603e-05,
      3.2843375802232105e-06,
      0.08489307883203578,
      2.212456909348536e-06,
      0.9150650338948009
    ],
    [
      5.611965669185085e-15,
      4.885063113519859e-06,
      0.9991623819121808,
      1.0268882573653326e-10,
      0.0008327329220113779
    ],
    [
      1.857683476598732e-07,
      5.159126480470201e-07,
      0.27642970306058423,
      7.828501993428245e-08,
      0.7235695169733999
    ],
    [
      5.665530245434291e-11,
      5.570936983497339e-07,
      0.9175309339085485,
      1.766660144040565e-09,
      0.08246850717443827
    ],
    [
      1.0601484160304258e-05,
      3.428692256136719e-06,
      0.1361801730879377,
      1.1347956941072767e-06,
      0.8638046619399522
    ],
    [
      3.302966135255741e-05,
      0.0005964429804348675,
      0.4558073866772087,
      1.4095582766692697e-05,
      0.5435490450982373
    ],
    [
      5.154457959031693e-11,
      6.837182717040604e-06,
      0.9703779536967772,
      4.098033057832924e-09,
      0.02961520497092832
    ],
    [
      1.121506368501131e-08,
      2.910005464908957e-05,
      0.8669198033707084,
      7.943358444236267e-08,
      0.133051005925994
    ],
    [
      0.0006447687068912309,
      5.245423812213663e-08,
      0.004911483297675569,
      4.561107640640043e-06,
      0.9944391344335544
    ],
    [
      2.9007008475196757e-06,
      8.589053340964163e-05,
      0.5071701606444491,
      1.8026247566556947e-06,
      0.4927392454965369
    ],
    [
      8.93922223175029e-09,
      2.6653289079936824e-06,
      0.7261470271399894,
      3.034687530053952e-08,
      0.2738502682450049
    ],
    [
      1.0371779807977453e-21,
      2.7962579281430567e-06,
      0.9999952997176244,
      8.029182778937792e-13,
      1.9040236448107322e-06
    ],
    [
      2.6651573223938914e-10,
      2.0610516029689425e-05,
      0.9633923697344515,
      1.2899867633337085e-08,
      0.036587006583135295
    ],
    [
      0.0012529827707856054,
      4.642527466444296e-10,
      0.0005055687973053692,
      4.014802668978948e-06,
      0.9982374331649876
    ],
    [
      2.687429120282795e-13,
      2.713554435343552e-09,
      0.915871834008618,
      3.8391054621161546e-11,
      0.08412816323916729
    ],
    [
      1.777858211853039e-08,
      3.5103098720880896e-06,
      0.6912662030212486,
      4.613435876072232e-08,
      0.30873022275593875
    ],
    [
      3.289259909218443e-07,
      0.0005621335062680362,
      0.845741104942778,
      1.346066926170906e-06,
      0.15369508655803676
    ],
    [
      3.7190811577295513e-17,
      9.948414235626283e-07,
      0.9997920030043739,
      9.050038445640057e-12,
      0.00020700214515274065
    ],
    [
      2.0043817973903516e-12,
      0.0002988773247711318,
      0.9980044997656726,
      6.507285614254626e-09,
      0.0016966164002664079
    ],
    [
      5.748815642176022e-16,
      0.0008828918336474828,
      0.9990779187954252,
      8.842822381523433e-10,
      3.9188486644858415e-05
    ],
    [
      6.716570402531119e-16,
      8.340094930054695e-09,
      0.9951220320400617,
      4.106159609827214e-12,
      0.00487795961573685
    ],
    [
      0.0001274642192258692,
      1.3327204361025278e-06,
      0.0363939878089172,
      3.5073336142149965e-06,
      0.9634737079178065
    ],
    [
      8.270873321069027e-09,
      7.67881510151921e-05,
      0.9168496836306528,
      1.0205630509084164e-07,
      0.08307341789115359
    ],
    [
      0.0002303347781000919,
      4.212565010079418e-09,
      0.0026192786372944655,
      1.478484632978535e-06,
      0.9971489038874074
    ],
    [
      5.923965308981838e-06,
      2.70433543689147e-08,
      0.025800665213488463,
      2.1647277573510664e-07,
      0.9741931673050722
    ],
    [
      5.638829384576516e-08,
      1.7285706275894227e-09,
      0.05441692795980005,
      9.891923952831006e-09,
      0.9455830040314119
    ],
    [
      1.7465818662666435e-05,
      2.1121609503111197e-06,
      0.09476782386140407,
      1.2800280883846932e-06,
      0.9052113181308943
    ],
    [
      3.730391770758228e-12,
      0.000818380701511482,
      0.9977338195360369,
      1.4188607388782059e-08,
      0.0014477855701140521
    ],
    [
      3.006994242347698e-12,
      1.862721885887587e-07,
      0.9593393237272092,
      3.4230544367174977e-10,
      0.04066048965528956
    ],
    [
      0.00019639197387661466,
      1.9511208643302767e-09,
      0.002024372290900357,
      1.1927667692069243e-06,
      0.9977780410173327
    ],
    [
      1.3493113210820383e-11,
      1.1592661455107498e-06,
      0.9645725723705227,
      1.1977852400288861e-09,
      0.03542626715205368
    ],
    [
      0.004608677019762677,
      3.172273068272729e-06,
      0.01191111334721037,
      4.486060114002983e-05,
      0.9834321767588186
    ],
    [
      2.0243282519904283e-12,
      6.187666311334675e-06,
      0.9916436474987147,
      1.0320524705237102e-09,
      0.00835016380089717
    ],
    [
      7.066916491743684e-11,
      5.055933181956273e-06,
      0.9621118604916157,
      4.182651799050572e-09,
      0.03788307932188171
    ],
    [
      1.4277430201882966e-06,
      6.069204453243809e-07,
      0.14950769353478585,
      2.2983897082685598e-07,
      0.8504900419627776
    ],
    [
      1.2870899831649066e-09,
      0.00016791244950040214,
      0.9702256869130403,
      6.309394806791846e-08,
      0.029606336256421114
    ],
    [
      5.326691078555435e-22,
      1.058135200795139e-06,
      0.9999967800243982,
      3.912556342530275e-13,
      2.1618400094297625e-06
    ],
    [
      6.043774493209069e-06,
      6.387531887516743e-09,
      0.014121308424154278,
      1.6069158579140316e-07,
      0.9858724807222348
    ],
    [
      1.2348401273424573e-06,
      1.639556029861323e-08,
      0.03955181733797026,
      8.117666062547957e-08,
      0.9604468502496815
    ],
    [
      5.363078281616326e-15,
      0.00017865308036208255,
      0.9996346076970879,
      6.539537642374041e-10,
      0.00018673856859148608
    ],
    [
      2.016275208262515e-15,
      3.5790256746104263e-06,
      0.9993732417849223,
      6.229205304404652e-11,
      0.0006231791271089773
    ],
    [
      6.94232979075417e-17,
      2.2262278783432397e-08,
      0.998715234243213,
      2.3965948728819378e-12,
      0.0012847434921116248
    ],
    [
      9.662982284666214e-07,
      9.88238650943768e-05,
      0.6321197754824186,
      1.0940532209990613e-06,
      0.3677793403010378
    ],
    [
      0.00015863995475554334,
      5.627218861357206e-06,
      0.05919557619945077,
      6.135636502291046e-06,
      0.9406340209904299
    ],
    [
      4.312770717501533e-09,
      3.842492581417346e-06,
      0.8065730374369926,
      2.4328902228724933e-08,
      0.19342309142875272
    ],
    [
      9.162470754186558e-12,
      9.982332870898668e-07,
      0.9677414738899859,
      9.624296173723228e-10,
      0.03225752690513506
    ],
    [
      2.640392773782084e-11,
      9.551875445988077e-08,
      0.8795775159742268,
      7.402456055084359e-10,
      0.12042238774036956
    ],
    [
      3.8904277711377664e-12,
      6.366974105369763e-10,
      0.6633579000784771,
      9.616461090118645e-11,
      0.3366420991847707
    ],
    [
      1.9322941436662256e-11,
      0.00026677359970780126,
      0.9952512495565448,
      1.42959976736872e-08,
      0.004481962528427058
    ],
    [
      6.009583641079957e-06,
      2.4853939660552135e-08,
      0.024780202533248218,
      2.1406624872410203e-07,
      0.9752135489629222
    ],
    [
      5.848480913003602e-09,
      8.099360493400398e-07,
      0.6579441715515622,
      1.6968774071226685e-08,
      0.3420549956951338
    ],
    [
      1.3957891166240898e-11,
      2.1244524300853484e-05,
      0.9889335617729489,
      3.791974896158799e-09,
      0.011045189896817286
    ],
    [
      0.0010219147739609627,
      6.966414580805885e-05,
      0.07618643597354685,
      4.364802923572812e-05,
      0.9226783370774484
    ],
    [
      2.845115487885739e-08,
      2.354916599430572e-07,
      0.3741925161361057,
      2.4931586005077703e-08,
      0.6258071949894933
    ],
    [
      1.8158234390431815e-08,
      0.0008829782342462837,
      0.9554055840660489,
      4.391139289029809e-07,
      0.043710980427541526
    ],
    [
      1.7017183690117323e-10,
      4.275848214143366e-06,
      0.942870948134152,
      5.7773879238846175e-09,
      0.05712477007007425
    ],
    [
      6.601016030547756e-06,
      2.3955346515962386e-07,
      0.05940548864227443,
      3.9782434364729006e-07,
      0.9405872729638861
    ],
    [
      9.854375882436675e-08,
      0.0005749739450540135,
      0.9007600911787085,
      7.711003974595188e-07,
      0.09866406523208104
    ],
    [
      7.917626202320576e-12,
      2.525111220127293e-06,
      0.9790859080998944,
      1.2655174176106624e-09,
      0.020911565515450606
    ],
    [
      3.1864637386577873e-17,
      3.691983756024189e-07,
      0.9997071658284667,
      5.510026443193687e-12,
      0.00029246496764800375
    ],
    [
      0.0027820837959623966,
      3.646895145712782e-07,
      0.0059903326915845155,
      1.866294983545417e-05,
      0.9912085558731029
    ],
    [
      1.0528131838241104e-12,
      2.981687254776331e-06,
      0.9913619569521079,
      5.901507006853509e-10,
      0.008635060769433711
    ],
    [
      1.394380743735357e-18,
      1.7006413130103208e-11,
      0.9948317127989015,
      7.53559403314008e-14,
      0.005168287184016822
    ],
    [
      5.0656736150149875e-14,
      3.516152218660809e-07,
      0.9939496201603596,
      7.815220922828737e-11,
      0.006050028146216024
    ],
    [
      1.008090865069866e-15,
      1.60396015229414e-06,
      0.9993448194463335,
      3.402200336330294e-11,
      0.0006535765594915053
    ],
    [
      1.2449140408340834e-08,
      5.34253853687409e-07,
      0.542120507989339,
      2.140767070148743e-08,
      0.4578789238999966
    ],
    [
      1.240052105821192e-05,
      1.6953276773184298e-06,
      0.09919096224127724,
      9.907945014469604e-07,
      0.9007939511154857
    ],
    [
      5.727877057269681e-07,
      2.6794962246992513e-06,
      0.32277478569336393,
      2.30065399372974e-07,
      0.6772217319573067
    ],
    [
      2.011395142615845e-22,
      0.0008504260700837671,
      0.9991494776417861,
      2.6758998132123976e-11,
      9.626137113485364e-08
    ],
    [
      7.278225030197253e-11,
      0.002814595654650616,
      0.9942488546300102,
      8.564793442649318e-08,
      0.002936463994622406
    ],
    [
      1.5159232767964474e-08,
      9.565752278688783e-08,
      0.3473616213174454,
      1.4284793198923005e-08,
      0.652638253581006
    ],
    [
      7.528696390026328e-08,
      0.0004703185204738323,
      0.9033263780926153,
      6.207708641048317e-07,
      0.09620260732908299
    ],
    [
      3.839879375641053e-07,
      1.1133751296315709e-07,
      0.1297403530085457,
      7.211756275439887e-08,
      0.8702590795484414
    ],
    [
      2.095065703115738e-06,
      4.821734138264534e-07,
      0.11988812083415346,
      2.621162432560499e-07,
      0.8801090398104867
    ],
    [
      2.5865725443849056e-08,
      0.00011818756489102954,
      0.8917436888600265,
      2.0644574217259028e-07,
      0.1081378912636145
    ],
    [
      1.9669228125087416e-24,
      3.7486352252621194e-07,
      0.9999992837411548,
      5.86315026463725e-14,
      3.413952640785066e-07
    ],
    [
      0.0008666109104163375,
      1.0901138174269778e-10,
      0.00031924038055340464,
      2.8174807906609844e-06,
      0.9988113311192278
    ],
    [
      1.4588401561326113e-07,
      8.358872647369695e-08,
      0.16483709026084956,
      4.108841928979152e-08,
      0.8351626391779888
    ],
    [
      9.378752629052563e-06,
      1.009339461939416e-06,
      0.0905634801619743,
      7.270187228321947e-07,
      0.909425404727212
    ],
    [
      3.4656614541743466e-13,
      8.987020313553084e-07,
      0.9910058190122847,
      2.3759018332825056e-10,
      0.008993282047747278
    ],
    [
      0.00017910288577123568,
      1.6277293506761965e-07,
      0.013401110773646438,
      2.5102080767354336e-06,
      0.9864171133595703
    ],
    [
      5.751411564420027e-06,
      3.1500409297787835e-05,
      0.33830154148966535,
      1.7575243500234858e-06,
      0.6616594491651224
    ],
    [
      3.9607841586274096e-21,
      1.562422775419687e-06,
      0.9999942773152857,
      8.051685026604914e-13,
      4.16026113359835e-06
    ],
    [
      3.3600273156297005e-06,
      1.682706070394295e-09,
      0.010323777323365603,
      8.89105542180567e-08,
      0.9896727720560589
    ],
    [
      6.982237859304071e-25,
      9.963998953868307e-08,
      0.999999514464849,
      2.2017490698277933e-14,
      3.8589513954729126e-07
    ],
    [
      0.00123758589093425,
      3.22208098110901e-08,
      0.003046626543157445,
      6.5602622566847025e-06,
      0.995709195082842
    ],
    [
      6.683406458489275e-16,
      0.00011282093705147525,
      0.9997907267819741,
      2.62520695612932e-10,
      9.645201845280485e-05
    ],
    [
      1.1329259813656752e-12,
      1.2292831606480811e-06,
      0.9872076400724915,
      4.31708186693235e-10,
      0.012791130211506746
    ],
    [
      1.7239141199757573e-05,
      3.731968293097357e-07,
      0.04854064144714485,
      7.668854551507759e-07,
      0.9514409793293709
    ],
    [
      0.29451779988782334,
      5.491474925895009e-13,
      1.899132688835283e-06,
      0.0018349767614088605,
      0.7036453242175298
    ],
    [
      4.6367309247958204e-06,
      0.0004712743048371252,
      0.6313984119168075,
      4.587433604024012e-06,
      0.3681210896138268
    ],
    [
      1.3098033444528898e-17,
      0.0007259443964234101,
      0.9992649283043223,
      2.7739583343592864e-10,
      9.12702185809789e-06
    ],
    [
      3.352496443004328e-07,
      2.7738752059325303e-06,
      0.3763456584390467,
      1.7810485338371767e-07,
      0.6236510543312493
    ],
    [
      3.349067427099951e-16,
      0.0009397688497120358,
      0.9990295628417668,
      7.901023235020178e-10,
      3.06675184180203e-05
    ],
    [
      3.500765682436246e-16,
      1.1882493993651322e-05,
      0.9998018386351151,
      6.266144977710074e-11,
      0.0001862788082298837
    ],
    [
      3.994383055626714e-06,
      4.680404383412411e-08,
      0.037785532263530194,
      1.9777875046426276e-07,
      0.9622102287706201
    ],
    [
      3.130966502453252e-09,
      0.00011199883207516438,
      0.9504850093150745,
      7.755289158426237e-08,
      0.0494029111689922
    ],
    [
      8.249982222455467e-09,
      5.0960260900754444e-05,
      0.9031019593144801,
      8.609521225650934e-08,
      0.09684698607942478
    ],
    [
      1.3861676859155284e-10,
      1.6108801636431115e-06,
      0.9229174214328265,
      3.740220887677185e-09,
      0.07708096380817228
    ],
    [
      1.6588738726751423e-17,
      0.0004233617558980376,
      0.9995641284068988,
      2.0653175042217176e-10,
      1.2509630671548554e-05
    ],
    [
      7.536507034456321e-21,
      0.0015890945406995924,
      0.9984105821010212,
      8.707157941300832e-11,
      3.232712079305253e-07
    ],
    [
      4.237423884847969e-09,
      1.4598041350411483e-06,
      0.7374000251823698,
      1.7528421073905317e-08,
      0.26259849324765056
    ],
    [
      1.1376873614783114e-09,
      0.00012452118859543768,
      0.9681112409067657,
      5.2228199262848766e-08,
      0.031764184538752585
    ],
    [
      2.896500864368724e-07,
      4.6658076228701194e-05,
      0.6744187962300949,
      4.501066159290059e-07,
      0.32553380593697434
    ],
    [
      8.862261521351422e-08,
      1.2361234512722413e-07,
      0.22218268174943714,
      3.587763605440724e-08,
      0.7778170701379663
    ],
    [
      5.072419359592386e-10,
      0.0001590421307834969,
      0.9790034473242908,
      4.139896638325906e-08,
      0.020837468638717403
    ],
    [
      7.681758136044958e-15,
      5.2960707729195045e-06,
      0.9990790324900092,
      1.1902854331448197e-10,
      0.0009156713201819622
    ],
    [
      9.2222257568053e-15,
      1.8603513111085599e-06,
      0.9984799142799268,
      7.962622341141571e-11,
      0.001518225289126475
    ],
    [
      4.9634238566618655e-05,
      3.5203234575979547e-06,
      0.07743043405587961,
      2.696444556897502e-06,
      0.9225137149375392
    ],
    [
      2.6153317985208388e-14,
      2.0398533584201425e-06,
      0.9977606529113677,
      1.214441710082281e-10,
      0.0022373071138036783
    ],
    [
      4.776903035384958e-09,
      8.803027473972328e-06,
      0.8494232768917684,
      3.413470040250124e-08,
      0.1505678811691538
    ],
    [
      3.91153057006058e-16,
      7.680164423419572e-05,
      0.9998324527224239,
      1.787682256719951e-10,
      9.07454545736965e-05
    ],
    [
      7.534805747781966e-12,
      3.2378741181834434e-05,
      0.9927311670080906,
      3.5728517234440996e-09,
      0.00723645067034091
    ],
    [
      1.372583445072196e-09,
      2.2051733874652298e-07,
      0.6702666582005089,
      5.822083305886813e-09,
      0.3297331140874853
    ],
    [
      3.963851496777832e-15,
      9.873952009195564e-07,
      0.9986025400666474,
      4.4783278172327744e-11,
      0.001396472493364715
    ],
    [
      3.429277662619676e-17,
      1.0056382297384899e-05,
      0.9999125420830913,
      2.7837703808962176e-11,
      7.740150677354026e-05
    ],
    [
      1.5346114340304445e-12,
      4.4893520228231945e-05,
      0.9966466893884963,
      2.2488108790184873e-09,
      0.0033084148409302737
    ],
    [
      1.3115991307480482e-10,
      2.5268185827411136e-05,
      0.9745540300065569,
      1.0351293954052849e-08,
      0.025420691325162007
    ],
    [
      2.164429125483918e-10,
      1.9966714808259653e-06,
      0.9159432183868377,
      4.916468086558946e-09,
      0.08405477980877034
    ],
    [
      3.921801019747123e-09,
      4.902432889048927e-10,
      0.092582071943494,
      2.0798393453180365e-09,
      0.9074179215646221
    ],
    [
      0.0010321538835878275,
      9.94113639788371e-06,
      0.03520504045524552,
      2.3105337742529737e-05,
      0.9637297591870267
    ],
    [
      2.5311020370008998e-17,
      8.574895822250239e-07,
      0.9998110391105455,
      7.458716362158059e-12,
      0.00018810339241380467
    ],
    [
      1.4823108040081182e-13,
      1.98946296720801e-06,
      0.9954090070968205,
      2.318930194504608e-10,
      0.004589003208171102
    ],
    [
      1.1144382132703584e-07,
      0.00024403254663981968,
      0.858816538136557,
      5.570901432332914e-07,
      0.1409387607828382
    ],
    [
      0.9696886470342331,
      2.2330869020375088e-07,
      7.413982323465988e-08,
      0.030113013437299146,
      0.0001980420799545783
    ],
    [
      0.9007706518468681,
      1.826385514555939e-07,
      3.7348297952154216e-05,
      0.0024456701139833835,
      0.096746147102645
    ],
    [
      0.17696707835918263,
      3.6357028867819955e-06,
      1.9486624856294886e-09,
      0.8230283886853741,
      8.953038939828497e-07
    ],
    [
      0.9893461004224239,
      1.384523798269534e-07,
      4.990106540396221e-07,
      0.00906986174119776,
      0.0015834003733449713
    ],
    [
      0.15489613391210982,
      2.3876997294872457e-05,
      7.632289426402865e-09,
      0.8450784918441547,
      1.4896141508007887e-06
    ],
    [
      0.9832979377541611,
      2.5618143430120213e-07,
      2.466220029025494e-07,
      0.01608966441959433,
      0.0006118950228073372
    ],
    [
      0.6278733542457812,
      2.262582412825989e-05,
      6.991542241212298e-08,
      0.37208025778303794,
      2.3692231630289598e-05
    ],
    [
      0.0017331967600797175,
      1.669099061488343e-08,
      7.295021852911062e-13,
      0.9982667860116614,
      5.365391139172872e-10
    ],
    [
      0.2999604494577572,
      5.758337071496139e-06,
      5.44315994872294e-09,
      0.700031266829298,
      2.5199327135276822e-06
    ],
    [
      0.9547227400741337,
      0.0003160105230238473,
      8.725282600384343e-05,
      0.03442391104361802,
      0.010450085533221064
    ],
    [
      0.9533913451904447,
      2.2319510749889123e-07,
      1.770529937192421e-05,
      0.0031322993516852125,
      0.04345842696339071
    ],
    [
      0.955654095623577,
      9.540491021645213e-08,
      2.265212861767203e-08,
      0.04425819513890499,
      8.759118047957415e-05
    ],
    [
      0.952668517606274,
      1.134571672886171e-06,
      1.2912002066574376e-07,
      0.04715666833636857,
      0.00017355036566367706
    ],
    [
      0.9873563524428626,
      6.921404353751015e-08,
      1.660144093350713e-07,
      0.011929045069927108,
      0.0007143672587574271
    ],
    [
      0.9405672506028298,
      0.00023666113668618875,
      0.00030605286855607804,
      0.01853105605866503,
      0.040358979333263455
    ],
    [
      0.9124145268470858,
      1.7406244058276338e-05,
      5.474362233637935e-07,
      0.087337823163273,
      0.00022969630935947385
    ],
    [
      0.9846718562538496,
      1.3325850964380995e-07,
      3.5040137509287445e-06,
      0.004332504801691607,
      0.010992001672198421
    ],
    [
      0.9794066275598886,
      1.7071163157437285e-06,
      8.462555355707278e-07,
      0.019652535548228708,
      0.0009382835200315088
    ],
    [
      0.9723791434591508,
      1.508848312161147e-07,
      6.488797750800059e-08,
      0.0274161224307948,
      0.0002045183372457412
    ],
    [
      0.9472461345604734,
      1.707313501888117e-05,
      1.2708242812172496e-06,
      0.05219894978916497,
      0.000536571691061448
    ],
    [
      0.05503464109231795,
      3.7547859937437117e-07,
      0.0016403961200095163,
      0.000177610918868132,
      0.9431469763902045
    ],
    [
      0.0007580034557723227,
      8.390396587387527e-12,
      0.00011317246443677301,
      2.564671035141301e-06,
      0.9991262594003655
    ],
    [
      0.9275150683529413,
      7.291407378577913e-07,
      4.7115669921384194e-05,
      0.0033361177704157507,
      0.06910096906598377
    ],
    [
      0.0005502462624911917,
      5.3499284249686555e-12,
      0.0001069468830276125,
      2.005700336839295e-06,
      0.9993408011487948
    ],
    [
      0.1695711152763947,
      1.3957391659922041e-06,
      9.065309439275427e-10,
      0.8304268714997989,
      6.165781091132004e-07
    ],
    [
      2.522026781985536e-06,
      2.429865718656734e-08,
      1.251049271603986e-14,
      0.9999974536739621,
      5.860480965213031e-13
    ],
    [
      0.22556948023310758,
      1.8954954358549763e-05,
      9.803462242410366e-09,
      0.7744091107162396,
      2.4442928322377163e-06
    ],
    [
      0.930978308808064,
      0.0013723690674668327,
      0.0003590530125422242,
      0.04439940539869655,
      0.02289086371323046
    ],
    [
      0.943233514037002,
      4.3582635822698935e-08,
      1.1161462073954742e-05,
      0.0024376313061946773,
      0.05431764961209326
    ],
    [
      0.08759964030560151,
      4.6758029656930546e-05,
      7.468058378443716e-09,
      0.9123527196237846,
      8.745728983489506e-07
    ],
    [
      0.0013374701899364272,
      0.0008779080863405089,
      4.0461020024733525e-09,
      0.9977845918681791,
      2.5809442560217098e-08
    ],
    [
      0.7364492036756164,
      3.610388673982438e-08,
      5.586609691212093e-05,
      0.0014642466805573435,
      0.2620306474430275
    ],
    [
      6.335027590233549e-05,
      5.2818072083361234e-05,
      4.022058108582857e-11,
      0.9998838313575509,
      2.542430270672216e-10
    ],
    [
      0.8551297750348466,
      0.0003841915529425407,
      5.7891378015051006e-06,
      0.14383976522362116,
      0.0006404790507880421
    ],
    [
      0.0004852385367448225,
      1.605952449996178e-07,
      1.3142418856019052e-12,
      0.9995146006448591,
      2.2183641725282036e-10
    ],
    [
      0.9528602190669528,
      3.5060464583929146e-06,
      3.422960074338293e-07,
      0.04685189865533637,
      0.00028403393524493813
    ],
    [
      0.6106035697486439,
      8.575122216956398e-05,
      2.154181506510301e-07,
      0.3892695579363794,
      4.0905674656663816e-05
    ],
    [
      0.03471871478739756,
      3.986010992129109e-06,
      4.0984232420990724e-10,
      0.9652772033964416,
      9.53953269346688e-08
    ],
    [
      0.9631298727142793,
      1.3956054128501006e-05,
      2.046580317795101e-06,
      0.03591762977048149,
      0.000936494880792747
    ],
    [
      0.9894882758072345,
      1.0569280851072856e-08,
      7.05013628283345e-07,
      0.003989274052310604,
      0.006521734557545456
    ],
    [
      0.0003511171620419088,
      8.126391129506923e-05,
      1.707076878167197e-10,
      0.9995676169843151,
      1.77164049959849e-09
    ],
    [
      0.9875984397333885,
      8.865308604982155e-08,
      2.1031854711777465e-07,
      0.011587754718243507,
      0.000813506576734845
    ],
    [
      0.06827901726137967,
      1.908899663277194e-08,
      0.0004199121784295079,
      0.00014134855699365838,
      0.9311597029142002
    ],
    [
      0.6115869436556747,
      2.0266390612686182e-07,
      0.00018576917657087117,
      0.0013996650983396136,
      0.38682741940550874
    ],
    [
      7.773950067934417e-05,
      9.396296696690443e-09,
      0.005771514673261852,
      8.209384445550273e-07,
      0.9941499154913175
    ],
    [
      0.7888288514681153,
      0.0002002965084500946,
      1.4646891350988996e-06,
      0.21075940313295916,
      0.00020998420134013264
    ],
    [
      0.9185790426607343,
      9.353634563073754e-05,
      0.00036508866313736957,
      0.011225474370610928,
      0.069736857959887
    ],
    [
      0.05082783838726337,
      7.501076224224208e-05,
      6.746749606521427e-09,
      0.9490966232122504,
      5.208914945345684e-07
    ],
    [
      0.9517399793683814,
      6.947199247890133e-10,
      1.6087679829170456e-06,
      0.0023761034306913876,
      0.045882307738223736
    ],
    [
      0.012732516287772487,
      4.088824406493518e-09,
      1.7030857531997056e-12,
      0.9872674745881007,
      5.033599724501638e-09
    ],
    [
      0.798785905750295,
      8.366979936017336e-05,
      6.562701043110434e-07,
      0.2009926286353706,
      0.00013713954486999145
    ],
    [
      0.1039972422654885,
      2.5855410203824344e-08,
      0.00038396169703818926,
      0.00021030649510344221,
      0.89540846368696
    ],
    [
      0.137227183430843,
      2.020715500704501e-10,
      4.160144676493111e-05,
      0.00025085173418317895,
      0.8624803631861375
    ],
    [
      0.0001569427696697892,
      6.511028105461946e-07,
      1.741906303304764e-12,
      0.9998424060224712,
      1.0330662134456848e-10
    ],
    [
      0.986506570652711,
      9.706014277398224e-07,
      1.6636948825889802e-06,
      0.011180315822992856,
      0.0023104792279858566
    ],
    [
      4.168812233094778e-06,
      1.3242401615432284e-07,
      5.813239334978308e-14,
      0.9999956987620813,
      1.6115537859022222e-12
    ],
    [
      0.003863251060737962,
      2.70744112926747e-05,
      3.345222671346176e-10,
      0.9961096598073155,
      1.438613196109818e-08
    ],
    [
      0.9888565212849567,
      4.2224458010906385e-08,
      1.5897078213126547e-07,
      0.010302146178441498,
      0.0008411313413616604
    ],
    [
      0.6244953026831583,
      2.811703748946506e-07,
      2.3909868695120277e-09,
      0.3754991432004758,
      5.270555003963732e-06
    ],
    [
      0.9026177843595219,
      0.00011726724646130223,
      3.1871016798251437e-06,
      0.09667094688132087,
      0.0005908144110164438
    ],
    [
      0.048471139494894316,
      3.998223889363678e-05,
      3.7088728726723898e-09,
      0.9514885068090179,
      3.677483217563672e-07
    ],
    [
      0.6019266751940002,
      7.176585330374596e-07,
      4.116430997026028e-09,
      0.3980665982652926,
      6.004765743008364e-06
    ],
    [
      0.9351084502697906,
      1.0991928573972501e-07,
      1.45034051350438e-08,
      0.06483843931620334,
      5.29859913151964e-05
    ],
    [
      0.5645319951971215,
      1.85302577808987e-07,
      1.4145206118542042e-09,
      0.43546422179524136,
      3.5962905384317966e-06
    ],
    [
      0.0020008809875955817,
      3.6620903684184917e-10,
      0.0003748886582269995,
      5.720158182677918e-06,
      0.9976185098297861
    ],
    [
      0.2952762083685207,
      2.4438504183708698e-05,
      1.7371705174030122e-08,
      0.7046950253587371,
      4.310396853064955e-06
    ],
    [
      0.928139659846092,
      1.8843443663318695e-06,
      1.0331817870805108e-07,
      0.07174618097401675,
      0.00011217151734640978
    ],
    [
      0.9664128899109269,
      1.0268958829310097e-05,
      5.108166857956297e-05,
      0.00816389454182619,
      0.02536186491983845
    ],
    [
      0.597306575873613,
      1.5129626235614876e-06,
      6.9127165514889626e-09,
