{
  "dataset": "aniso",
  "algorithm": "gmm",
  "params": {
    "n_components": 5,
    "covariance_type": "full"
  },
  "labels": [
    2,
    2,
    4,
    2,
    4,
    4,
    2,
    4,
    4,
    4,
    2,
    2,
    4,
    4,
    4,
    2,
    2,
    2,
    2,
    4,
    2,
    2,
    4,
    2,
    2,
    2,
    4,
    2,
    4,
    2,
    4,
    4,
    2,
    2,
    2,
    2,
    2,
    4,
    2,
    2,
    2,
    2,
    4,
    2,
    4,
    2,
    4,
    4,
    2,
    2,
    4,
    4,
    2,
    2,
    2,
    4,
    2,
    2,
    2,
    2,
    2,
    2,
    2,
    4,
    2,
    4,
    4,
    2,
    4,
    2,
    2,
    4,
    2,
    4,
    2,
    2,
    4,
    2,
    2,
    4,
    4,
    2,
    2,
    2,
    4,
    4,
    2,
    2,
    2,
    2,
    2,
    4,
    2,
    2,
    4,
    2,
    2,
    2,
    4,
    2,
    2,
    2,
    4,
    2,
    2,
    2,
    2,
    2,
    4,
    4,
    2,
    2,
    2,
    2,
    4,
    4,
    2,
    2,
    4,
    4,
    4,
    2,
    4,
    4,
    2,
    4,
    2,
    4,
    2,
    2,
    4,
    4,
    2,
    2,
    4,
    2,
    2,
    4,
    2,
    2,
    2,
    2,
    1,
    2,
    2,
    4,
    4,
    2,
    2,
    2,
    4,
    2,
    2,
    2,
    2,
    2,
    2,
    2,
    2,
    2,
    2,
    2,
    4,
    2,
    2,
    2,
    0,
    0,
    3,
    0,
    3,
    0,
    0,
    3,
    3,
    0,
    0,
    0,
    0,
    0,
    0,
    0,
    0,
    0,
    0,
    0,
    4,
    4,
    0,
    4,
    3,
    3,
    3,
    0,
    0,
    3,
    3,
    0,
    3,
    0,
    3,
    0,
    0,
    3,
    0,
    0,
    3,
    0,
    4,
    0,
    4,
    0,
    0,
    3,
    0,
    3,
    0,
    4,
    4,
    3,
    0,
    3,
    3,
    0,
    0,
    0,
    3,
    0,
    0,
    3,
    4,
    3,
    0,
    0,
    0,
    0,
    3,
    4,
    0,
    2,
    0,
    3,
    3,
    3,
    4,
    0,
    0,
    4,
    3,
    3,
    0,
    3,
    3,
    3,
    0,
    0,
    0,
    0,
    0,
    0,
    3,
    3,
    3,
    3,
    0,
    0,
    0,
    3,
    3,
    0,
    0,
    0,
    3,
    0,
    0,
    0,
    0,
    0,
    0,
    0,
    0,
    0,
    0,
    3,
    3,
    0,
    0,
    0,
    0,
    3,
    0,
    0,
    0,
    0,
    0,
    0,
    0,
    0,
    0,
    0,
    0,
    0,
    0,
    3,
    3,
    0,
    0,
    4,
    0,
    0,
    3,
    4,
    4,
    3,
    0,
    3,
    0,
    3,
    0,
    3,
    0,
    0,
    0,
    3,
    0,
    4,
    0,
    4,
    0,
    0,
    0,
    0,
    1,
    1,
    2,
    1,
    1,
    1,
    1,
    1,
    1,
    1,
    1,
    1,
    1,
    1,
    1,
    1,
    1,
    1,
    1,
    1,
    1,
    1,
    1,
    1,
    1,
    1,
    1,
    1,
    1,
    1,
    1,
    1,
    1,
    1,
    1,
    1,
    1,
    1,
    1,
    1,
    1,
    1,
    1,
    1,
    1,
    1,
    1,
    1,
    1,
    1,
    1,
    1,
    1,
    1,
    1,
    1,
    1,
    1,
    1,
    1,
    1,
    1,
    1,
    1,
    1,
    1,
    1,
    1,
    1,
    1,
    1,
    1,
    1,
    1,
    1,
    1,
    1,
    1,
    1,
    1,
    1,
    1,
    1,
    1,
    1,
    1,
    1,
    1,
    1,
    1,
    1,
    1,
    1,
    1,
    1,
    1,
    1,
    1,
    1,
    1,
    1,
    1,
    1,
    1,
    1,
    1,
    1,
    1,
    1,
    1,
    1,
    1,
    1,
    1,
    1,
    1,
    1,
    1,
    1,
    1,
    1,
    1,
    1,
    1,
    1,
    1,
    1,
    1,
    1,
    1,
    1,
    1,
    1,
    1,
    1,
    1,
    1,
    1,
    1,
    1,
    1,
    1,
    1,
    1,
    1,
    1,
    1,
    1,
    1,
    1,
    1,
    1,
    1,
    1,
    1,
    1,
    1,
    1,
    1,
    1,
    1,
    1,
    1,
    1,
    1,
    1
  ],
  "means": [
    {
      "x": -2.0343402397441452,
      "y": -1.4942344030236376
    },
    {
      "x": 2.9672121764941366,
      "y": -2.9627125417845286
    },
    {
      "x": 2.8350770773476586,
      "y": 2.1027431721373797
    },
    {
      "x": -2.0807610472275706,
      "y": -4.225781040939854
    },
    {
      "x": 0.2415579222392536,
      "y": 1.9185467087512733
    }
  ],
  "probabilities": [
    [
      1.796266776091678e-14,
      1.665825208759862e-12,
      0.7765382821847625,
      8.278202153172276e-23,
      0.22346171781355378
    ],
    [
      5.404979130539789e-17,
      5.631859107047719e-17,
      0.9114155709822122,
      3.7594618980569264e-27,
      0.08858442901778789
    ],
    [
      1.8599610456546777e-08,
      4.214132612070492e-20,
      0.4523685845182441,
      2.6074726340071855e-15,
      0.5476313968821428
    ],
    [
      3.6152155628225425e-27,
      1.102589671628139e-06,
      0.9479444295973144,
      1.379897699025158e-38,
      0.05205446781301409
    ],
    [
      1.4849615556386855e-07,
      5.3779354513077896e-27,
      0.43665846411936626,
      1.7764444454798595e-14,
      0.5633413873844604
    ],
    [
      8.933143087180639e-07,
      6.102885835832956e-22,
      0.329593086230107,
      5.054805969733449e-13,
      0.6704060204550788
    ],
    [
      3.0044348227214194e-10,
      4.228793409283433e-08,
      0.8785613259469333,
      1.646721975524521e-16,
      0.1214386314646887
    ],
    [
      0.046572705338035494,
      1.6374649025328178e-41,
      0.02115343691293384,
      7.829042802265253e-06,
      0.9322660287062281
    ],
    [
      0.00010892405230796799,
      2.963219132221288e-34,
      0.18289232738813474,
      2.541829792869403e-10,
      0.8169987483053742
    ],
    [
      0.0023494173627421665,
      5.431679095057844e-23,
      0.1641245100274012,
      3.560343768164879e-08,
      0.8335260370064195
    ],
    [
      4.29828444258785e-25,
      3.810827498930545e-05,
      0.9511017117316823,
      3.7860448419502293e-35,
      0.04886017999332863
    ],
    [
      2.2157654939254667e-09,
      1.5546781662305535e-11,
      0.7235559201298376,
      8.274718259496551e-16,
      0.27644407763884954
    ],
    [
      8.123818260272452e-07,
      6.266095172831761e-26,
      0.3312887208424775,
      2.6829487034626354e-13,
      0.6687104667754282
    ],
    [
      0.00033353146285882785,
      6.059016772513845e-37,
      0.15209791954584723,
      1.4208758178985383e-09,
      0.8475685475704182
    ],
    [
      3.656998231398605e-06,
      1.0886867726709178e-24,
      0.2718808050087379,
      2.8833770739573777e-12,
      0.7281155379901474
    ],
    [
      1.9339011069828678e-07,
      9.316778880040622e-36,
      0.7994023862698996,
      7.201905875042234e-15,
      0.20059742033998249
    ],
    [
      3.4861556855662605e-09,
      6.916346429663394e-14,
      0.6190022853681484,
      8.664827064448353e-16,
      0.38099771114562603
    ],
    [
      1.0150535119347403e-16,
      2.5845498826151576e-06,
      0.928019742749803,
      1.4312205122951829e-24,
      0.07197767270031402
    ],
    [
      6.740849724593978e-10,
      3.488591577621986e-08,
      0.8758539385547439,
      4.57053873848822e-16,
      0.12414602588525482
    ],
    [
      0.0016003672092926647,
      5.177106511386834e-39,
      0.09362759078947161,
      1.9772111664132745e-08,
      0.9047720222291242
    ],
    [
      4.350243145115794e-17,
      2.2362538704665825e-11,
      0.840182881123849,
      3.479916773488323e-26,
      0.15981711885378855
    ],
    [
      3.1700644149056762e-09,
      2.365576155945524e-18,
      0.5121111566404967,
      2.9610897926050096e-16,
      0.48788884018943857
    ],
    [
      0.02335362581002342,
      4.539931368171694e-36,
      0.03776520660532793,
      1.547524167624928e-06,
      0.9388796200604814
    ],
    [
      6.698458317185524e-08,
      2.0579264955647892e-29,
      0.575880283054335,
      3.5418365846833084e-15,
      0.4241196499610781
    ],
    [
      2.363645164681826e-11,
      7.125631363762541e-08,
      0.8855737700089148,
      6.571360648585144e-18,
      0.11442615871113512
    ],
    [
      1.1158444706175852e-12,
      3.079159653822211e-13,
      0.7215302985688398,
      1.8180842178212466e-20,
      0.2784697014297366
    ],
    [
      1.9871370461675087e-06,
      1.8593713979251976e-30,
      0.36251729250581954,
      5.994480136145607e-13,
      0.637480720356535
    ],
    [
      1.0810154326790666e-20,
      3.243309737158243e-11,
      0.9080576879339556,
      3.87280970608741e-31,
      0.0919423120336112
    ],
    [
      5.931264498275175e-05,
      4.4470719765537e-28,
      0.17918978430153848,
      1.397226750285832e-10,
      0.8207509029137563
    ],
    [
      9.236468405037975e-14,
      1.7522610950978717e-18,
      0.8012697015794471,
      9.771362532617263e-23,
      0.1987302984204605
    ],
    [
      6.009736443225405e-07,
      1.540489688430377e-23,
      0.33316769151534115,
      2.329703706376079e-13,
      0.6668317075107816
    ],
    [
      0.007111509295125135,
      4.000821002571214e-27,
      0.09513029960175921,
      1.751383861456751e-07,
      0.8977580159647297
    ],
    [
      1.4222178618905215e-18,
      1.2287420046121765e-14,
      0.9120454059432519,
      5.928091577071681e-29,
      0.08795459405673603
    ],
    [
      1.6694890552679882e-10,
      1.2272954726614549e-23,
      0.6979755915418644,
      1.2980968719022228e-18,
      0.3020244082911867
    ],
    [
      9.190364762513577e-13,
      6.932695177423736e-12,
      0.7529022535290185,
      2.1889746408476128e-20,
      0.2470977464631302
    ],
    [
      2.505991341897352e-14,
      2.2423808312223747e-20,
      0.8839419452930385,
      7.755354660730664e-24,
      0.11605805470693599
    ],
    [
      4.518724281345179e-11,
      1.0889663795479583e-25,
      0.8311724923057916,
      1.129498648528033e-19,
      0.168827507649021
    ],
    [
      0.008525334028299414,
      3.243580155822999e-70,
      0.015290236003081426,
      5.026705402081714e-05,
      0.9761341629145985
    ],
    [
      9.092204809632949e-11,
      4.782322163059626e-16,
      0.6139196274338858,
      3.482669812825282e-18,
      0.3860803724751915
    ],
    [
      7.376056012564548e-09,
      5.03054590680838e-09,
      0.8417260466324468,
      7.921601480033182e-15,
      0.15827394096094335
    ],
    [
      4.89806381605966e-09,
      1.189883837673118e-22,
      0.5148957231680457,
      2.351588501586461e-16,
      0.48510427193389044
    ],
    [
      5.028632262705282e-25,
      0.00019135125999775749,
      0.9605554904521598,
      9.221777724477029e-35,
      0.03925315828784274
    ],
    [
      6.557430319438937e-05,
      1.4019957643763598e-26,
      0.1818794027692354,
      1.7688845731596697e-10,
      0.8180550227506818
    ],
    [
      4.689197973915442e-19,
      2.3064356415289922e-10,
      0.8756152643907907,
      1.1715470479216326e-28,
      0.12438473537856559
    ],
    [
      3.508793103371365e-07,
      9.87845286648993e-28,
      0.4039720214615959,
      5.896999418479618e-14,
      0.5960276276590352
    ],
    [
      8.64722601450679e-12,
      2.7273438950727482e-21,
      0.7412780614838864,
      3.023572119177448e-20,
      0.25872193850746633
    ],
    [
      1.346723576588149e-05,
      5.962945770096517e-26,
      0.2280459670831717,
      1.762537412237397e-11,
      0.7719405656634372
    ],
    [
      5.148572657385961e-06,
      3.7872170608283e-16,
      0.45121639083119464,
      1.1677336242401379e-11,
      0.5487784605844702
    ],
    [
      5.595019234412113e-13,
      4.75373505061459e-16,
      0.7166628474125001,
      2.8216734312576852e-21,
      0.2833371525869402
    ],
    [
      3.467396434390421e-10,
      3.0756004849549555e-17,
      0.5740213264125598,
      1.6857085057220567e-17,
      0.4259786732407006
    ],
    [
      0.00834712613906291,
      8.044832534849523e-37,
      0.050322069304700685,
      3.023928857067996e-07,
      0.9413305021633507
    ],
    [
      3.6898890106904627e-07,
      9.178871491199702e-19,
      0.40078602080031545,
      2.1897155988403484e-13,
      0.5992136102105644
    ],
    [
      1.7758953434649657e-09,
      4.210158930610512e-22,
      0.5481080244949319,
      5.957494256391262e-17,
      0.45189197372917284
    ],
    [
      6.0606347353282e-31,
      0.0006199982358640722,
      0.9667691354483499,
      2.913987963987735e-42,
      0.03261086631578628
    ],
    [
      2.2352780777644496e-12,
      3.9276424987353814e-15,
      0.6895631661601416,
      2.607158958165426e-20,
      0.3104368338376192
    ],
    [
      0.029020442257433995,
      8.512217501546828e-49,
      0.020373045941397227,
      7.614206062767828e-06,
      0.9505988975951057
    ],
    [
      3.2614982539389137e-12,
      1.8295366739468764e-28,
      0.9648811132917924,
      1.0722230643229344e-21,
      0.035118886704946284
    ],
    [
      3.478691412729312e-09,
      4.884372876846648e-22,
      0.5192996837102821,
      1.6108425481400042e-16,
      0.48070031281102626
    ],
    [
      6.866912231424342e-09,
      1.2636992039881307e-13,
      0.6235499124322375,
      2.295547080903862e-15,
      0.37645008070072133
    ],
    [
      7.495118883865935e-22,
      9.297127463621404e-10,
      0.9136067176124363,
      2.381310467274483e-32,
      0.0863932814578508
    ],
    [
      1.0702307136719194e-16,
      1.7690447793938086e-07,
      0.8991911359406922,
      8.12705857741514e-25,
      0.10080868715482988
    ],
    [
      2.637209336857067e-23,
      0.006918814772656394,
      0.976454838772769,
      7.093728666252989e-32,
      0.01662634645457466
    ],
    [
      1.0932953177864545e-16,
      3.473883357069355e-20,
      0.9614939523932805,
      2.7893176754269567e-27,
      0.038506047606719225
    ],
    [
      0.00047091899367165605,
      5.69422602186541e-29,
      0.12459410608980948,
      3.0810163797891188e-09,
      0.8749349718355024
    ],
    [
      1.132349206085819e-10,
      4.7029385354978605e-15,
      0.6262024883781636,
      6.082374476188004e-18,
      0.3737975115085967
    ],
    [
      0.007049163492143178,
      2.7458507073697534e-42,
      0.052502077338864146,
      2.904160578264831e-07,
      0.9404484687529349
    ],
    [
      0.00013739047823445696,
      5.605556652431899e-36,
      0.1919240185541294,
      3.365529655412984e-10,
      0.8079385906310833
    ],
    [
      1.1567864296725558e-05,
      1.616344750678061e-39,
      0.5932927927882106,
      3.7225497149946596e-12,
      0.40669563934377034
    ],
    [
      3.338199979787178e-05,
      3.5917306830638304e-27,
      0.19783636392237813,
      6.230015009247251e-11,
      0.8021302540155237
    ],
    [
      1.29757829857981e-16,
      2.4232575354705496e-06,
      0.9273943081751505,
      1.9384958979259616e-24,
      0.07260326856731363
    ],
    [
      4.745079917422029e-13,
      4.368610004661993e-21,
      0.8301998034433501,
      4.58457989049078e-22,
      0.16980019655617531
    ],
    [
      0.007755656788506866,
      4.391902610291423e-44,
      0.05199531683336921,
      3.7699368211354054e-07,
      0.9402486493844417
    ],
    [
      5.032401228275449e-13,
      1.5461365136398597e-18,
      0.7572879102590896,
      1.1011010874638344e-21,
      0.24271208974040726
    ],
    [
      0.028142870439449613,
      2.1332228435335008e-28,
      0.06877114867750941,
      1.3758567414412027e-06,
      0.9030846050262991
    ],
    [
      4.7061349818720305e-15,
      7.621801166641148e-14,
      0.7889816331511957,
      7.740875142422959e-24,
      0.21101836684872324
    ],
    [
      1.1936705915608342e-12,
      6.858068951480896e-17,
      0.7067142858511293,
      6.304982771535664e-21,
      0.2932857141476769
    ],
    [
      3.6103404591743332e-06,
      1.5324019297074084e-28,
      0.2899005633533338,
      1.892513405811882e-12,
      0.7100958263043147
    ],
    [
      4.3857299616099574e-12,
      2.9144592777575335e-12,
      0.7308980406131103,
      1.5994566988286095e-19,
      0.26910195937958953
    ],
    [
      7.825438554431257e-31,
      0.00015553320368012747,
      0.9628955838544011,
      1.7614479921000853e-42,
      0.0369488829419191
    ],
    [
      0.0003286390053158656,
      2.9018945591644824e-39,
      0.18610059880695018,
      1.24506390439014e-09,
      0.8135707609426698
    ],
    [
      4.185730478383607e-05,
      3.1159638882901136e-36,
      0.28812322007115243,
      4.513422534768536e-11,
      0.7118349225789298
    ],
    [
      7.192546924269689e-21,
      2.121617871575632e-05,
      0.9459879327231686,
      1.0392955954490072e-29,
      0.053990851098115814
    ],
    [
      1.24142442467849e-19,
      3.186267776079856e-10,
      0.8842323044379938,
      2.046127648965243e-29,
      0.11576769524337915
    ],
    [
      6.535066641740532e-19,
      2.1935607239682098e-16,
      0.9510890896780682,
      8.168331431757646e-30,
      0.04891091032193145
    ],
    [
      7.4398689551644e-08,
      8.017120587838491e-18,
      0.4532055824989831,
      2.708130884773712e-14,
      0.5467943431023005
    ],
    [
      0.0003324497545876068,
      4.687080917375738e-26,
      0.15105234263719491,
      1.985382005134156e-09,
      0.8486152056228353
    ],
    [
      4.853164860782587e-10,
      9.587192343709245e-21,
      0.5761044948021007,
      1.2153076357510774e-17,
      0.4238955047125826
    ],
    [
      3.38356545669351e-13,
      1.5927465530848915e-18,
      0.7679199651365439,
      6.2482512417005e-22,
      0.23208003486311768
    ],
    [
      2.1693087336330164e-11,
      1.6267766925303586e-24,
      0.8172158630893153,
      5.0288182934642606e-20,
      0.18278413688899137
    ],
    [
      6.154574809937413e-10,
      8.56956267895078e-35,
      0.974576720419333,
      9.553011651811133e-19,
      0.025423278965209423
    ],
    [
      4.695068101692462e-15,
      7.108340946348439e-09,
      0.8577202881909123,
      6.075912752908066e-23,
      0.14227970470074217
    ],
    [
      0.00014661641576350592,
      3.567118708711405e-36,
      0.1907758986598937,
      3.708280862868762e-10,
      0.8090774845535146
    ],
    [
      3.0138584235856255e-09,
      2.347690538021743e-24,
      0.5791598882383832,
      8.153543013041063e-17,
      0.42084010874775835
    ],
    [
      2.6253798728736318e-14,
      5.743766592059419e-13,
      0.7681723154828494,
      1.1690441732916079e-22,
      0.23182768451655028
    ],
    [
      0.0017742874305016897,
      1.417399217753782e-21,
      0.19744354386791169,
      2.470602769523768e-08,
      0.8007821439955588
    ],
    [
      7.029598678639207e-08,
      3.3055598380629004e-28,
      0.522975916620469,
      4.663608343385038e-15,
      0.4770240130835397
    ],
    [
      8.095685202946657e-11,
      6.51965493240287e-11,
      0.7623681093646796,
      1.2071758806631682e-17,
      0.23763189048916733
    ],
    [
      4.980223172953892e-12,
      6.347451757111707e-18,
      0.682330913597938,
      3.5158728006137154e-20,
      0.31766908639708175
    ],
    [
      3.95944856863889e-05,
      2.8116296999585206e-31,
      0.20333457940980149,
      6.106600303064721e-11,
      0.7966258260434462
    ],
    [
      1.2025072003989405e-09,
      8.439540622958293e-13,
      0.6708060265005104,
      2.661261119411224e-16,
      0.32919397229613834
    ],
    [
      9.814668817188764e-14,
      1.4945959701498992e-16,
      0.7598385394819415,
      2.0469970304499755e-22,
      0.2401614605179602
    ],
    [
      2.43749239967821e-21,
      3.965281974040574e-11,
      0.9183161543267354,
      5.078772258353533e-32,
      0.08168384563361172
    ],
    [
      0.023135214284979333,
      5.326978282693439e-33,
      0.04667405943591835,
      1.2685189711112841e-06,
      0.930189457760131
    ],
    [
      3.84101630260256e-15,
      1.0464979183332824e-14,
      0.798472772200598,
      4.1566033990985006e-24,
      0.20152722779938745
    ],
    [
      1.9755404223518934e-16,
      6.486601266577077e-28,
      0.9991795524937281,
      3.5637888134406145e-28,
      0.0008204475062722906
    ],
    [
      4.720644760462857e-16,
      2.1151579699254775e-16,
      0.8643375595752232,
      1.0809079402869805e-25,
      0.1356624404247759
    ],
    [
      1.1025356335669497e-19,
      4.9555734138880433e-11,
      0.8882707543912289,
      1.0936219528725951e-29,
      0.11172924555921558
    ],
    [
      1.1743187512953618e-08,
      7.690844568741869e-26,
      0.5519978273893191,
      4.671140083248556e-16,
      0.44800216086749284
    ],
    [
      2.488377451427336e-05,
      1.8024127788626766e-27,
      0.20641871844075949,
      3.9240512848633364e-11,
      0.7935563977454859
    ],
    [
      3.9011695109403003e-07,
      5.999124842629727e-25,
      0.35441467308033736,
      1.0226349596170946e-13,
      0.6455849368026092
    ],
    [
      5.157793946831977e-36,
      0.49775530348712854,
      0.5017483297076136,
      2.6080372606748538e-45,
      0.0004963668052581191
    ],
    [
      7.189895861559075e-15,
      5.530403410352595e-06,
      0.9377909001375321,
      4.2335117492647137e-22,
      0.0622035694590505
    ],
    [
      7.558499882969338e-08,
      9.635832780174073e-30,
      0.5814867538032318,
      4.04423146162708e-15,
      0.4185131706117652
    ],
    [
      9.024501937848363e-10,
      5.162304410892626e-13,
      0.6643223242817108,
      1.7154775018461538e-16,
      0.3356776748153226
    ],
    [
      2.881383459996632e-06,
      2.0734027307824696e-31,
      0.3628530059988032,
      9.585077452919227e-13,
      0.6371441126167783
    ],
    [
      6.696782369166568e-06,
      3.192232760218622e-29,
      0.2674784517844177,
      4.5641502758544306e-12,
      0.7325148514286491
    ],
    [
      4.304887207703544e-10,
      5.258618046175651e-15,
      0.6077275586705728,
      3.861502742793269e-17,
      0.39227244089893354
    ],
    [
      7.031162949400567e-35,
      0.0013346399143158358,
      0.9707745886476511,
      2.8029330804806007e-47,
      0.027890771438032945
    ],
    [
      0.025550703480307774,
      2.1115485244318887e-52,
      0.02032866424796217,
      9.632294985115875e-06,
      0.954110999976745
    ],
    [
      1.218941379859214e-06,
      1.8159116729334768e-31,
      0.4320162916364825,
      2.436071990032365e-13,
      0.5679824894218939
    ],
    [
      2.4248707202995918e-05,
      2.039080826997438e-28,
      0.20805626109366618,
      3.5200999734353e-11,
      0.7919194901639298
    ],
    [
      2.8388090626054244e-15,
      4.092078318443515e-16,
      0.8254738186983958,
      1.5676592131190228e-24,
      0.174526181301601
    ],
    [
      0.0016434850620766675,
      1.1401878235021253e-33,
      0.08557060024910525,
      2.0401169975602572e-08,
      0.9127858942876482
    ],
    [
      1.6400957519165393e-06,
      3.6708460181467775e-21,
      0.32400145366599853,
      1.3221279767033042e-12,
      0.6759969062369275
    ],
    [
      2.007085958781806e-29,
      6.769432777919302e-05,
      0.9588085731384323,
      8.622137306922455e-41,
      0.041123732533788926
    ],
    [
      0.00043729313163784906,
      4.8758063698853476e-42,
      0.2237058731184675,
      1.7886048394464345e-09,
      0.7758568319612897
    ],
    [
      9.74228440930812e-35,
      0.0002971055059554757,
      0.9705578893470743,
      1.3353660260714027e-47,
      0.029145005146970042
    ],
    [
      0.016791504802243794,
      2.910558986374071e-38,
      0.03777847935359014,
      1.039526971486669e-06,
      0.9454289763171947
    ],
    [
      2.9517481495735884e-22,
      4.379577497893372e-05,
      0.9512432299186421,
      2.0803525464799698e-31,
      0.04871297430637918
    ],
    [
      1.1915146689550765e-14,
      1.9613484001825218e-16,
      0.8030905309049727,
      1.069065359043413e-23,
      0.19690946909501522
    ],
    [
      8.850233853348547e-05,
      8.532017874280143e-31,
      0.16819594048098804,
      2.2169714887746423e-10,
      0.8317155569587812
    ],
    [
      0.004412501957926629,
      1.9328372113766817e-70,
      0.00020530745410020425,
      0.0008222883456404974,
      0.9945599022423327
    ],
    [
      3.235821405057067e-07,
      1.3412423696471435e-15,
      0.5040189401346187,
      2.9279095523309226e-13,
      0.49598073628294637
    ],
    [
      2.835634289954127e-26,
      0.043875185812900654,
      0.9467181972444842,
      3.6629784390086317e-35,
      0.009406616942614974
    ],
    [
      1.9166705005810748e-07,
      1.4789978865422186e-24,
      0.38115930320253466,
      3.766856578694799e-14,
      0.6188405051303777
    ],
    [
      9.211491580571431e-24,
      0.011257777973357768,
      0.9742521536860177,
      2.3730144947794342e-32,
      0.014490068340624256
    ],
    [
      1.3373412683984497e-21,
      1.4639407476329486e-07,
      0.9147400564616239,
      2.3542797316043066e-31,
      0.08525979714430097
    ],
    [
      6.605008609829183e-05,
      1.489240053964896e-34,
      0.2157297374368487,
      1.1000062156241961e-10,
      0.7842042123670524
    ],
    [
      2.1548215742283046e-11,
      1.248931315076655e-13,
      0.6797774378188446,
      9.20496161555474e-19,
      0.320222562159482
    ],
    [
      1.5029440523026982e-10,
      7.152063452431986e-16,
      0.6070687613414593,
      7.313570041936186e-18,
      0.3929312385082459
    ],
    [
      9.857404865351622e-12,
      8.75913325543333e-20,
      0.6954611691487752,
      5.538262761003667e-20,
      0.3045388308413674
    ],
    [
      8.033423645791541e-26,
      0.014534505810055262,
      0.9712016636400344,
      7.0875499782166e-35,
      0.014263830549910593
    ],
    [
      3.234404060701285e-33,
      0.5599855409491103,
      0.4394792584553549,
      3.8235693614114513e-42,
      0.0005352005955349299
    ],
    [
      1.1393508948699829e-09,
      8.128561105328401e-23,
      0.58322839957641,
      2.6693225164200803e-17,
      0.416771599284239
    ],
    [
      4.517147072966582e-12,
      9.824536570731134e-13,
      0.7180188910396009,
      1.4349348967472452e-19,
      0.2819811089548997
    ],
    [
      2.1923891771640166e-08,
      1.381756290327436e-18,
      0.46353949608049183,
      4.305198904892235e-15,
      0.536460481995612
    ],
    [
      4.893708739709634e-07,
      2.5081618713595235e-30,
      0.4615593235784458,
      6.784686014925563e-14,
      0.5384401870506125
    ],
    [
      1.128957234574752e-12,
      9.53198332081427e-12,
      0.7551183893743562,
      3.0286790962019226e-20,
      0.24488161061498306
    ],
    [
      7.173429410421752e-19,
      1.9842418988724365e-10,
      0.8727426382905035,
      2.024594876085592e-28,
      0.12725736151107223
    ],
    [
      3.599727622448617e-18,
      3.221738886099514e-12,
      0.8660814037570657,
      7.353303663506903e-28,
      0.13391859623971245
    ],
    [
      9.36229400754144e-05,
      1.4476911787138821e-26,
      0.1733644958889182,
      3.00204020131232e-10,
      0.8265418808708025
    ],
    [
      1.7516295072221052e-17,
      9.17458581188229e-13,
      0.8538150449855078,
      5.105402268829739e-27,
      0.1461849550135748
    ],
    [
      2.735972516752919e-10,
      4.534287088020199e-19,
      0.5776578088103811,
      7.850638789727699e-18,
      0.42234219091602165
    ],
    [
      1.7467005718391116e-22,
      2.614915916807243e-05,
      0.9475440045822282,
      8.725064876378862e-32,
      0.05242984625860336
    ],
    [
      6.768259435311422e-15,
      8.281278392157143e-12,
      0.7937693703959191,
      2.868392680296664e-23,
      0.2062306295957929
    ],
    [
      1.6501396765591386e-09,
      4.4920731048610705e-26,
      0.6742213529419088,
      2.319316401017132e-17,
      0.3257786454079514
    ],
    [
      2.053546655129379e-18,
      1.052104848720238e-12,
      0.8769762305256433,
      2.625899623138848e-28,
      0.12302376947330435
    ],
    [
      2.7090938893391785e-23,
      1.1836313283309003e-06,
      0.9306599469533509,
      2.4911672884329817e-33,
      0.06933886941532037
    ],
    [
      3.972612836922603e-16,
      2.95471330389489e-10,
      0.8356879560340751,
      1.1931422124200702e-24,
      0.16431204367045327
    ],
    [
      6.583634264568363e-13,
      3.1789010114561995e-14,
      0.7155635581197284,
      6.384633262834346e-21,
      0.2844364418795814
    ],
    [
      1.480740316990437e-11,
      1.0604866959915127e-19,
      0.6800329254271288,
      1.0193941046196321e-19,
      0.3199670745580635
    ],
    [
      2.2124800449868912e-06,
      8.126498470114737e-41,
      0.8346389502801084,
      2.1102171083631113e-13,
      0.16535883723963593
    ],
    [
      0.003163936699190023,
      1.6002097591308672e-25,
      0.1221812528896687,
      5.330228268258646e-08,
      0.8746547571088584
    ],
    [
      4.746840669215073e-22,
      9.523319603808503e-10,
      0.9161520398720621,
      1.2740551003679642e-32,
      0.08384795917560556
    ],
    [
      2.892151005304691e-16,
      5.106076441943159e-14,
      0.8308034496600478,
      1.4623442893853158e-25,
      0.16919655033990097
    ],
    [
      2.2319192181109913e-09,
      1.4458661458134433e-14,
      0.5993351781430489,
      4.0606166033448135e-16,
      0.40066481962501727
    ],
    [
      0.894715176519177,
      2.821083508598826e-24,
      1.9945172248002032e-10,
      0.10528482315111058,
      1.3026075983726966e-10
    ],
    [
      0.9924418985465802,
      1.0483675992896468e-33,
      3.5510147828784164e-05,
      0.005344990596005615,
      0.002177600709585589
    ],
    [
      0.29279831871160644,
      6.351509110931199e-13,
      9.885066260196144e-17,
      0.7072016812877583,
      9.763187635038983e-22
    ],
    [
      0.9620459607996396,
      3.87842494857869e-28,
      2.3497674865363235e-08,
      0.03795384965677218,
      1.6604591323635656e-07
    ],
    [
      0.31298499120650597,
      7.933237996786776e-11,
      3.833463559795097e-16,
      0.6870150087141613,
      1.214074025843288e-21
    ],
    [
      0.9414734402760394,
      1.3571900079835939e-25,
      2.718975939933416e-09,
      0.05852655170419475,
      5.300789849936146e-09
    ],
    [
      0.6586986980875217,
      5.94960713129283e-14,
      2.311465722539353e-13,
      0.34130130191218777,
      8.858762036513757e-17
    ],
    [
      0.03640151835913119,
      2.049391841688532e-11,
      2.881981010985786e-23,
      0.9635984816203744,
      1.3966613619496954e-31
    ],
    [
      0.3913237024422458,
      1.8548737384038012e-13,
      9.818419264853634e-16,
      0.6086762975575679,
      3.52495835316212e-20
    ],
    [
      0.9889338783016571,
      3.21444434865042e-16,
      6.735711297298124e-07,
      0.011065354802653714,
      9.332455949791828e-08
    ],
    [
      0.9921126840960347,
      4.4738360740022836e-32,
      9.443105535286818e-06,
      0.007492033740779472,
      0.00038583905765049225
    ],
    [
      0.8385158539073407,
      1.1278705091897762e-24,
      3.276893977900813e-11,
      0.16148414604360362,
      1.628686367967391e-11
    ],
    [
      0.8888180192259577,
      3.3529458658469024e-21,
      9.396542962921086e-11,
      0.11118198066674256,
      1.3334411899101347e-11
    ],
    [
      0.9404491727596027,
      2.552584318200106e-28,
      5.109776231391853e-09,
      0.05955079239818349,
      2.9732437803245753e-08
    ],
    [
      0.9954023275563458,
      3.333017110020675e-18,
      1.0510400765355985e-05,
      0.004580811160477427,
      6.350882411511532e-06
    ],
    [
      0.8951536001242747,
      6.61648646092925e-17,
      1.0623033112337282e-10,
      0.10484639976765632,
      1.8387199564896556e-12
    ],
    [
      0.9847421797189552,
      4.306680948094502e-31,
      9.380541266953739e-07,
      0.015231337242541521,
      2.5544984376644604e-05
    ],
    [
      0.9566063280489776,
      1.1819959941452816e-22,
      4.971610570168339e-09,
      0.04339366346676451,
      3.512647427733468e-09
    ],
    [
      0.89501652474816,
      4.880635281741259e-25,
      2.3994359949680345e-10,
      0.10498347478908336,
      2.2281324029572827e-10
    ],
    [
      0.9373100989123123,
      6.537649143080349e-18,
      9.181000117809455e-10,
      0.06268990011938474,
      5.0202808177217434e-11
    ],
    [
      0.391425845816743,
      4.873073106559316e-34,
      0.014012635032218237,
      0.0001340184923335069,
      0.5944275006587052
    ],
    [
      0.021182582707732298,
      2.222591568904914e-59,
      0.016440148324762566,
      2.364724903336572e-05,
      0.962353621718472
    ],
    [
      0.9944636415689891,
      3.03520385155001e-30,
      2.0087297665350918e-05,
      0.004969323132477764,
      0.0005469480008677626
    ],
    [
      0.01910843097477601,
      1.9697512161529523e-60,
      0.018791439747568684,
      2.176442795346388e-05,
      0.9620783648497017
    ],
    [
      0.27327319825723634,
      7.500867998752236e-14,
      4.3888555762357044e-17,
      0.7267268017426887,
      6.353082419604635e-22
    ],
    [
      0.001500612322572573,
      4.4887314261916754e-05,
      5.325524095142519e-30,
      0.9984545003631659,
      3.180575746935844e-45
    ],
    [
      0.36911851397454193,
      1.0796413724606782e-11,
      1.036471830907567e-15,
      0.6308814860146607,
      9.929577283838395e-21
    ],
    [
      0.992775172621613,
      1.630537758502256e-14,
      3.875035863219216e-06,
      0.007220580028159985,
      3.7231434734682693e-07
    ],
    [
      0.9891942438554001,
      5.806651828558558e-36,
      1.5143942500231171e-05,
      0.009276744737321192,
      0.0015138674647781646
    ],
    [
      0.251961212243742,
      2.427104506280181e-09,
      1.613946133532851e-16,
      0.7480387853291531,
      9.68492235692376e-23
    ],
    [
      0.037736086087510994,
      0.00792667837133812,
      1.3922243299920484e-18,
      0.9543372355411511,
      3.5847456084977994e-29
    ],
    [
      0.9650764172661315,
      7.784272789880343e-39,
      0.0001951831889020883,
      0.004545920426004674,
      0.030182479118961904
    ],
    [
      0.0050923828342009925,
      0.008462388432003714,
      1.91760751435763e-23,
      0.9864452287337955,
      6.734571352842856e-37
    ],
    [
      0.9282077763455575,
      5.186080429253058e-13,
      1.0087665669558282e-09,
      0.07179222264137602,
      3.7815984132757454e-12
    ],
    [
      0.017081695705165104,
      4.1978139843601446e-08,
      2.6633336417922983e-24,
      0.9829182623166949,
      1.1979104304879055e-34
    ],
    [
      0.9138758979024504,
      7.334909745669286e-20,
      2.5239761702414115e-10,
      0.08612410182017756,
      2.4974601577427655e-11
    ],
    [
      0.7058682019860467,
      1.644950757733895e-12,
      9.09719425724971e-13,
      0.2941317980113986,
      2.1375952429844434e-16
    ],
    [
      0.13529976484433193,
      2.5211583574271416e-10,
      9.911628135743984e-19,
      0.8647002349035523,
      1.650889837487458e-25
    ],
    [
      0.9557842051760617,
      6.582034545646819e-19,
      3.6223278020257483e-09,
      0.04421579073687935,
      4.6473108103069937e-10
    ],
    [
      0.9706095711133497,
      1.303744698277268e-35,
      5.569416611197054e-07,
      0.029342004447694435,
      4.7867497295078436e-05
    ],
    [
      0.013777188349260236,
      0.001488951017441091,
      1.201929542469534e-21,
      0.984733860633299,
      1.8856138963822357e-33
    ],
    [
      0.9452910587270331,
      4.959910665740269e-28,
      6.385025618185266e-09,
      0.054708899890405456,
      3.4997535933522046e-08
    ],
    [
      0.365223879408374,
      2.886700142711967e-41,
      0.005933879724048256,
      0.0003166007651191829,
      0.6285256401024589
    ],
    [
      0.9637488449727484,
      2.0602514871516505e-35,
      0.0004176798443969256,
      0.0023124041174934626,
      0.033521071065361355
    ],
    [
      0.002315234307723793,
      8.823588714925663e-40,
      0.08268565577619591,
      3.764006149339594e-08,
      0.9149990722760191
    ],
    [
      0.8652066973535425,
      6.648707847780478e-13,
      6.079154326298584e-11,
      0.13479330258491815,
      8.283793643261895e-14
    ],
    [
      0.9966696646107387,
      1.531996773496101e-20,
      2.7692173891831058e-05,
      0.003255189317211205,
      4.7453898158562045e-05
    ],
    [
      0.20189342766429957,
      3.395712613132333e-08,
      7.157419649748484e-17,
      0.7981065383785736,
      1.0118336638562959e-23
    ],
    [
      0.9559821986273618,
      4.2726200974204584e-45,
      2.4064843997618158e-05,
      0.028667419379129328,
      0.015326317149511211
    ],
    [
      0.09262435924770235,
      8.171868464201965e-16,
      6.813165486956334e-21,
      0.9073756407522966,
      1.303317792902185e-26
    ],
    [
      0.8404581867243127,
      8.013004024543073e-14,
      2.138319945779186e-11,
      0.1595418132541875,
      3.664095244265037e-14
    ],
    [
      0.47557306021131884,
      1.1703058699911348e-40,
      0.004663691837639218,
      0.0004932686421196555,
      0.5192699793089219
    ],
    [
      0.1971438398463664,
      2.89699823962917e-53,
      0.001663782791113872,
      0.0013652079294705812,
      0.7998271694330489
    ],
    [
      0.008891253634089708,
      4.144309513914099e-06,
      5.280522349626892e-25,
      0.9911046020563962,
      7.301357778129645e-37
    ],
    [
      0.9729759243932156,
      6.613235035493309e-25,
      3.7781545798056256e-08,
      0.02702394238523002,
      9.544000870162688e-08
    ],
    [
      0.001551709022262283,
      0.0001610625308027982,
      5.0287735609963765e-29,
      0.9982872284469351,
      3.3313607858101135e-44
    ],
    [
      0.04849095561114724,
      3.1013109918052963e-06,
      4.0481369980225566e-20,
      0.9515059430778606,
      1.9448533832699847e-29
    ],
    [
      0.9421397924442128,
      1.567552188485244e-29,
      8.12189051897011e-09,
      0.05786012283641504,
      7.659748147829049e-08
    ],
    [
      0.51695448626861,
      5.357574421935253e-19,
      9.717476810093934e-15,
      0.4830455137313802,
      2.7710969438850432e-17
    ],
    [
      0.9325234810839608,
      7.967903433205082e-15,
      9.023005732978485e-10,
      0.06747651800421808,
      9.512829461578564e-12
    ],
    [
      0.18566228275021318,
      1.094949360912474e-08,
      2.7628795119996754e-17,
      0.8143377063002932,
      4.152845236221289e-24
    ],
    [
      0.5249582221579724,
      1.1085279577953223e-17,
      1.0659383145997581e-14,
      0.4750417778420169,
      1.4615995925199912e-17
    ],
    [
      0.796490797976561,
      1.0315127814156645e-23,
      8.296286747850633e-12,
      0.20350920201322645,
      1.9163844534159527e-12
    ],
    [
      0.4730760078778245,
      3.7716129511154574e-19,
      4.001914477156399e-15,
      0.5269239921221716,
      9.244486387637708e-18
    ],
    [
      0.03672286842694069,
      1.0897651278978805e-49,
      0.01591884642408763,
      1.4155551071948267e-05,
      0.9473441295978995
    ],
    [
      0.4311375686053581,
      5.985605726496164e-12,
      3.74362002547061e-15,
      0.5688624313886527,
      7.26920405722676e-20
    ],
    [
      0.8577139335002363,
      8.949228449461463e-20,
      2.6434675125645055e-11,
      0.1422860664719925,
      1.336461343662458e-12
    ],
    [
      0.9935647917575453,
      1.5457588335426057e-23,
      3.5878463079934504e-06,
      0.006419428435479153,
      1.2191960667441481e-05
    ],
    [
      0.5420101539580489,
      9.245793008649366e-17,
      1.519803154268465e-14,
      0.4579898460419359,
      1.3493089227415702e-17
    ],
    [
      0.5598486867203171,
      1.4129379787919144e-27,
      2.370847623632169e-13,
      0.4401513132793348,
