{
  "dataset": "aniso",
  "algorithm": "gmm",
  "params": {
    "n_components": 5,
    "covariance_type": "diag"
  },
  "labels": [
    2,
    2,
    4,
    2,
    4,
    4,
    2,
    4,
    4,
    4,
    2,
    2,
    4,
    4,
    4,
    2,
    2,
    2,
    2,
    4,
    2,
    4,
    4,
    2,
    2,
    2,
    4,
    2,
    4,
    2,
    4,
    4,
    2,
    2,
    2,
    2,
    2,
    4,
    2,
    2,
    4,
    2,
    4,
    2,
    4,
    2,
    4,
    2,
    2,
    2,
    4,
    4,
    4,
    2,
    2,
    4,
    2,
    4,
    2,
    2,
    2,
    2,
    2,
    4,
    2,
    4,
    4,
    4,
    4,
    2,
    2,
    4,
    2,
    4,
    2,
    2,
    4,
    2,
    2,
    4,
    4,
    2,
    2,
    2,
    4,
    4,
    2,
    2,
    2,
    2,
    2,
    4,
    2,
    2,
    4,
    4,
    2,
    2,
    4,
    2,
    2,
    2,
    4,
    2,
    2,
    2,
    2,
    4,
    4,
    4,
    2,
    2,
    2,
    2,
    4,
    4,
    2,
    2,
    4,
    4,
    4,
    2,
    4,
    4,
    2,
    4,
    2,
    4,
    2,
    2,
    4,
    4,
    2,
    2,
    4,
    2,
    2,
    4,
    2,
    2,
    2,
    2,
    2,
    2,
    2,
    4,
    4,
    2,
    2,
    2,
    4,
    2,
    2,
    2,
    2,
    2,
    2,
    2,
    2,
    2,
    2,
    2,
    4,
    2,
    2,
    2,
    0,
    0,
    0,
    0,
    0,
    0,
    0,
    0,
    0,
    0,
    0,
    0,
    0,
    0,
    0,
    0,
    0,
    0,
    0,
    0,
    0,
    4,
    0,
    4,
    0,
    3,
    0,
    0,
    0,
    0,
    3,
    0,
    3,
    0,
    0,
    0,
    0,
    0,
    0,
    0,
    3,
    0,
    0,
    0,
    4,
    0,
    0,
    0,
    0,
    0,
    0,
    0,
    0,
    3,
    0,
    3,
    0,
    0,
    0,
    0,
    0,
    0,
    0,
    0,
    4,
    0,
    0,
    0,
    0,
    0,
    3,
    0,
    0,
    2,
    0,
    3,
    0,
    0,
    4,
    0,
    0,
    0,
    0,
    0,
    0,
    3,
    0,
    0,
    0,
    0,
    0,
    0,
    0,
    0,
    3,
    0,
    0,
    3,
    0,
    0,
    0,
    0,
    0,
    0,
    0,
    0,
    3,
    0,
    0,
    0,
    0,
    0,
    0,
    0,
    0,
    0,
    0,
    3,
    3,
    0,
    0,
    0,
    0,
    3,
    0,
    0,
    0,
    0,
    0,
    0,
    0,
    0,
    0,
    0,
    0,
    0,
    0,
    0,
    3,
    0,
    0,
    4,
    0,
    0,
    0,
    4,
    0,
    0,
    0,
    3,
    0,
    0,
    0,
    0,
    0,
    0,
    0,
    3,
    0,
    4,
    0,
    4,
    0,
    0,
    0,
    0,
    1,
    1,
    2,
    3,
    1,
    1,
    1,
    1,
    1,
    1,
    1,
    1,
    1,
    1,
    1,
    1,
    1,
    3,
    1,
    1,
    1,
    1,
    2,
    1,
    1,
    1,
    1,
    1,
    1,
    1,
    1,
    1,
    1,
    1,
    1,
    3,
    1,
    3,
    1,
    1,
    1,
    1,
    1,
    1,
    1,
    1,
    1,
    1,
    1,
    3,
    3,
    1,
    1,
    1,
    1,
    1,
    1,
    1,
    1,
    1,
    1,
    1,
    1,
    1,
    1,
    1,
    1,
    1,
    3,
    1,
    1,
    1,
    3,
    1,
    3,
    3,
    1,
    1,
    1,
    3,
    1,
    3,
    1,
    1,
    1,
    1,
    3,
    3,
    1,
    1,
    1,
    1,
    1,
    1,
    1,
    3,
    1,
    1,
    1,
    3,
    1,
    1,
    1,
    1,
    1,
    1,
    1,
    1,
    3,
    1,
    1,
    1,
    1,
    1,
    3,
    3,
    1,
    3,
    1,
    1,
    1,
    1,
    1,
    1,
    1,
    1,
    1,
    1,
    3,
    1,
    3,
    1,
    3,
    1,
    1,
    1,
    1,
    1,
    1,
    1,
    3,
    1,
    1,
    1,
    1,
    1,
    1,
    1,
    1,
    1,
    1,
    1,
    1,
    1,
    1,
    1,
    1,
    1,
    1,
    1,
    1,
    3,
    1,
    1,
    1,
    1
  ],
  "means": [
    {
      "x": -2.0961741260833255,
      "y": -1.931790174922537
    },
    {
      "x": 3.234196947949733,
      "y": -2.6628594598698183
    },
    {
      "x": 2.8370414639514334,
      "y": 2.051349911766088
    },
    {
      "x": -0.031003784148865687,
      "y": -5.094205353186802
    },
    {
      "x": 0.48033548226143685,
      "y": 1.9610170424319382
    }
  ],
  "probabilities": [
    [
      5.068340120130086e-15,
      2.5800026970540998e-05,
      0.7032013569449606,
      9.617976727378683e-18,
      0.29677284302806384
    ],
    [
      3.790079013636305e-17,
      1.2786384687604466e-07,
      0.910964215088802,
      3.3320965244906724e-23,
      0.0890356570473514
    ],
    [
      1.264573245758682e-08,
      6.207496730606986e-06,
      0.4365920001091246,
      5.694765460364207e-17,
      0.5634017797484125
    ],
    [
      2.096074621917529e-28,
      4.97641695972017e-07,
      0.9440260024922394,
      1.2813614175989783e-21,
      0.05597349986606502
    ],
    [
      2.407484182811693e-07,
      1.7553854256785631e-07,
      0.3987103713808597,
      2.454140405782497e-19,
      0.6012892123321794
    ],
    [
      6.867172215464476e-07,
      5.585176042889617e-06,
      0.35989116362358947,
      4.2503602673023636e-16,
      0.6401025644831455
    ],
    [
      4.35288205811713e-11,
      0.01738627838056425,
      0.8454884990337567,
      1.1623479695172356e-11,
      0.1371252225305269
    ],
    [
      0.12731698155699134,
      1.2467793669874024e-09,
      0.06083431400220441,
      1.6962221487759663e-15,
      0.8118487031940235
    ],
    [
      0.00026129290039289093,
      1.710613040144061e-08,
      0.19854288144430876,
      1.9965748664380045e-18,
      0.8011958085491677
    ],
    [
      0.0018154342675499673,
      2.6456667956265147e-05,
      0.34475542046028973,
      1.1741260773422008e-12,
      0.65340268860303
    ],
    [
      2.2361833866832257e-26,
      1.9939376757089685e-05,
      0.9079638124481183,
      2.79102581340059e-18,
      0.09201624817512466
    ],
    [
      4.98365790650523e-10,
      0.001672443467154401,
      0.711437870377098,
      3.6862884081612876e-13,
      0.2868896856570136
    ],
    [
      1.0219588348465038e-06,
      4.872627694017499e-07,
      0.32904974261680536,
      6.042236087363053e-18,
      0.6709487481615902
    ],
    [
      0.0009518081359147042,
      5.510958056700593e-09,
      0.16895786923514078,
      1.3984282809921932e-18,
      0.8300903171179866
    ],
    [
      3.722495227743111e-06,
      1.5010685495613858e-06,
      0.304497620909651,
      1.2850380958546205e-16,
      0.6954971555265713
    ],
    [
      1.3908694001439038e-06,
      2.560171409439017e-09,
      0.7175645926303752,
      2.9571624301485355e-23,
      0.2824340139400532
    ],
    [
      1.06350195379332e-09,
      0.00030397859455873275,
      0.6073138626471889,
      2.3985026059696957e-14,
      0.3923821576947266
    ],
    [
      1.0733292059468791e-17,
      0.0017156487400040443,
      0.86156134292475,
      1.9270748857707795e-14,
      0.1367230083352265
    ],
    [
      9.795278617681008e-11,
      0.019839151387825812,
      0.8458869115727321,
      1.7624683564395774e-11,
      0.13427393692386402
    ],
    [
      0.0047967596889479484,
      2.6025079552713033e-09,
      0.12388072005988697,
      5.518486860946131e-18,
      0.8713225176486572
    ],
    [
      1.027728307339089e-17,
      1.0294295739256758e-05,
      0.7811198963420525,
      6.185162466270011e-19,
      0.21886980936220837
    ],
    [
      1.7795082740595e-09,
      1.2039494381884341e-05,
      0.4838814132883826,
      8.171696774409955e-17,
      0.5161065454377273
    ],
    [
      0.050240293707773255,
      2.132302632100503e-08,
      0.10211190656866098,
      5.8563731506197e-15,
      0.8476477784005336
    ],
    [
      1.717188527000508e-07,
      4.087292961879846e-08,
      0.5085714885426467,
      6.38258168605827e-21,
      0.49142829886557116
    ],
    [
      3.375950866951221e-12,
      0.011027465612750417,
      0.8429808802864163,
      3.045856163453942e-12,
      0.14599165409441145
    ],
    [
      3.408564430416928e-13,
      4.92946682418e-05,
      0.6510086606372647,
      8.204772811001274e-17,
      0.34894204469415224
    ],
    [
      4.259617812114013e-06,
      5.1251428535833947e-08,
      0.3329560641320602,
      1.8465099241578228e-19,
      0.6670396249986992
    ],
    [
      2.337580244386415e-21,
      7.517185260394659e-07,
      0.8981080512127285,
      1.2269867767367225e-21,
      0.10189119706874597
    ],
    [
      7.923876917041454e-05,
      4.257598577361321e-07,
      0.23072414414437567,
      1.7826742441626722e-16,
      0.769196191326596
    ],
    [
      7.550217443481102e-14,
      5.245173679510031e-07,
      0.7640786706015996,
      3.430676049161483e-21,
      0.23592080488095707
    ],
    [
      5.679811374535891e-07,
      1.8551274524116748e-06,
      0.34496727764316565,
      5.1484859085320317e-17,
      0.6550302992482444
    ],
    [
      0.008139453659841124,
      2.8003805052038607e-06,
      0.23392699313546597,
      2.3307729665162817e-13,
      0.757930752823955
    ],
    [
      6.327456048430542e-19,
      2.1712523149831332e-07,
      0.9119686650008686,
      8.196461390164909e-23,
      0.08803111787389965
    ],
    [
      2.53492551327934e-10,
      1.9685731143258276e-07,
      0.6422849711557933,
      5.4495282269758145e-21,
      0.35771483173340274
    ],
    [
      2.2883017339343713e-13,
      0.00013780759318626884,
      0.6815333889282398,
      5.566056060519456e-16,
      0.31832880347834464
    ],
    [
      3.085923715826073e-14,
      9.774739550615579e-08,
      0.871770105598722,
      5.273101624170873e-23,
      0.12822979665385179
    ],
    [
      1.109323544040153e-10,
      4.214555492187046e-08,
      0.7939204116041608,
      9.06639212184386e-23,
      0.20607954613935234
    ],
    [
      0.07008392296943719,
      1.251096560964293e-15,
      0.02112038405082404,
      8.864431048275997e-20,
      0.9087956929797376
    ],
    [
      3.975949681446557e-11,
      2.171350257607253e-05,
      0.5616707114072135,
      6.123673588605839e-17,
      0.4383075750504509
    ],
    [
      1.1677837179855136e-09,
      0.01779838169233031,
      0.8311799302769179,
      2.727818995747416e-11,
      0.15102168683568956
    ],
    [
      5.1047857058330084e-09,
      8.767138836154099e-07,
      0.4704906228737834,
      7.0249980802574235e-19,
      0.5295084953075471
    ],
    [
      2.3394614187268512e-26,
      5.570349925703915e-05,
      0.9137549687428282,
      2.4481126028858514e-17,
      0.08618932775791423
    ],
    [
      7.526860858255799e-05,
      1.0531521752265838e-06,
      0.2471803149815283,
      7.614196737440704e-16,
      0.7527433632577133
    ],
    [
      8.956291388473095e-20,
      5.931335233656502e-06,
      0.8307173777707063,
      1.3664253336922082e-19,
      0.1692766908940602
    ],
    [
      5.931768402337829e-07,
      1.4481116774593852e-07,
      0.3720180534703812,
      3.222944056406068e-19,
      0.6279812085416109
    ],
    [
      1.0055333198233864e-11,
      3.415905537029318e-07,
      0.6923073564261882,
      5.3703060697767274e-21,
      0.3076923019732026
    ],
    [
      1.51244129215492e-05,
      1.0005730429369843e-06,
      0.2724089146027366,
      1.8429407845117004e-16,
      0.7275749604112988
    ],
    [
      1.90158287821379e-06,
      0.0004468575878170772,
      0.5588682229193424,
      9.974590770579332e-13,
      0.4406830179089647
    ],
    [
      2.7618280527213236e-13,
      4.88955833323824e-06,
      0.6539154848041719,
      6.844785725413471e-19,
      0.34607962563721884
    ],
    [
      1.7559637196731617e-10,
      1.3763380786977664e-05,
      0.5289416203411405,
      4.221206442452653e-17,
      0.4710446161024763
    ],
    [
      0.01954380428466388,
      1.1261461629215851e-08,
      0.105107988749325,
      5.68764122957115e-16,
      0.875348195704549
    ],
    [
      1.9643929692690256e-07,
      3.494621967099486e-05,
      0.4385882103489962,
      5.045103935931379e-15,
      0.561376646992031
    ],
    [
      1.7912829292200901e-09,
      9.283064368926496e-07,
      0.49870045303995264,
      4.639836215633453e-19,
      0.5012986168623276
    ],
    [
      1.3902819079048775e-32,
      1.4483210474191396e-06,
      0.9494699301433129,
      5.460085398415858e-20,
      0.050528621535639945
    ],
    [
      9.150077273175523e-13,
      1.4338899314752212e-05,
      0.6232638551369082,
      8.798975973787032e-18,
      0.3767218059628621
    ],
    [
      0.11452273477828165,
      2.8689390077824903e-11,
      0.042856469815624035,
      3.06519140859392e-17,
      0.8426207953774048
    ],
    [
      1.6178106732782184e-11,
      3.736031791319079e-09,
      0.9609275782358458,
      1.0032891852715991e-25,
      0.03907241801194442
    ],
    [
      3.354793905783538e-09,
      1.1581984681836864e-06,
      0.4751721930109496,
      1.0185488032355403e-18,
      0.5248266454357883
    ],
    [
      2.0074978919346967e-09,
      0.0004486163342660667,
      0.621345800075565,
      5.880062101119418e-14,
      0.3782055815826127
    ],
    [
      1.1593514201627538e-22,
      1.2047293742211983e-06,
      0.898723390425293,
      3.692620597893084e-21,
      0.10127540484533255
    ],
    [
      1.3346580045935273e-17,
      0.000520178532614761,
      0.8241699444702235,
      1.9232997050882774e-15,
      0.1753098769971595
    ],
    [
      1.150166109298185e-24,
      0.0017961243283648037,
      0.9446716371352614,
      2.2319969275469546e-14,
      0.053532238536351875
    ],
    [
      1.4336150700273958e-16,
      1.6151020181702235e-08,
      0.9680066280329718,
      2.6008090403784964e-25,
      0.03199335581600768
    ],
    [
      0.0006486075358686862,
      4.3860633022305957e-07,
      0.20006483661012692,
      1.428022965066713e-15,
      0.7992861172476726
    ],
    [
      4.2572019866527905e-11,
      4.7634399741644264e-05,
      0.57696815267898,
      2.837635450389252e-16,
      0.4229842128787061
    ],
    [
      0.023618410636563135,
      6.449166950347754e-10,
      0.08503013292581253,
      1.5104025201778982e-17,
      0.8913514557927075
    ],
    [
      0.0003861739297116069,
      7.561507375829298e-09,
      0.1980485276263368,
      6.615192538165467e-19,
      0.801565290882444
    ],
    [
      7.862116233665331e-05,
      1.0828941432222895e-09,
      0.4833915940374614,
      3.6677423376389543e-22,
      0.5165297837173074
    ],
    [
      4.143193646628539e-05,
      6.203641622645937e-07,
      0.2473401953739727,
      1.8845358698271322e-16,
      0.7526177523253986
    ],
    [
      1.3830076890308368e-17,
      0.0017858705194340478,
      0.8610217004348518,
      2.117208558784843e-14,
      0.13719242904569323
    ],
    [
      6.063106556711632e-13,
      1.6064375715543172e-07,
      0.8012312096828716,
      3.679711431439302e-22,
      0.19876862967276496
    ],
    [
      0.028789857088661247,
      2.702926219392169e-10,
      0.07968713495963729,
      6.580938699440359e-18,
      0.8915230076814087
    ],
    [
      3.9281460470454414e-13,
      8.518111919417222e-07,
      0.7090903087396888,
      1.5941471500329063e-20,
      0.29090883944872664
    ],
    [
      0.03570041142484619,
      1.9015630579882379e-06,
      0.2116133013246497,
      6.859055583147632e-13,
      0.7526843856867601
    ],
    [
      1.7060510397258454e-15,
      5.912590194200005e-06,
      0.7293877608422238,
      3.594869743614291e-19,
      0.2706063265675805
    ],
    [
      6.699626808365002e-13,
      3.38316893085912e-06,
      0.6459820679396093,
      3.920324020167732e-19,
      0.3540145488907897
    ],
    [
      5.7760069843416035e-06,
      1.6274220574143128e-07,
      0.2905854854159426,
      2.8124003822000958e-18,
      0.7094085758348673
    ],
    [
      1.142197603063759e-12,
      0.00015999185185065055,
      0.6655517593896219,
      1.056338403202041e-15,
      0.3342882487573844
    ],
    [
      2.0347713275285755e-32,
      5.565753885834762e-07,
      0.9539615199954211,
      6.067634635642136e-21,
      0.04603792342919019
    ],
    [
      0.0011825745980897423,
      1.814345229810728e-09,
      0.1834516439261901,
      1.9836551605472897e-19,
      0.8153657796613747
    ],
    [
      0.00013825068291635877,
      5.463639310083901e-09,
      0.26108080043518656,
      6.949996263893223e-20,
      0.738780943418258
    ],
    [
      5.367004470181159e-22,
      0.0002965293256102062,
      0.8840466953021161,
      4.701138545367591e-16,
      0.11565677537227341
    ],
    [
      2.2772164252708468e-20,
      4.364785004867454e-06,
      0.8455808637194765,
      6.649786272340226e-20,
      0.15441477149551874
    ],
    [
      4.08892609045081e-19,
      4.0202226979385456e-08,
      0.9606555920393345,
      1.4252645912443561e-24,
      0.0393443677584388
    ],
    [
      3.6229222030571124e-08,
      4.22452977961945e-05,
      0.46979174582268574,
      3.079952070648381e-15,
      0.5301659726502931
    ],
    [
      0.0003524940084434582,
      2.2568004244672704e-06,
      0.24840334824952448,
      9.430669941632281e-15,
      0.7512419009415982
    ],
    [
      4.19084684053928e-10,
      1.4997037181339495e-06,
      0.5240016210418627,
      6.57376861511616e-19,
      0.4759968788353345
    ],
    [
      2.671275730659015e-13,
      7.615605860589236e-07,
      0.7220703342374781,
      1.113213447878114e-20,
      0.2779289042016689
    ],
    [
      4.4446677176616515e-11,
      6.597909757808091e-08,
      0.7793902366298732,
      1.8603518448712637e-22,
      0.220609697346582
    ],
    [
      7.317041371585548e-09,
      7.697843915080114e-10,
      0.9649904373497774,
      2.81454706053536e-26,
      0.035009554563397056
    ],
    [
      7.469422576727467e-16,
      0.00040692969554394784,
      0.7801462597868369,
      1.7663011838571294e-15,
      0.2194468105176164
    ],
    [
      0.00041805187313474323,
      6.94914475535952e-09,
      0.19662296951516928,
      6.246273173593285e-19,
      0.802958971662551
    ],
    [
      4.2676460955643526e-09,
      2.8483422186186614e-07,
      0.5231413695847611,
      5.370874701987871e-20,
      0.47685834131337096
    ],
    [
      7.987505146894012e-15,
      1.9950860191776895e-05,
      0.6964271509827007,
      6.130704735228055e-18,
      0.30355289815709985
    ],
    [
      0.0011767861704337352,
      6.026692961122323e-05,
      0.3949979526582308,
      2.565567075703487e-12,
      0.6037649942391583
    ],
    [
      1.4653058310809043e-07,
      7.683289183700794e-08,
      0.4652602135039274,
      2.5750127941274676e-20,
      0.5347395631325977
    ],
    [
      1.7197568484476122e-11,
      0.0011110035394337756,
      0.7200970135064138,
      7.197169902994415e-14,
      0.278791982936883
    ],
    [
      3.2072446034561086e-12,
      2.5369251245893866e-06,
      0.6227554598705823,
      3.32222650944035e-19,
      0.3772420032010861
    ],
    [
      7.465102170992848e-05,
      6.493185112956089e-08,
      0.22397255625040402,
      5.849742586392604e-18,
      0.775952727796035
    ],
    [
      3.214079308419525e-10,
      0.0005190603758001731,
      0.6492613079241052,
      4.1769784910234384e-14,
      0.3502196313786449
    ],
    [
      5.547236095086619e-14,
      2.023852928536124e-06,
      0.7066765128907457,
      6.811043768158538e-20,
      0.29332146325627034
    ],
    [
      5.058880901312501e-22,
      4.813014344223183e-07,
      0.9149732929315796,
      4.421310043983979e-22,
      0.08502622576698622
    ],
    [
      0.04104061484659666,
      1.202497570243341e-07,
      0.13335603423607112,
      3.2326113415862414e-14,
      0.8256032306675428
    ],
    [
      1.640025746988633e-15,
      2.863848415265864e-06,
      0.7480320156701319,
      7.329912982358435e-20,
      0.25196512048145153
    ],
    [
      1.257528169677723e-15,
      1.2052625932036665e-10,
      0.999636709805545,
      1.0365450008264284e-30,
      0.000363290073928361
    ],
    [
      2.8900685126501213e-16,
      4.118300624903538e-07,
      0.8463962155675682,
      6.803307051798026e-22,
      0.15360337260236903
    ],
    [
      2.364666538361454e-20,
      1.9826195107700225e-06,
      0.8618490693455536,
      1.1494982444111343e-20,
      0.13814894803493558
    ],
    [
      1.9302412659729053e-08,
      1.7625308997940367e-07,
      0.4961215654239695,
      4.380902997402311e-20,
      0.5038782390205279
    ],
    [
      3.2170744621583765e-05,
      4.82619776807159e-07,
      0.24879023754856627,
      9.797552652415486e-17,
      0.7511771090870354
    ],
    [
      4.4892692952043733e-07,
      7.127835767331472e-07,
      0.34846742303311196,
      7.067620201584422e-18,
      0.6515314152563818
    ],
    [
      8.028374647270753e-38,
      0.00043994036294719237,
      0.9910098288021985,
      8.946158061497295e-14,
      0.008550230834765133
    ],
    [
      7.724419884749687e-16,
      0.007901038236813936,
      0.8807667398968199,
      4.955311748836279e-13,
      0.11133222186586976
    ],
    [
      2.0243800750652213e-07,
      3.559994803958005e-08,
      0.5126875481562053,
      5.178477162053477e-21,
      0.4873122138058394
    ],
    [
      2.4888084555446905e-10,
      0.0004054333711822273,
      0.6390728792295635,
      2.4926431691383127e-14,
      0.3605216871503488
    ],
    [
      6.798760409356644e-06,
      3.418519503744509e-08,
      0.3299982237184478,
      1.1846692226214055e-19,
      0.6699949433359479
    ],
    [
      1.1188467352102465e-05,
      1.29982323133215e-07,
      0.2732803038605313,
      3.2914222015246314e-18,
      0.7267083776897938
    ],
    [
      1.5726326449859824e-10,
      7.249203805581652e-05,
      0.5698461687186002,
      9.521494560287926e-16,
      0.43008133908607965
    ],
    [
      9.136239968505288e-37,
      1.0786309988562097e-07,
      0.9712321865837777,
      9.609866951183446e-22,
      0.02876770555312231
    ],
    [
      0.11784499338872431,
      4.965159276258532e-12,
      0.03754616099234839,
      6.577311798231674e-18,
      0.844608845613962
    ],
    [
      3.1731750249237568e-06,
      2.7743973177119114e-08,
      0.3814810328389,
      3.3509065197032606e-20,
      0.6185157662421017
    ],
    [
      3.465809723921618e-05,
      2.787863794024141e-07,
      0.24263881308346844,
      3.974769046176089e-17,
      0.7573262500329131
    ],
    [
      1.5965710210940839e-15,
      9.141400936702577e-07,
      0.7915269838698831,
      5.6028680307695204e-21,
      0.2084721019900218
    ],
    [
      0.0032437617787261512,
      4.2670835180138724e-08,
      0.14334458398414124,
      2.700203970685791e-16,
      0.853411611566297
    ],
    [
      1.1332063001569162e-06,
      1.0897917108053345e-05,
      0.37086031914474155,
      1.82825846993761e-15,
      0.6291276497318483
    ],
    [
      6.55373125132031e-31,
      9.845891881940557e-07,
      0.9455078301731549,
      1.2755084871889345e-20,
      0.05449118523765727
    ],
    [
      0.0020351552485982005,
      5.402172103025741e-10,
      0.19915136095863353,
      3.4389388375317954e-20,
      0.798813483252551
    ],
    [
      1.4595216652906563e-36,
      3.13432711644702e-08,
      0.9788489276936212,
      5.070095075494582e-23,
      0.021151040963107492
    ],
    [
      0.04172197579443888,
      6.009627243063516e-09,
      0.08934101118755719,
      9.469403334703136e-16,
      0.868937007008376
    ],
    [
      1.906416597013107e-23,
      0.0001672978464137627,
      0.8937967278649606,
      1.5982281837657587e-16,
      0.10603597428862561
    ],
    [
      6.9265007911166625e-15,
      1.1450305072423887e-06,
      0.7620538021756883,
      1.2219007252520598e-20,
      0.23794505279379718
    ],
    [
      0.000152213954760349,
      1.018846774466174e-07,
      0.20578355609823482,
      2.9005798814291197e-17,
      0.7940641280623271
    ],
    [
      0.0262080421799226,
      2.684074812267394e-16,
      0.006870978057358585,
      8.542400549549851e-14,
      0.9669209797626331
    ],
    [
      1.1606830631308854e-07,
      0.00030657078973571415,
      0.5572525872510069,
      1.4932518323532826e-13,
      0.442440725890802
    ],
    [
      8.680545922164911e-28,
      0.0011452621514790075,
      0.9608572661909385,
      1.656765507029673e-14,
      0.037997471657565556
    ],
    [
      2.169877545923941e-07,
      7.454908542973467e-07,
      0.36748267401644485,
      4.711853520659216e-18,
      0.6325163635049461
    ],
    [
      3.766775308348776e-25,
      0.001885581247558673,
      0.9490954043254336,
      2.648263445353457e-14,
      0.04901901442698153
    ],
    [
      1.3718532466361503e-22,
      1.4539715711744792e-05,
      0.8655711733911408,
      8.977612991129968e-19,
      0.13441428689314755
    ],
    [
      0.0001705321624964308,
      1.3331105808838848e-08,
      0.2185724150425204,
      6.803484132546407e-19,
      0.7812570394638775
    ],
    [
      6.743395224151621e-12,
      8.631994146173619e-05,
      0.6214089905262351,
      5.118812841051761e-16,
      0.37850468952555905
    ],
    [
      6.336233095083459e-11,
      2.845742600995611e-05,
      0.5585265313499281,
      1.2059565253855525e-16,
      0.44144501116069973
    ],
    [
      8.618350732780282e-12,
      9.126974712386442e-07,
      0.6399447202268285,
      4.8234950466757756e-20,
      0.3600543670670819
    ],
    [
      2.661878122967865e-27,
      0.00062399879805859,
      0.9504671253163189,
      4.3343436589823295e-15,
      0.04890887588561799
    ],
    [
      8.346377918445636e-35,
      0.0014256837543101077,
      0.988943622823886,
      2.593256631111526e-13,
      0.009630693421544712
    ],
    [
      1.3249400693743178e-09,
      5.36990077052254e-07,
      0.5287467942660917,
      1.2062669389364063e-19,
      0.4712526674188911
    ],
    [
      1.2602698031305035e-12,
      0.00011053999114841721,
      0.6523091682163685,
      5.346728868625607e-16,
      0.3475802917912222
    ],
    [
      1.2097274509902884e-08,
      1.775181532951738e-05,
      0.4579962611023487,
      3.944869877112865e-16,
      0.5419859749850467
    ],
    [
      1.1804568511709755e-06,
      4.032016734268851e-08,
      0.408344424026935,
      3.1707526411765406e-20,
      0.5916543551960466
    ],
    [
      2.7509317499203774e-13,
      0.00016396785948742036,
      0.684598869965391,
      8.076552249061472e-16,
      0.3152371621748455
    ],
    [
      1.3924226067073104e-19,
      6.4157912738731966e-06,
      0.8261300550556352,
      1.6533598566443849e-19,
      0.1738635291530907
    ],
    [
      9.95404273194659e-19,
      2.2298171300269665e-06,
      0.8329903824366762,
      1.7864807121643324e-20,
      0.16700738774619367
    ],
    [
      0.00010646782471538665,
      1.1696444302634425e-06,
      0.24459689102107368,
      1.2154679459859387e-15,
      0.7552954715097796
    ],
    [
      5.388894127041759e-18,
      2.3710135710448733e-06,
      0.8170485245367349,
      2.338457902965743e-20,
      0.182949104449694
    ],
    [
      1.8487306168506329e-10,
      3.7378574557531916e-06,
      0.5266956032046326,
      3.1610367021618016e-18,
      0.47330065875303856
    ],
    [
      1.1491548947191309e-23,
      0.00010718452918510555,
      0.8905768873427774,
      6.514120283382984e-17,
      0.10931592812803771
    ],
    [
      1.707968637067191e-15,
      3.404735614390758e-05,
      0.7188791030611025,
      1.4250563421521226e-17,
      0.28108684958275226
    ],
    [
      3.3110676637069575e-09,
      9.360440977614297e-08,
      0.6129872986449034,
      3.426401788291546e-21,
      0.38701260443961905
    ],
    [
      6.239037949413903e-19,
      1.2222065328934276e-06,
      0.8540980133465347,
      4.4636826884040774e-21,
      0.14590076444693217
    ],
    [
      2.122375503642428e-24,
      1.1390338346220533e-05,
      0.8880202378190127,
      6.164476194458385e-19,
      0.11196837184264072
    ],
    [
      7.73757666716405e-17,
      5.4904439664362997e-05,
      0.7594750496899244,
      2.5281488988714833e-17,
      0.24047004587041118
    ],
    [
      2.3725703456188975e-13,
      1.9703320535043106e-05,
      0.6460934803356706,
      1.2027536529013141e-17,
      0.35388681634355734
    ],
    [
      1.2529383730622576e-11,
      1.0828017742685225e-06,
      0.6233203061794984,
      8.051526536041465e-20,
      0.3766786110061981
    ],
    [
      2.7502802014849144e-05,
      4.82320265804315e-10,
      0.7377659337023973,
      7.602947919038652e-24,
      0.2622065630132676
    ],
    [
      0.0031398578749603835,
      5.9243168610185935e-06,
      0.2687221053673889,
      2.521568265649806e-13,
      0.7281321124405373
    ],
    [
      7.2593237460271e-23,
      1.0373880776603912e-06,
      0.9035873938782218,
      2.6599596336635586e-21,
      0.0964115687337008
    ],
    [
      1.1175342507828112e-16,
      2.1411793870303947e-06,
      0.7900015932899805,
      2.582570838385338e-20,
      0.2099962655306322
    ],
    [
      7.496472447755559e-10,
      0.00016073266302242905,
      0.5802458888468865,
      6.881366747398612e-15,
      0.419593377740437
    ],
    [
      0.9999631141900787,
      1.2863072348600839e-08,
      9.520411319002943e-08,
      3.6777726154271056e-05,
      1.6581976612273185e-11
    ],
    [
      0.9985524579033027,
      9.038754637960536e-09,
      0.0007471336726688135,
      1.4061713523491019e-09,
      0.0007003979791027646
    ],
    [
      0.9616649889690551,
      8.112886596639394e-08,
      9.713960630131654e-13,
      0.038334929901107546,
      6.250222486038899e-23
    ],
    [
      0.9999951757646455,
      9.983940826150163e-09,
      3.625841748764439e-06,
      1.1561492029788664e-06,
      3.2260461889072116e-08
    ],
    [
      0.9468377662634473,
      8.756473662291334e-07,
      2.0674292684659753e-12,
      0.053161358087118804,
      1.0115371464450642e-22
    ],
    [
      0.9999923292888769,
      1.826568658021723e-08,
      6.808908486626297e-07,
      6.9706740905410015e-06,
      8.804975564266587e-10
    ],
    [
      0.9944281821363654,
      9.199257513235475e-07,
      3.03395536481408e-10,
      0.005570897634487729,
      8.596211794667159e-18
    ],
    [
      0.5651471028204693,
      3.5485106442629587e-10,
      1.5613310458591158e-17,
      0.4348528968246797,
      2.9416152495607632e-33
    ],
    [
      0.9785450904323129,
      1.3487935845520136e-07,
      5.2949757817853045e-12,
      0.021454774683033882,
      2.433712886390946e-21
    ],
    [
      0.9997866441093216,
      0.00013142773782861416,
      4.7693372679552846e-05,
      3.419370051230285e-05,
      4.107965844527291e-08
    ],
    [
      0.9995891396671596,
      1.3274986439312351e-08,
      0.00029206334092026886,
      6.5277497844179375e-09,
      0.00011877718918436028
    ],
    [
      0.9999062988240457,
      4.38997191003392e-09,
      2.7532607119817002e-08,
      9.366925173363177e-05,
      1.641489565550132e-12
    ],
    [
      0.9999033599011009,
      6.928627357341404e-08,
      4.489152601584615e-08,
      9.65259193462469e-05,
      1.7531362746053117e-12
    ],
    [
      0.9999956862516519,
      4.497335823681156e-09,
      1.2393584110780144e-06,
      3.065104453269083e-06,
      4.788147917384434e-09
    ],
    [
      0.999448216441744,
      0.00010541339209436155,
      0.0004390859045720852,
      3.897833285457497e-06,
      3.386428304204126e-06
    ],
    [
      0.9996382794206491,
      1.5070885048644312e-06,
      3.995284238891956e-08,
      0.0003601735377120588,
      2.9170932073336917e-13
    ],
    [
      0.9999380904394451,
      8.707321645828698e-09,
      5.524727933890059e-05,
      4.8228322123489956e-08,
      6.6053455721770865e-06
    ],
    [
      0.9999880543146341,
      1.610152670757195e-07,
      9.523278458711935e-07,
      1.0831638985783087e-05,
      7.032673666762539e-10
    ],
    [
      0.9999699963159904,
      8.60201099595516e-09,
      1.1483131180521727e-07,
      2.9880222545026148e-05,
      2.8141941910214206e-11
    ],
    [
      0.9998782258506574,
      1.948206466939124e-06,
      2.2531089996763594e-07,
      0.00011960062210622087,
      9.869260616993024e-12
    ],
    [
      0.558387769778632,
      8.850069677593183e-08,
      0.06772677278489014,
      2.7580457384494736e-12,
      0.373885368933023
    ],
    [
      0.12319918136128417,
      1.7862907513984508e-13,
      0.02750618286965927,
      1.1702533455060277e-18,
      0.8492946357688778
    ],
    [
      0.9992893789634226,
      5.44294229991098e-08,
      0.0005186174159784991,
      6.842124207905924e-09,
      0.00019194234905161968
    ],
    [
      0.11784444119779655,
      1.1399614789065707e-13,
      0.028589432831064774,
      5.725674125962494e-19,
      0.8535661259710247
    ],
    [
      0.9609914612342312,
      2.6595749093182986e-08,
      6.186231498609319e-13,
      0.039008512169401356,
      3.569714631080778e-23
    ],
    [
      0.3372737133871622,
      7.263919054410184e-10,
      4.2473874589967213e-23,
      0.6627262858864458,
      1.0579935574394353e-46
    ],
    [
      0.9656018916976613,
      6.127497579855803e-07,
      4.62636222817204e-12,
      0.034397495547954314,
      7.984128882201036e-22
    ],
    [
      0.9987079123574774,
      0.0010142387491587836,
      0.0002155302075553723,
      6.211030556038608e-05,
      2.08380248321542e-07
    ],
    [
      0.9991708618649526,
      1.7527242324803459e-09,
      0.0004095932628190699,
      1.7000488264471826e-09,
      0.00041954141945533516
    ],
    [
      0.89966186863845,
      2.4035422873368025e-06,
      9.53053809655835e-13,
      0.10033572781830975,
      9.048166615663419e-24
    ],
    [
      0.10306718164347163,
      0.00012315696767854948,
      3.5452478996440886e-15,
      0.8968096613888462,
      1.9021559267941333e-30
    ],
    [
      0.9884892078452554,
      1.0395188436451864e-09,
      0.002341875034194333,
      7.354940250597899e-11,
      0.009168916007482078
    ],
    [
      0.0975122866208664,
      3.8946384153558115e-06,
      8.382484331775534e-19,
      0.9024838187407181,
      4.4559183333275123e-38
    ],
    [
      0.9986183511126072,
      8.078951932599398e-05,
      2.2094674323730414e-07,
      0.0013006384204166308,
      9.07346300989461e-13
    ],
    [
      0.5219468700535709,
      4.4576951346174306e-09,
      1.4215662136498493e-18,
      0.47805312548873424,
      4.753019844743542e-36
    ],
    [
      0.9999060941962122,
      2.7274232563617723e-07,
      8.829424856857428e-08,
      9.354476331374648e-05,
      3.899810052297147e-12
    ],
    [
      0.9926801000911023,
      5.330709995559711e-06,
      7.915420538627799e-10,
      0.007314568407359828,
      2.5303040726578297e-17
    ],
    [
      0.8659592527852407,
      1.2309799300839575e-07,
      2.6060331605947287e-14,
      0.13404062411673956,
      1.1347688880063613e-26
    ],
    [
      0.9999487325390907,
      1.796236427585509e-06,
      6.818038703210668e-07,
      4.878931716867469e-05,
      1.0344285225464736e-10
    ],
    [
      0.9999456174644217,
      5.224199620686611e-10,
      4.4438087706687565e-05,
      3.8913832270135436e-08,
      9.905011619290295e-06
    ],
    [
      0.16201088375896894,
      6.965527963830816e-06,
      2.8703756387099716e-17,
      0.837982150713067,
      1.3813938752496067e-34
    ],
    [
      0.9999958140352005,
      5.9261382476156434e-09,
      1.4260611210845467e-06,
      2.7481227401552225e-06,
      5.85479991877724e-09
    ],
    [
      0.6274572802674756,
      1.2410509805077677e-09,
      0.02783065278285084,
      2.367885378147211e-13,
      0.3447120657083858
    ],
    [
      0.9837214145387194,
      9.527329876590478e-09,
      0.004241689953082334,
      9.499031039860208e-11,
      0.01203688588587843
    ],
    [
      0.007151527622993019,
      1.890047265083091e-09,
      0.11402129824703161,
      6.756075848255315e-18,
      0.8788271722399281
    ],
    [
      0.9974248039527958,
      2.48638983203394e-05,
      2.233808438639574e-08,
      0.002550309810784845,
      1.4573721794902545e-14
    ],
    [
      0.9990511709988676,
      3.148690383713528e-05,
      0.0008916255621896458,
      6.318542766484813e-07,
      2.5084680828557305e-05
    ],
    [
      0.831447926476669,
      5.141723972738142e-06,
      4.618315597287136e-13,
      0.16854693179889596,
      1.0278214605319013e-24
    ],
    [
      0.9959852302254841,
      1.722607604370892e-11,
      0.00076283609640899,
      6.800857178502681e-10,
      0.0032519329807949708
    ],
    [
      0.6485985280891683,
      8.628698730556232e-11,
      1.957459256191398e-15,
      0.3514014718245428,
      2.256344139847598e-28
    ],
    [
      0.9979328554378948,
      7.52874714095807e-06,
      1.0000385516032923e-08,
      0.002059605814573116,
      5.5319830288747434e-15
    ],
    [
      0.7218231254542756,
      1.5400887610773478e-09,
      0.023152120516803504,
      5.673012218683267e-13,
      0.2550247524882649
    ],
    [
      0.5275054204108766,
      2.0928632052289975e-12,
      0.012461231660481712,
      5.2743953633422307e-14,
      0.4600333479264961
    ],
    [
      0.41125933585772,
      2.3985745278197965e-08,
      2.668238701152721e-19,
      0.5887406401565349,
      4.181381186029943e-38
    ],
    [
      0.9999932577932306,
      9.333327588639451e-08,
      4.679670650180832e-06,
      1.9470215412811576e-06,
      2.218130182741859e-08
    ],
    [
      0.30652660307442603,
      4.82082927558525e-09,
      1.846903218273966e-22,
      0.6934733921047443,
      1.741810791967042e-45
    ],
    [
      0.5244667397071004,
      1.8971117306191245e-06,
      1.2053598915431973e-15,
      0.4755313631811675,
      1.8266297772477695e-30
    ],
    [
      0.9999961872786726,
      2.672767233910472e-09,
      1.8418452072878689e-06,
      1.9557681985512897e-06,
      1.243515466144873e-08
    ],
    [
      0.9946832829970021,
      5.2648973955067705e-09,
      5.278684048418763e-11,
      0.005316711685313805,
      1.5663170351416166e-18
    ],
    [
      0.9994796144751364,
      1.8860226495417364e-05,
      2.0765575418586317e-07,
      0.0005013176405126075,
      2.1017113122275158e-12
    ],
    [
      0.8478297703399769,
      2.2172769592238305e-06,
      2.41460659726082e-13,
      0.15216801238282215,
      3.915415297639741e-25
    ],
    [
      0.9943796518266597,
      1.4121003113807053e-08,
      4.6940242322939705e-11,
      0.005620334005396935,
      8.93973637699498e-19
    ],
    [
      0.9997911834227183,
      4.368085673550305e-09,
      9.65771542715259e-09,
      0.00020880255130953276,
      1.7102491674658034e-13
    ],
    [
      0.9925660956609472,
      3.2181792871899687e-09,
      2.975523126827975e-11,
      0.007433901091118306,
      4.824465421164514e-19
    ],
    [
      0.14358945809538357,
      1.8235618997634904e-11,
      0.03689590782479738,
      5.1811888105429806e-17,
      0.8195146340615833
    ],
    [
      0.9746114495592672,
      8.337103306330588e-07,
      1.2116619616369812e-11,
      0.025387716718285894,
      6.1054180142045146e-21
    ],
    [
      0.9997691220155599,
      1.0323099123056607e-07,
      1.59490129683723e-08,
      0.00023075880427568516,
      1.6031572761894487e-13
    ],
    [
      0.9998350314080864,
      1.7298282505842636e-06,
      0.00015813498317332,
      3.2188013413614634e-07,
      4.781900355537672e-06
    ],
    [
      0.9943569279661917,
      3.2513138246488704e-08,
      5.37346381630289e-11,
      0.0056430394669356315,
      8.941193320697182e-19
    ],
    [
      0.997136234633817,
      8.427567437956527e-11,
