{
  "dataset": "aniso",
  "algorithm": "gmm",
  "params": {
    "n_components": 6,
    "covariance_type": "tied"
  },
  "labels": [
    5,
    5,
    5,
    2,
    5,
    5,
    5,
    4,
    4,
    5,
    2,
    5,
    5,
    4,
    5,
    4,
    5,
    2,
    5,
    4,
    5,
    5,
    4,
    5,
    5,
    5,
    4,
    5,
    4,
    5,
    5,
    4,
    5,
    5,
    5,
    5,
    5,
    4,
    5,
    5,
    5,
    2,
    4,
    5,
    5,
    5,
    5,
    5,
    5,
    5,
    4,
    5,
    5,
    2,
    5,
    4,
    5,
    5,
    5,
    5,
    5,
    2,
    5,
    4,
    5,
    4,
    4,
    4,
    4,
    2,
    5,
    4,
    5,
    4,
    5,
    5,
    5,
    5,
    2,
    4,
    4,
    2,
    5,
    5,
    5,
    4,
    5,
    5,
    5,
    5,
    5,
    4,
    5,
    5,
    5,
    5,
    5,
    5,
    4,
    5,
    5,
    5,
    4,
    5,
    5,
    5,
    5,
    5,
    4,
    5,
    2,
    5,
    5,
    5,
    4,
    4,
    5,
    2,
    4,
    4,
    4,
    5,
    4,
    5,
    2,
    4,
    2,
    4,
    2,
    5,
    4,
    4,
    5,
    2,
    5,
    2,
    2,
    4,
    5,
    5,
    5,
    2,
    2,
    5,
    5,
    5,
    5,
    5,
    5,
    5,
    4,
    5,
    5,
    2,
    5,
    5,
    5,
    2,
    5,
    5,
    5,
    4,
    4,
    5,
    5,
    5,
    0,
    4,
    0,
    0,
    0,
    0,
    0,
    3,
    0,
    0,
    4,
    0,
    0,
    0,
    0,
    0,
    0,
    0,
    0,
    0,
    4,
    4,
    4,
    4,
    0,
    3,
    0,
    0,
    4,
    0,
    3,
    4,
    3,
    0,
    3,
    0,
    0,
    0,
    0,
    4,
    3,
    0,
    4,
    4,
    4,
    0,
    0,
    3,
    4,
    0,
    0,
    4,
    4,
    3,
    0,
    3,
    3,
    0,
    0,
    0,
    0,
    0,
    0,
    0,
    4,
    0,
    0,
    0,
    0,
    0,
    3,
    4,
    0,
    4,
    0,
    3,
    0,
    0,
    4,
    0,
    0,
    4,
    0,
    0,
    0,
    3,
    0,
    0,
    0,
    0,
    0,
    0,
    0,
    0,
    3,
    0,
    0,
    3,
    0,
    0,
    0,
    0,
    0,
    4,
    4,
    0,
    3,
    0,
    0,
    0,
    4,
    0,
    0,
    0,
    0,
    4,
    4,
    3,
    3,
    0,
    0,
    4,
    0,
    3,
    0,
    0,
    0,
    0,
    4,
    0,
    0,
    4,
    0,
    0,
    4,
    0,
    0,
    0,
    3,
    0,
    0,
    4,
    0,
    0,
    0,
    4,
    4,
    0,
    0,
    3,
    0,
    0,
    0,
    0,
    0,
    0,
    0,
    3,
    0,
    4,
    0,
    4,
    0,
    0,
    0,
    0,
    1,
    1,
    2,
    1,
    1,
    1,
    1,
    1,
    1,
    1,
    1,
    1,
    1,
    1,
    1,
    1,
    1,
    1,
    1,
    1,
    1,
    1,
    2,
    1,
    1,
    1,
    1,
    1,
    1,
    1,
    1,
    1,
    1,
    1,
    1,
    1,
    1,
    3,
    1,
    1,
    1,
    1,
    1,
    1,
    1,
    1,
    1,
    1,
    1,
    3,
    1,
    1,
    1,
    1,
    1,
    1,
    1,
    1,
    1,
    1,
    1,
    1,
    1,
    1,
    1,
    1,
    1,
    1,
    1,
    1,
    1,
    1,
    1,
    1,
    1,
    1,
    1,
    1,
    1,
    3,
    1,
    1,
    1,
    1,
    1,
    1,
    1,
    1,
    1,
    1,
    1,
    1,
    1,
    1,
    1,
    1,
    1,
    1,
    1,
    3,
    1,
    1,
    1,
    1,
    1,
    1,
    1,
    1,
    3,
    1,
    1,
    1,
    1,
    1,
    1,
    1,
    1,
    1,
    1,
    1,
    1,
    1,
    1,
    1,
    1,
    1,
    1,
    1,
    1,
    1,
    1,
    1,
    1,
    1,
    1,
    1,
    1,
    1,
    1,
    1,
    1,
    1,
    1,
    1,
    1,
    1,
    1,
    1,
    1,
    1,
    1,
    1,
    1,
    1,
    1,
    1,
    1,
    1,
    1,
    1,
    1,
    1,
    1,
    1,
    1,
    1
  ],
  "means": [
    {
      "x": -2.0839973257089013,
      "y": -2.1742947633965466
    },
    {
      "x": 2.9881555741023096,
      "y": -2.954723114145995
    },
    {
      "x": 5.0666074123441565,
      "y": 1.4497086003283075
    },
    {
      "x": -1.4362586047055237,
      "y": -5.382687860599118
    },
    {
      "x": -1.1151553508614473,
      "y": 1.53586609624097
    },
    {
      "x": 2.2555116969150695,
      "y": 2.0842564826006154
    }
  ],
  "probabilities": [
    [
      1.6324938595939282e-06,
      5.214630446341995e-07,
      0.009915208095759827,
      3.5704173303981154e-12,
      3.6410651472687325e-05,
      0.990046227292293
    ],
    [
      3.379089450987876e-08,
      4.978077880520894e-10,
      0.0013913007773815943,
      8.158371637291119e-16,
      6.913172987009284e-05,
      0.9985395332040453
    ],
    [
      0.00012958165210012838,
      1.2760140831104125e-09,
      2.5954360125178402e-05,
      4.3717749592069044e-12,
      0.013590500412223533,
      0.9862539622951652
    ],
    [
      3.931005471763536e-11,
      5.310201488637844e-06,
      0.9374867995418865,
      3.413064860756405e-15,
      8.409471153087171e-10,
      0.06250788937636441
    ],
    [
      0.00010072800621925253,
      2.6806874700731226e-12,
      6.534950140420251e-07,
      6.323910757390803e-14,
      0.18798753831384082,
      0.8119110801821817
    ],
    [
      0.0006984207454682522,
      5.021009626360214e-10,
      5.643120645067142e-06,
      1.2305859334672573e-11,
      0.06572471506226632,
      0.9335712205572133
    ],
    [
      0.00017282769306971275,
      0.0003765948134821032,
      0.03624808467719917,
      2.6270488984320428e-08,
      3.897599405669278e-05,
      0.9631634905517036
    ],
    [
      0.0005987625559019436,
      5.6555321280773876e-18,
      8.810200758459889e-14,
      6.2837927525803536e-15,
      0.9989271549255081,
      0.000474082518495749
    ],
    [
      0.0002532773524915506,
      4.919891472268423e-15,
      7.812684803986316e-10,
      1.1954503000139978e-14,
      0.940520003301157,
      0.05922671856506614
    ],
    [
      0.026909898625785016,
      5.883483369717068e-10,
      4.5933438722867126e-07,
      6.843886603616961e-10,
      0.47358789945986846,
      0.49950174130722236
    ],
    [
      1.7856342217954144e-10,
      0.00010792979118813384,
      0.9755713474532989,
      1.987754606979333e-13,
      2.717182144490237e-10,
      0.02432072230503242
    ],
    [
      0.0002007080550384452,
      7.204311777090384e-06,
      0.0033504343808146825,
      2.1168091845392867e-09,
      0.0002957350606489631,
      0.9961459160749119
    ],
    [
      0.0003307398758629835,
      1.1615184512040173e-11,
      7.880354526424762e-07,
      5.379053176933141e-13,
      0.20863346797057175,
      0.7910350041059598
    ],
    [
      0.00015599869412772767,
      3.3019501399467436e-16,
      6.768710820209034e-11,
      2.5795811604876346e-15,
      0.9814197869369847,
      0.018424214301197464
    ],
    [
      0.0009474427705146862,
      5.2595188516502295e-11,
      1.0750444853265202e-06,
      4.070535048549768e-12,
      0.21000543736411695,
      0.7890460447642172
    ],
    [
      6.0930958616040195e-06,
      3.632795504904112e-16,
      5.1234600317699675e-09,
      2.3449210854577205e-17,
      0.7521734952732368,
      0.24782040650744103
    ],
    [
      0.00016453889195958707,
      5.615539752408411e-07,
      0.0008320980803874147,
      3.1779965130039686e-10,
      0.0008762255978066766,
      0.9981265755580716
    ],
    [
      7.96085979552234e-07,
      0.0009358720286876994,
      0.5588830759630327,
      4.4336468491737716e-10,
      3.228582643624777e-07,
      0.44017993262067057
    ],
    [
      0.00022885950243309368,
      0.00035615071945337807,
      0.03024814876754234,
      3.3044087319698814e-08,
      4.8907026653408035e-05,
      0.9691179009398306
    ],
    [
      0.00017182054023231043,
      4.808746247476299e-17,
      6.235338139732905e-12,
      1.7188575351721866e-15,
      0.9945361173541082,
      0.0052920620994226005
    ],
    [
      2.2455441234190405e-07,
      9.201335475867611e-07,
      0.039921889522426,
      7.866045092843797e-13,
      6.8092300760211295e-06,
      0.9600701565587512
    ],
    [
      7.468094672724038e-05,
      5.151820801525099e-09,
      8.059779454348282e-05,
      6.490440328017091e-12,
      0.004778170856353891,
      0.9950665452440643
    ],
    [
      0.0017571502852956281,
      1.007339230546544e-15,
      8.598448163518746e-12,
      1.4003664490024562e-13,
      0.9939315208137424,
      0.004311328892222799
    ],
    [
      3.342625876725737e-05,
      1.969603036267254e-13,
      2.294908765996727e-07,
      4.11783061752079e-15,
      0.2780867440685398,
      0.721879600181615
    ],
    [
      7.137135346642134e-05,
      0.00042665017801636374,
      0.06175509085827159,
      1.2386138186402721e-08,
      1.9429304783408116e-05,
      0.9377274459193239
    ],
    [
      6.941356435373931e-06,
      3.890769997920497e-07,
      0.003795111105334512,
      1.1796621480033965e-11,
      0.0001152504709346812,
      0.9960823079784991
    ],
    [
      0.00015107410455059245,
      1.5516233401722318e-13,
      5.171670997741805e-08,
      2.118225127931326e-14,
      0.5811839087141407,
      0.4186649654644226
    ],
    [
      9.851027942131939e-09,
      2.5982057687136495e-07,
      0.09899899734402769,
      1.7310850289401804e-14,
      1.3484973195290561e-06,
      0.9009993844870309
    ],
    [
      0.0017002192956972941,
      3.043032080201403e-12,
      6.631089646160143e-08,
      1.7890455867244459e-12,
      0.6505566992331832,
      0.34774301515539097
    ],
    [
      5.642180175176997e-07,
      4.631805115360023e-10,
      0.00028501791462250305,
      1.1707735139016808e-14,
      0.0005077674273921439,
      0.9992066499767757
    ],
    [
      0.00044343827588780115,
      1.0385821715444715e-10,
      2.7628029126522865e-06,
      2.8383425375806227e-12,
      0.09911106401077807,
      0.9004427348037246
    ],
    [
      0.015511609108241486,
      9.37247055374075e-12,
      1.559001176746431e-08,
      5.762313674014073e-11,
      0.8482248401355386,
      0.1362635350992125
    ],
    [
      1.7616531246243596e-08,
      4.919376233637929e-09,
      0.007624451443365352,
      2.018052111967057e-15,
      1.45870370692252e-05,
      0.9923609389836556
    ],
    [
      5.379913452931496e-06,
      1.1072247552244526e-11,
      9.049132520818857e-06,
      8.575174377106972e-15,
      0.01443805961919427,
      0.9855475113237512
    ],
    [
      8.927134339460984e-06,
      1.9822894556336963e-06,
      0.00859094295473119,
      4.4712196778766753e-11,
      6.268585439615083e-05,
      0.9913354617223653
    ],
    [
      1.70758776214054e-07,
      3.6388702939164114e-11,
      0.0001225703680329848,
      6.773962390014572e-16,
      0.0007480064446834819,
      0.999129252392118
    ],
    [
      1.5675593392063737e-06,
      9.190152951249739e-13,
      4.081966285613387e-06,
      4.979846796813707e-16,
      0.02008681579866042,
      0.9799075346747954
    ],
    [
      1.0772613625669535e-06,
      2.569523576258107e-28,
      4.2294593247351827e-22,
      5.040790608006862e-22,
      0.9999988614140917,
      6.132454617792071e-08
    ],
    [
      2.3268742293664457e-05,
      3.09342705470646e-08,
      0.00044081343416235735,
      6.967639434713733e-12,
      0.0009015993353806873,
      0.9986342875469251
    ],
    [
      0.0004809178513280851,
      0.00014746073992442924,
      0.012185192172087465,
      3.7077901658385575e-08,
      0.00012692413457260633,
      0.987059468024186
    ],
    [
      4.0333703154064103e-05,
      7.483265588507835e-11,
      9.165660947762612e-06,
      2.1510986743571182e-13,
      0.023307979538414257,
      0.9766425210224362
    ],
    [
      1.4617864066057134e-10,
      0.000268012291778594,
      0.9871744862936569,
      4.565653904979575e-13,
      9.108538764141497e-11,
      0.012557501176843594
    ],
    [
      0.002674673767426198,
      1.3845321804258315e-11,
      1.6522888603675936e-07,
      6.378716379143451e-12,
      0.5372048316557513,
      0.4601203293277121
    ],
    [
      5.596390040918478e-08,
      1.849861954703598e-06,
      0.11886576096008986,
      3.4704940156449e-13,
      1.7325573695988184e-06,
      0.8811306006563384
    ],
    [
      0.00013522325481367362,
      1.635298527115638e-12,
      3.755735182287321e-07,
      6.45379455114734e-14,
      0.26922200568153837,
      0.7306423954884298
    ],
    [
      2.1913247082270175e-06,
      5.979405419293667e-11,
      4.042944303167794e-05,
      1.1050398171446315e-14,
      0.0034740974902097697,
      0.9964832816822453
    ],
    [
      0.00144225060468472,
      2.036099932709898e-11,
      3.920425556536753e-07,
      3.740523685438355e-12,
      0.37067454932650123,
      0.6278828080021566
    ],
    [
      0.0029937631018843273,
      1.460614674128299e-07,
      7.567586627830406e-05,
      2.1348385298930976e-09,
      0.012443038466930631,
      0.9844873743686009
    ],
    [
      2.527842278658404e-06,
      1.2048799299005082e-08,
      0.0008542679172190764,
      4.3738263590707214e-13,
      0.00030236477658696065,
      0.9988408274146786
    ],
    [
      3.3135086066813e-05,
      1.0824033607465888e-08,
      0.00019543769920354502,
      4.861140433711739e-12,
      0.0019060132184413642,
      0.9978654031673934
    ],
    [
      0.0008521155188432757,
      4.750142725916553e-16,
      9.785702055160148e-12,
      3.76103495060007e-14,
      0.9939706574139616,
      0.005177227057371548
    ],
    [
      0.0006760926654589466,
      8.289895837251298e-09,
      3.146956886705357e-05,
      7.510689091886101e-11,
      0.01743726549237967,
      0.9818551639082916
    ],
    [
      2.668930602650487e-05,
      1.0019852740737133e-10,
      1.3759447503486737e-05,
      1.7469366736491654e-13,
      0.015302039588415481,
      0.9846575115576817
    ],
    [
      5.045765025455437e-13,
      4.0085375123911825e-05,
      0.9983623134647244,
      2.0031657215096153e-15,
      8.715793415820657e-13,
      0.001597601158773415
    ],
    [
      5.802861827239988e-06,
      4.5743321633921954e-08,
      0.001188554149472217,
      2.3738337178669125e-12,
      0.0002843694793310156,
      0.998521227763674
    ],
    [
      7.601674351333182e-05,
      7.660274273470403e-21,
      6.722841610185501e-16,
      4.2100518027328834e-17,
      0.9998717508661243,
      5.223239036149141e-05
    ],
    [
      1.7545967548087931e-07,
      2.4044775629812467e-14,
      1.5768089144426336e-06,
      5.320480579623741e-18,
      0.024987833839043593,
      0.9750104138923423
    ],
    [
      3.8355150976342486e-05,
      1.2662993111534666e-10,
      1.2918243829302798e-05,
      2.900824375692303e-13,
      0.017571882183671284,
      0.9823768442946029
    ],
    [
      0.000227376695979976,
      8.098425268567811e-07,
      0.0008645650784406958,
      5.542298124413046e-10,
      0.0009206921494474924,
      0.9979865556793754
    ],
    [
      5.693513198702514e-09,
      1.3640443267631778e-06,
      0.28472795436887427,
      3.572451077351484e-14,
      3.47145714432212e-07,
      0.7152703287475353
    ],
    [
      8.039074038716595e-07,
      0.0002212714470053798,
      0.346842685517731,
      1.3325234399404266e-10,
      8.835964327346607e-07,
      0.6529343553981748
    ],
    [
      3.7768242502766483e-10,
      0.0038375129513936418,
      0.9919311970274275,
      1.3381017870301406e-11,
      2.1001757377544946e-11,
      0.004231289609113387
    ],
    [
      1.4277235319413489e-08,
      1.033410171892307e-11,
      0.00022766904671964118,
      2.6755449961153178e-17,
      0.0002432826722444421,
      0.9995290339934666
    ],
    [
      0.0031577674084455596,
      1.3995466073653786e-12,
      1.5004703320891483e-08,
      3.043154222619695e-12,
      0.827284813132042,
      0.16955740445036677
    ],
    [
      3.137460271437699e-05,
      9.612318520001382e-08,
      0.0007298499350624128,
      1.9809743871592125e-11,
      0.0006446950435959089,
      0.9985939842756323
    ],
    [
      0.00014427647055760792,
      2.343788415376442e-18,
      2.2931427502981743e-13,
      5.605651155454492e-16,
      0.9988767403327508,
      0.0009789831964622216
    ],
    [
      0.0001436946237545656,
      8.153056856274307e-16,
      2.1563129436879612e-10,
      2.9731169570743747e-15,
      0.9660896236273205,
      0.03376668153328952
    ],
    [
      8.621302185814762e-06,
      1.2885693465985965e-17,
      8.453470168671512e-11,
      1.2690554028615834e-17,
      0.967431557333544,
      0.032559821279735696
    ],
    [
      0.0016752939877523996,
      7.082895756131608e-12,
      1.4438281034496187e-07,
      2.591867804148052e-12,
      0.5364676356791891,
      0.46185692594057315
    ],
    [
      8.808312982610393e-07,
      0.0009367793668661887,
      0.5450094098855646,
      4.795842819782819e-10,
      3.54761925670095e-07,
      0.4540525746747615
    ],
    [
      5.606713984037052e-07,
      3.510369712925327e-11,
      6.247346768563306e-05,
      2.080304181126388e-15,
      0.0017391831727780857,
      0.9981977826530325
    ],
    [
      8.892259549984953e-05,
      4.348758642213129e-19,
      6.233040194391943e-14,
      1.6678502491526517e-16,
      0.9993737671577274,
      0.0005373102467103521
    ],
    [
      1.2092433435337307e-06,
      6.470825106593615e-10,
      0.00022848108615110402,
      3.050900162758564e-14,
      0.0007351631664227778,
      0.9990351458569694
    ],
    [
      0.01757655502130185,
      2.3331418618983385e-12,
      2.833635119183704e-09,
      4.397649650720169e-11,
      0.9242998318175104,
      0.05812361028124281
    ],
    [
      6.434072161057967e-07,
      7.443543984888427e-08,
      0.0052690787342380375,
      3.957584678263662e-13,
      4.859719288037203e-05,
      0.9946816062298299
    ],
    [
      2.8147344614615634e-06,
      5.2451459046777495e-09,
      0.0004934238163364898,
      2.783963580805916e-13,
      0.00048547847418853703,
      0.9990182777295893
    ],
    [
      0.000379587088402148,
      1.245723206493782e-12,
      1.3079004595649771e-07,
      1.805911887673711e-13,
      0.4809347160874171,
      0.5186855660327088
    ],
    [
      1.5063082301035286e-05,
      1.5290019076995085e-06,
      0.00554975284374498,
      6.211797916144828e-11,
      0.00010240653663762341,
      0.9943312484732906
    ],
    [
      6.994027305748358e-13,
      1.590888844743746e-05,
      0.9965927754182701,
      9.20664576300928e-16,
      3.071901961843993e-12,
      0.0033913156895105747
    ],
    [
      6.217477313245139e-05,
      2.9861720925605325e-17,
      1.4700023897880594e-11,
      3.204237681274412e-16,
      0.990238107235505,
      0.009699717976662277
    ],
    [
      6.997984288002957e-05,
      5.277396447404275e-16,
      3.476530634184136e-10,
      8.8928385840535e-16,
      0.9518214857671331,
      0.048108534042332424
    ],
    [
      1.1770501491145321e-08,
      0.0005287475265453119,
      0.9064415631964957,
      1.3928850571986867e-11,
      6.692052323591367e-09,
      0.09302967080047679
    ],
    [
      3.532568002683498e-08,
      1.8031113501607624e-06,
      0.14619804659364471,
      2.2340448547744395e-13,
      1.2423830576789683e-06,
      0.8537988725860437
    ],
    [
      6.276431108309072e-09,
      3.6093309202184213e-10,
      0.0028931987598527693,
      1.3014244978843153e-16,
      2.4968104812487945e-05,
      0.9970818264979706
    ],
    [
      0.00035704589549083747,
      1.55796495381564e-08,
      6.536807332470972e-05,
      6.149683189321415e-11,
      0.008326526349912487,
      0.9912510440401259
    ],
    [
      0.006269302469919106,
      2.6940166440709163e-11,
      1.2843825950799625e-07,
      2.539663689298232e-11,
      0.6112002383101325,
      0.3825303307293521
    ],
    [
      1.8588027490118128e-05,
      2.9209160822635484e-10,
      3.1767842946197445e-05,
      2.5053763819400606e-13,
      0.0071704724113088505,
      0.9927791714259129
    ],
    [
      1.0110271408835883e-06,
      5.988602974973089e-10,
      0.00024081342382776535,
      2.438098207353565e-14,
      0.0006736242191716738,
      0.9990845507309752
    ],
    [
      1.460505829544247e-06,
      2.4908130827563746e-12,
      7.697377273528532e-06,
      9.003982449502916e-16,
      0.0119353716060145,
      0.9880554705083906
    ],
    [
      4.87122608081406e-07,
      2.5430226843508677e-16,
      4.2827133133744606e-08,
      8.682015930554695e-19,
      0.33382253369321957,
      0.666176936357039
    ],
    [
      2.588257634032621e-06,
      5.3694516939901066e-05,
      0.10706154655197517,
      1.3108884355684782e-10,
      5.021163100972442e-06,
      0.892877149379261
    ],
    [
      0.00013736450708197473,
      6.682165021589287e-16,
      1.823481304579174e-10,
      2.619047350820044e-15,
      0.9686397523870568,
      0.031222882923510026
    ],
    [
      2.1286840459228654e-05,
      1.2004860478579447e-11,
      4.37279130502534e-06,
      3.4524879695721625e-14,
      0.035558828331826074,
      0.9644155120243706
    ],
    [
      1.6636545336255668e-06,
      3.0610474554648133e-07,
      0.007187906287371088,
      2.5434693450075687e-12,
      4.7725042396479564e-05,
      0.9927623989084098
    ],
    [
      0.029350840018830506,
      2.1779350062178204e-09,
      1.2069378688244788e-06,
      1.5199868201880568e-09,
      0.32751338660638385,
      0.6431345627389946
    ],
    [
      4.828156209475588e-05,
      6.624228534068774e-13,
      4.1566736829289785e-07,
      1.2504925335276372e-14,
      0.21456078700176948,
      0.7853905157680927
    ],
    [
      6.213099253727473e-05,
      1.0769707838382863e-05,
      0.008042562246968542,
      8.970491685390516e-10,
      0.00010749099142311798,
      0.9917770451641832
    ],
    [
      4.090753381660391e-06,
      2.1738198273608762e-09,
      0.00023915144393953533,
      2.2170383098571074e-13,
      0.0009602755051965295,
      0.9987964801234407
    ],
    [
      0.00048955247608587,
      1.0456089463007547e-13,
      9.552496297988243e-09,
      8.619003275787367e-14,
      0.8199292590348883,
      0.17958117893633888
    ],
    [
      0.0001271148360286451,
      1.624413307898346e-06,
      0.0017917206776987733,
      5.038271479710788e-10,
      0.0004399412638629712,
      0.9976395983052745
    ],
    [
      1.0286978726630732e-06,
      4.6575835143773816e-09,
      0.0007988613342341485,
      9.75139270153162e-14,
      0.0002550880150445003,
      0.9989450172951676
    ],
    [
      5.72137707888952e-09,
      2.1883577584384751e-07,
      0.11807802115237102,
      9.26947702066031e-15,
      9.86495187803589e-07,
      0.8819207677952794
    ],
    [
      0.004254546337204299,
      2.133795775686116e-14,
      8.91734106529219e-11,
      1.284296614547944e-12,
      0.9831961789650783,
      0.012549274607238415
    ],
    [
      4.524454799320214e-07,
      2.3737733227561335e-08,
      0.003265236661861213,
      1.3127838177168426e-13,
      6.58788459727468e-05,
      0.9966684083088216
    ],
    [
      1.0509385980759292e-09,
      1.3436819651078884e-15,
      4.869957678240978e-06,
      5.5223246822547585e-21,
      0.00287838804027139,
      0.997116740951111
    ],
    [
      1.0622886765315505e-07,
      1.7454622673569227e-09,
      0.0015548285562593446,
      5.6840378809591006e-15,
      8.407049529887615e-05,
      0.9983609929741065
    ],
    [
      2.5748147796782497e-08,
      5.363448626727119e-07,
      0.09042453318249795,
      7.044950558151315e-14,
      1.8731366519763744e-06,
      0.9095730315877688
    ],
    [
      3.185269335942101e-05,
      4.064195859219373e-12,
      1.776384489660866e-06,
      2.5387332552366064e-14,
      0.07645716820065449,
      0.9235092027174068
    ],
    [
      0.0013443782629292834,
      5.048009132191826e-12,
      1.3275697252464104e-07,
      1.6779176287300298e-12,
      0.5392066930765437,
      0.45944879589682863
    ],
    [
      0.00027127389031357275,
      2.4777464519108797e-11,
      1.494520865891865e-06,
      6.969179677464036e-13,
      0.1354929419835583,
      0.8642342895797877
    ],
    [
      8.800299212022887e-16,
      0.024430390743508657,
      0.9755688066053904,
      3.847433863667252e-14,
      1.2643869426940747e-18,
      8.026510617285235e-07
    ],
    [
      4.307457825608923e-06,
      0.0023989913402924887,
      0.4638996606231916,
      3.744110539561654e-09,
      7.742188997233619e-07,
      0.5336962626156804
    ],
    [
      3.242178876385063e-05,
      1.4635327932722556e-13,
      1.889485618603865e-07,
      3.3582666183217464e-15,
      0.3047613478442093,
      0.6952060414183154
    ],
    [
      0.00010905184052351727,
      1.2376233931799215e-06,
      0.0016604395225044682,
      3.624628493180448e-10,
      0.0004505329167012164,
      0.9977787377344149
    ],
    [
      0.00013005420353452734,
      6.137925201964822e-14,
      2.5644694507100918e-08,
      1.153841480795212e-14,
      0.6729005431548334,
      0.32696937699686485
    ],
    [
      0.00042250065826523705,
      6.980981614785772e-13,
      7.160061594838692e-08,
      1.5540809485270017e-13,
      0.5796213304947435,
      0.4199560972455217
    ],
    [
      5.6037091902703816e-05,
      1.2467808038421094e-07,
      0.0006189241881479017,
      4.121127305332973e-11,
      0.000852031995822269,
      0.9984728820048353
    ],
    [
      1.4039715505030927e-14,
      1.1231097082169875e-05,
      0.9995377781498047,
      6.036032972603276e-17,
      4.9246842729609233e-14,
      0.00045099075305006004
    ],
    [
      3.108830627863894e-05,
      3.356309637632407e-22,
      5.941214135644541e-17,
      4.466902725810846e-18,
      0.9999518538524823,
      1.7057841239499125e-05
    ],
    [
      8.187208460015183e-05,
      4.8781413961750545e-14,
      3.362216969270308e-08,
      5.732231316693822e-15,
      0.6166004325240031,
      0.3833176617691726
    ],
    [
      0.001014418189145105,
      1.9364546732127266e-12,
      7.460890325037944e-08,
      7.526396208452093e-13,
      0.6125779647553279,
      0.38640754244393427
    ],
    [
      2.5335901089133885e-07,
      3.7451913969025945e-09,
      0.0015139219255586387,
      2.1862574825762375e-14,
      0.00010676419117449034,
      0.9983790567790428
    ],
    [
      0.001107577894746998,
      1.0914996239274881e-14,
      2.6302355547035604e-10,
      1.3805620447639002e-13,
      0.9717783967639022,
      0.02711402507817807
    ],
    [
      0.0010566310861086104,
      1.1656090562118662e-09,
      7.436417821404316e-06,
      3.203550685368155e-11,
      0.05887302169062334,
      0.9400629096078019
    ],
    [
      2.8522171081745507e-12,
      1.8614195006307483e-05,
      0.9931280294630404,
      2.540782863873293e-15,
      1.3147749130100728e-11,
      0.0068533563259507765
    ],
    [
      2.4315142096498454e-05,
      1.8376689930716665e-18,
      2.076413620103353e-12,
      3.4787188091452095e-17,
      0.9958891145007432,
      0.0040865703550838454
    ],
    [
      2.0127609913674307e-14,
      3.294421674350481e-06,
      0.9988201970379009,
      2.056285967927969e-17,
      2.413898238748229e-13,
      0.001176508540163171
    ],
    [
      0.0007943710300662567,
      1.183956923691795e-16,
      2.1147455389863457e-12,
      2.2801530324848885e-14,
      0.9968415416450721,
      0.002364087322724328
    ],
    [
      2.7096984967891163e-09,
      0.0004143880068944678,
      0.950553565145365,
      4.307440555844629e-12,
      1.6388280238521258e-09,
      0.04903204249490638
    ],
    [
      4.2519326243130355e-07,
      3.4323755611178e-09,
      0.0010830631506959267,
      3.3957862433999256e-14,
      0.00015964843426522277,
      0.998756859789367
    ],
    [
      0.0008400538673304832,
      1.883004818805942e-13,
      9.171959253565622e-09,
      2.280519555270575e-13,
      0.8358794608649244,
      0.16328047609536964
    ],
    [
      5.2451353679767625e-05,
      5.004951948680684e-28,
      4.019659408601294e-24,
      2.26792281849903e-19,
      0.9999475457226867,
      2.9236332602826937e-09
    ],
    [
      0.0009152982290206684,
      1.731311645146785e-07,
      0.0001616593394230939,
      7.589655211031799e-10,
      0.005065829936847995,
      0.9938570386045782
    ],
    [
      1.4687027698517014e-11,
      0.004696794529869293,
      0.9947176750919937,
      2.3358932595881816e-12,
      4.227327215583119e-13,
      0.0005855303606913711
    ],
    [
      0.00019863551516838965,
      3.0138499984198956e-11,
      2.063381564913013e-06,
      5.743983150830615e-13,
      0.10228784651935245,
      0.8975114545532015
    ],
    [
      2.1841956058306755e-10,
      0.00434189813156957,
      0.992787804329576,
      1.0952480705332903e-11,
      9.977519017339985e-12,
      0.002870297299505329
    ],
    [
      9.067809305523349e-09,
      3.097065911105111e-05,
      0.6671070258648695,
      7.289466168234328e-13,
      5.902110533571188e-08,
      0.33286193538637554
    ],
    [
      0.0001761845056317098,
      3.3810202034584043e-15,
      8.297724818714389e-10,
      6.214298822861456e-15,
      0.9352911551917757,
      0.06453265947281034
    ],
    [
      2.1095267332339978e-05,
      3.7642768317415654e-07,
      0.0020265383176521863,
      3.363766565369463e-11,
      0.000254084684274634,
      0.9976979052694198
    ],
    [
      3.005483335025374e-05,
      4.0856468727950043e-08,
      0.0004513280811610019,
      1.0735974114557919e-11,
      0.000942818247187466,
      0.9985757579710968
    ],
    [
      3.483473549590742e-06,
      3.205579546126798e-10,
      8.445168867874264e-05,
      5.2944903993509215e-14,
      0.002147212483061721,
      0.9977648520340993
    ],
    [
      2.9074252350419332e-11,
      0.002557913529213067,
      0.996183280143635,
      1.8545007061375685e-12,
      1.6569835865455611e-12,
      0.0012588062945661132
    ],
    [
      1.1292235438828997e-14,
      0.028804678325349702,
      0.9711922157740444,
      2.137238899731763e-13,
      1.991360470471329e-17,
      3.1059003807282454e-06
    ],
    [
      1.8043351514953602e-05,
      4.3312417737777436e-11,
      1.0382206922796614e-05,
      6.852912068563673e-14,
      0.017389453294978676,
      0.9825821211032029
    ],
    [
      1.3688801997578733e-05,
      8.699133122260101e-07,
      0.004200205419345399,
      3.884217592620537e-11,
      0.00012567543633739732,
      0.9956595603901652
    ],
    [
      0.00017949920495982354,
      5.894125657324456e-09,
      5.3761973937270624e-05,
      1.6565520976085194e-11,
      0.008223344475561074,
      0.9915433884348506
    ],
    [
      7.521376825081806e-05,
      1.3045313180505147e-13,
      8.601977043181796e-08,
      8.289442699342516e-15,
      0.46855385458479865,
      0.5313708456270413
    ],
    [
      9.994192740322298e-06,
      2.414765365064595e-06,
      0.009066979563826225,
      5.688793340948833e-11,
      6.166696018323518e-05,
      0.9908589444609975
    ],
    [
      6.438796773304716e-08,
      1.8083227236027961e-06,
      0.10969050320081784,
      3.887211957544797e-13,
      1.94676112905489e-06,
      0.890305677326973
    ],
    [
      6.427845011944867e-08,
      1.8201591960144157e-07,
      0.03078254914690507,
      7.942156481908896e-14,
      6.245440195206627e-06,
      0.9692109591184511
    ],
    [
      0.0031597489533085154,
      1.4593233168854708e-11,
      1.4721873155924373e-07,
      8.04360594707485e-12,
      0.5623814089431487,
      0.43445869486217437
    ],
    [
      9.827452310362278e-08,
      1.1337254460801213e-07,
      0.01867321324738227,
      8.64792626226853e-14,
      1.0631897314292255e-05,
      0.9813159432081497
    ],
    [
      2.027678934033314e-05,
      1.4777288552936954e-09,
      7.901476672816377e-05,
      8.022493857412906e-13,
      0.00351273720897511,
      0.9963879697564254
    ],
    [
      2.3471827081243283e-09,
      0.000290368971580705,
      0.9439190524790979,
      2.726582761419134e-12,
      1.945745722844119e-09,
      0.05579057425366672
    ],
    [
      1.3624128809073514e-06,
      1.1145861912106474e-06,
      0.017013055876475083,
      5.00324632480695e-12,
      2.2183962565472225e-05,
      0.9829622831568843
    ],
    [
      1.006628527806279e-05,
      1.8164534725350252e-12,
      2.132225671467521e-06,
      4.806436849052035e-15,
      0.05152214516430518,
      0.9484656563229239
    ],
    [
      4.311595255646845e-08,
      8.173099174089788e-08,
      0.024063369222926373,
      3.153662413209339e-14,
      6.9803465196604805e-06,
      0.9759295255835784
    ],
    [
      1.576683273175653e-09,
      4.173506506066967e-05,
      0.8661417800388942,
      2.930489866392814e-13,
      7.416952370273517e-09,
      0.1338164759021165
    ],
    [
      7.283132097842516e-07,
      6.042820488916025e-06,
      0.062086216088361845,
      8.713073403828053e-12,
      6.1517393493131636e-06,
      0.9379008610298774
    ],
    [
      4.372625309993966e-06,
      1.0904901361957846e-07,
      0.0023138329291474084,
      3.2299765571201974e-12,
      0.0001538918541874802,
      0.9975277935391116
    ],
    [
      4.3257518160627176e-06,
      3.868314546482701e-10,
      8.376870480830285e-05,
      7.395357603902934e-14,
      0.0022811764635804377,
      0.9976307286928899
    ],
    [
      2.227077263020785e-06,
      2.6048589207226744e-18,
      8.497419039689599e-11,
      1.0350387699114989e-18,
      0.9596700431465413,
      0.04032772969122142
    ],
    [
      0.017706146303347988,
      4.915046512634627e-11,
      7.366658420684773e-08,
      1.2911311892258846e-10,
      0.7142189281255062,
      0.26807485172629814
    ],
    [
      4.780317599601315e-09,
      1.2622471919069357e-06,
      0.2951755805567406,
      2.8930957784522184e-14,
      3.1536844614902674e-07,
      0.704822837047275
    ],
    [
      1.9556774280841673e-07,
      3.5152135080799514e-08,
      0.0064981324579769404,
      7.620000289151257e-14,
      3.0371660454896618e-05,
      0.9934712651616142
    ],
    [
      0.0001220674042722973,
      2.546675087622393e-07,
      0.000615082525208572,
      1.405820601026756e-10,
      0.0010399151530208178,
      0.9982226801094077
    ],
    [
      0.9965781041925286,
      2.8025829957270482e-11,
      1.9440940889578107e-13,
      3.7953782364788687e-06,
      0.0034123214749653182,
      5.778926049252285e-06
    ],
    [
      0.20555089628739134,
      2.7435628167941695e-14,
      4.04760994685212e-13,
      6.033630881046368e-10,
      0.7940933380121028,
      0.0003557650967103615
    ],
    [
      0.9667413662810752,
      5.697798473142389e-07,
      1.5658802910786537e-12,
      0.03325663445748554,
      1.316838019202002e-06,
      1.1264200657628684e-07
    ],
    [
      0.9510071425381804,
      2.3152166924324776e-12,
      2.8817848480320034e-13,
      2.0490915960323232e-07,
      0.048953390846386266,
      3.926170367039884e-05
    ],
    [
      0.8978752049029618,
      9.552555201588394e-06,
      2.4476055911888266e-11,
      0.10211414475797403,
      7.62036132056462e-07,
      3.357232541583676e-07
    ],
    [
      0.9880570809975213,
      1.4625915854252582e-11,
      4.235475167090942e-13,
      1.1386455881597171e-06,
      0.01192246423473438,
      1.9316107106904925e-05
    ],
    [
      0.9956928479774775,
      4.2316675618812e-07,
      2.2445552939866104e-11,
      0.004288562991499813,
      1.5956619833536224e-05,
      2.2092219872237317e-06
    ],
    [
      0.4918667131005397,
      2.854987085577901e-07,
      4.418179539620172e-15,
      0.5081329913832364,
      9.760594204240274e-09,
      2.569166070045255e-10
    ],
    [
      0.9841006851672423,
      3.868537504161918e-07,
      2.6262556523521556e-12,
      0.015895706229508828,
      2.9742116831857437e-06,
      2.475351888526798e-07
    ],
    [
      0.9948215010536542,
      2.307787039193703e-07,
      8.358281731652253e-09,
      4.595916993011607e-05,
      0.0035950011141621316,
      0.0015372995252682636
    ],
    [
      0.40510497420084474,
      1.455620812092545e-13,
      7.816946731398605e-13,
      3.427147814241181e-09,
      0.5945214841286934,
      0.00037353824238643127
    ],
    [
      0.9979261770518045,
      1.2241279309962279e-11,
      3.967206572536442e-14,
      4.509727942617508e-06,
      0.0020674788166758842,
      1.8343912963047141e-06
    ],
    [
      0.9988666172017145,
      4.895795583152723e-10,
      1.4074092698562652e-12,
      2.114534401850297e-05,
      0.0011043755092020903,
      7.8614540780622e-06
    ],
    [
      0.9702558722848991,
      1.3612130132063395e-12,
      8.148473665135336e-14,
      2.7186513025114625e-07,
      0.029729110797389227,
      1.4745051139150054e-05
    ],
    [
      0.975989467229254,
      4.6691653132994e-08,
      1.010166352644698e-08,
      7.427331232896772e-06,
      0.019057120285782644,
      0.004945928360413746
    ],
    [
      0.999479226409236,
      3.9221917529239674e-08,
      4.5919506440823607e-11,
      0.0002180420138163645,
      0.00028254966726544114,
      2.0142641845257524e-05
    ],
    [
      0.6897217342782997,
      3.2121702333250346e-13,
      4.2432890649528964e-13,
      1.6277965580246657e-08,
      0.3101136034017901,
      0.0001646460411986325
    ],
    [
      0.9935864472997982,
      2.607007729299047e-10,
      5.760920875103496e-12,
      4.287655482886259e-06,
      0.0063590755614995175,
      5.018921675772043e-05
    ],
    [
      0.9955391568604252,
      1.400659563561729e-11,
      1.1929974624987879e-13,
      2.5155086254927717e-06,
      0.004453012085003991,
      5.315531819580024e-06
    ],
    [
      0.9990852622558971,
      1.9446434028111174e-08,
      7.064917891255847e-11,
      7.829698023918615e-05,
      0.0007878518323236746,
      4.856941445690732e-05
    ],
    [
      0.012830642421997251,
      7.219767295135982e-15,
      5.326406626893327e-12,
      5.0837037960288254e-12,
      0.98473837584787,
      0.0024309817197153624
    ],
    [
      8.10742156790013e-06,
      1.0894501081058363e-24,
      4.619658378375763e-19,
      1.147370069218837e-19,
      0.999990202055828,
      1.6905226040326934e-06
    ],
    [
      0.4493059273155856,
      8.352826791316008e-13,
      4.794958333388393e-12,
      6.990118597930588e-09,
      0.549796215085401,
      0.0008978506032645846
    ],
    [
      5.761515719131379e-06,
      4.505740793377247e-25,
      2.63876497115108e-19,
      5.3169603251425314e-20,
      0.9999929042787363,
      1.3342055442558904e-06
    ],
    [
      0.978983701382039,
      1.5569669104462631e-07,
      3.972555744087719e-13,
      0.02101456767623403,
      1.5150034498455352e-06,
      6.024118874657996e-08
    ],
    [
      0.0002755160832947795,
      6.690471985020238e-06,
      2.6161880657276083e-16,
      0.9997177934446846,
      8.946511327837588e-15,
      2.684107413270962e-14
    ],
    [
      0.950723996168766,
      3.538797581291627e-06,
      1.5877435544308592e-11,
      0.04927057543911054,
      1.482949651786479e-06,
      4.0662901310411914e-07
    ],
    [
      0.992602526377488,
      1.386806493561427e-06,
      6.11182644094331e-08,
      8.225605828648299e-05,
      0.0032529207700180457,
      0.004060848869449093
    ],
    [
      0.17851972438038047,
      3.2213308198863256e-15,
      4.139226142202421e-14,
      2.5912464459280953e-10,
      0.821366724493103,
      0.00011355086734727133
    ],
    [
      0.7171534107071285,
      5.4685478221046526e-05,
      6.95666639012033e-11,
      0.2827913445904299,
      2.5882901229868215e-07,
      3.0032564142493314e-07
    ],
    [
      0.0027671868973197637,
