{
  "dataset": "aniso",
  "algorithm": "gmm",
  "params": {
    "n_components": 4,
    "covariance_type": "spherical"
  },
  "labels": [
    2,
    2,
    2,
    2,
    2,
    2,
    2,
    0,
    0,
    0,
    2,
    2,
    2,
    0,
    2,
    2,
    2,
    2,
    2,
    0,
    2,
    2,
    0,
    2,
    2,
    2,
    2,
    2,
    0,
    2,
    2,
    0,
    2,
    2,
    2,
    2,
    2,
    0,
    2,
    2,
    2,
    2,
    0,
    2,
    2,
    2,
    0,
    2,
    2,
    2,
    0,
    2,
    2,
    2,
    2,
    0,
    2,
    2,
    2,
    2,
    2,
    2,
    2,
    0,
    2,
    0,
    0,
    0,
    0,
    2,
    2,
    0,
    2,
    0,
    2,
    2,
    0,
    2,
    2,
    0,
    0,
    2,
    2,
    2,
    2,
    0,
    2,
    2,
    2,
    2,
    2,
    0,
    2,
    2,
    0,
    2,
    2,
    2,
    0,
    2,
    2,
    2,
    0,
    2,
    2,
    2,
    2,
    2,
    0,
    2,
    2,
    2,
    2,
    2,
    0,
    0,
    2,
    2,
    0,
    2,
    0,
    2,
    0,
    2,
    2,
    0,
    2,
    0,
    2,
    2,
    0,
    0,
    2,
    2,
    2,
    2,
    2,
    0,
    2,
    2,
    2,
    2,
    2,
    2,
    2,
    2,
    2,
    2,
    2,
    2,
    0,
    2,
    2,
    2,
    2,
    2,
    2,
    2,
    2,
    2,
    2,
    0,
    0,
    2,
    2,
    2,
    3,
    0,
    3,
    3,
    3,
    3,
    3,
    3,
    3,
    3,
    0,
    3,
    3,
    3,
    3,
    3,
    3,
    3,
    3,
    3,
    0,
    0,
    0,
    0,
    3,
    3,
    3,
    3,
    0,
    3,
    3,
    0,
    3,
    3,
    3,
    3,
    3,
    3,
    3,
    3,
    3,
    3,
    0,
    0,
    0,
    3,
    3,
    3,
    0,
    3,
    3,
    0,
    0,
    3,
    3,
    3,
    3,
    3,
    3,
    3,
    3,
    3,
    3,
    3,
    0,
    3,
    3,
    3,
    3,
    3,
    3,
    0,
    3,
    0,
    3,
    3,
    3,
    3,
    0,
    3,
    3,
    0,
    3,
    3,
    0,
    3,
    3,
    3,
    3,
    3,
    3,
    3,
    3,
    3,
    3,
    3,
    3,
    3,
    3,
    3,
    3,
    3,
    3,
    0,
    3,
    3,
    3,
    3,
    3,
    3,
    0,
    3,
    3,
    3,
    3,
    0,
    0,
    3,
    3,
    3,
    3,
    3,
    3,
    3,
    3,
    3,
    3,
    3,
    3,
    3,
    3,
    0,
    3,
    3,
    3,
    0,
    3,
    3,
    3,
    3,
    3,
    0,
    3,
    3,
    3,
    0,
    0,
    3,
    3,
    3,
    3,
    3,
    0,
    3,
    3,
    3,
    3,
    3,
    3,
    0,
    3,
    0,
    3,
    3,
    3,
    3,
    1,
    1,
    2,
    1,
    1,
    1,
    1,
    1,
    1,
    1,
    1,
    1,
    1,
    1,
    1,
    1,
    1,
    1,
    1,
    1,
    1,
    1,
    2,
    1,
    1,
    1,
    1,
    1,
    1,
    1,
    1,
    1,
    1,
    1,
    1,
    1,
    1,
    3,
    1,
    1,
    1,
    1,
    1,
    1,
    1,
    1,
    1,
    1,
    1,
    3,
    1,
    1,
    1,
    1,
    1,
    1,
    1,
    1,
    1,
    1,
    1,
    1,
    1,
    1,
    1,
    1,
    1,
    1,
    1,
    1,
    1,
    1,
    1,
    1,
    3,
    1,
    1,
    1,
    1,
    3,
    1,
    3,
    1,
    1,
    1,
    1,
    3,
    1,
    1,
    1,
    1,
    1,
    1,
    1,
    1,
    1,
    1,
    1,
    1,
    3,
    1,
    1,
    1,
    1,
    1,
    1,
    1,
    1,
    3,
    1,
    1,
    1,
    1,
    1,
    1,
    3,
    1,
    1,
    1,
    1,
    1,
    1,
    1,
    1,
    1,
    1,
    1,
    1,
    1,
    1,
    1,
    1,
    3,
    1,
    1,
    1,
    1,
    1,
    1,
    1,
    3,
    1,
    1,
    1,
    1,
    1,
    1,
    1,
    1,
    1,
    1,
    1,
    1,
    1,
    1,
    1,
    1,
    2,
    1,
    1,
    1,
    3,
    1,
    1,
    1,
    1
  ],
  "means": [
    {
      "x": -0.9558848039563166,
      "y": 1.3676230032132743
    },
    {
      "x": 3.0396658430826737,
      "y": -2.9082539472850684
    },
    {
      "x": 2.8640020697653013,
      "y": 1.9326107852410728
    },
    {
      "x": -1.851548424246259,
      "y": -2.942064464807828
    }
  ],
  "probabilities": [
    [
      0.0035375643057882536,
      4.042938426979644e-05,
      0.9964157709386431,
      6.235371298741045e-06
    ],
    [
      0.0010784335308829892,
      1.8757709894930135e-07,
      0.9989211924728014,
      1.8641921700371428e-07
    ],
    [
      0.11931127037474044,
      2.9768976565584685e-05,
      0.8804214729932391,
      0.00023748765545460434
    ],
    [
      1.2539129864376849e-05,
      1.5216267956130205e-06,
      0.999985928419282,
      1.0824057974764445e-08
    ],
    [
      0.26056324659588415,
      1.599425844757987e-06,
      0.7392584662317382,
      0.0001766877465327206
    ],
    [
      0.307609401725809,
      3.645576476733287e-05,
      0.6914366580217879,
      0.0009174844876358112
    ],
    [
      0.019175157430825516,
      0.007465881501532919,
      0.9728532877328919,
      0.0005056733347493974
    ],
    [
      0.9873879327842476,
      2.4845438135695084e-08,
      0.004557761727576878,
      0.008054280642737856
    ],
    [
      0.8422861851351312,
      2.8985393941482704e-07,
      0.1566845442175842,
      0.0010289807933456185
    ],
    [
      0.8229314062728769,
      7.500642131514506e-05,
      0.16411899689788323,
      0.01287459040792459
    ],
    [
      2.876770802276047e-05,
      4.012822269440958e-05,
      0.999931008335508,
      9.573377494448684e-08
    ],
    [
      0.039654287534012025,
      0.0015816160287409672,
      0.9582878220159652,
      0.0004762744212819307
    ],
    [
      0.363074008254357,
      4.942518468582681e-06,
      0.6364487413006301,
      0.0004723079265447045
    ],
    [
      0.9111859943427439,
      1.0078889758428891e-07,
      0.08769606776807304,
      0.0011178371002853011
    ],
    [
      0.45452104980961106,
      1.3800252261658184e-05,
      0.5443689363766304,
      0.0010962135614969234
    ],
    [
      0.32213528636443756,
      1.570618003859652e-08,
      0.6778274616321541,
      3.723629722801643e-05
    ],
    [
      0.053259804890708876,
      0.0004910844771851,
      0.9458878531406635,
      0.000361257491442211
    ],
    [
      0.0009234865314358298,
      0.0011343627272084145,
      0.9979327083639316,
      9.44237742396392e-06
    ],
    [
      0.02274531022518231,
      0.008339321222417775,
      0.9682706871029687,
      0.0006446814494315931
    ],
    [
      0.9610633386365075,
      5.125414877989965e-08,
      0.03718539448477529,
      0.0017512156245684976
    ],
    [
      0.0009829857309094424,
      1.568209602991222e-05,
      0.9990001482845154,
      1.1838885451896605e-06
    ],
    [
      0.07134599281261651,
      4.356097278252058e-05,
      0.9284562416153456,
      0.00015420459925536193
    ],
    [
      0.9776798117341129,
      2.408507572176169e-07,
      0.014352878382910014,
      0.007967069032219698
    ],
    [
      0.22742116708343096,
      3.1501933441826947e-07,
      0.7725042988308897,
      7.4219066344692e-05
    ],
    [
      0.011280475833593859,
      0.005127641088510062,
      0.9833552874408021,
      0.00023659563709367776
    ],
    [
      0.008835216893579474,
      8.175066907981507e-05,
      0.9910612505466381,
      2.178189070267357e-05
    ],
    [
      0.4893637531584943,
      6.535180980176971e-07,
      0.5103103880437957,
      0.00032520527961174425
    ],
    [
      0.00018711144489501252,
      1.2759960522648067e-06,
      0.9998115256974814,
      8.686157164483385e-08
    ],
    [
      0.7284819772211066,
      4.908024724600117e-06,
      0.26949797881545073,
      0.0020151359387181027
    ],
    [
      0.005985972992558294,
      1.0644453045112085e-06,
      0.994010915049606,
      2.047512531411832e-06
    ],
    [
      0.3088186791425378,
      1.4929134192267775e-05,
      0.6905577457657768,
      0.0006086459574928389
    ],
    [
      0.9153371962479596,
      1.1971043451084755e-05,
      0.07308580524361688,
      0.011565027464972151
    ],
    [
      0.0004966460284028876,
      3.278145409346799e-07,
      0.9995029113794961,
      1.1477755980138822e-07
    ],
    [
      0.042130046690167934,
      7.16378296670272e-07,
      0.957855535203394,
      1.3701728141995849e-05
    ],
    [
      0.007847308830621761,
      0.00018525096744660596,
      0.991938618217129,
      2.882198480257166e-05
    ],
    [
      0.004439527620089998,
      1.6588536441749897e-07,
      0.9955596055793556,
      7.009151901667334e-07
    ],
    [
      0.030668623650349777,
      1.1522373260995292e-07,
      0.9693266777884101,
      4.583337507475948e-06
    ],
    [
      0.9964636378728442,
      3.2475464704904853e-13,
      8.763715212452924e-05,
      0.0034487249747065934
    ],
    [
      0.02743026774937288,
      5.355856545439874e-05,
      0.9724577357101841,
      5.8437974988550266e-05
    ],
    [
      0.04013965055923979,
      0.008230989145890846,
      0.9504447000086778,
      0.001184660286191479
    ],
    [
      0.09759239182455734,
      4.776414820490129e-06,
      0.9023215558242204,
      8.127593640191163e-05
    ],
    [
      2.917039467585747e-05,
      9.838198378918951e-05,
      0.9998722955573888,
      1.5206414624364302e-07
    ],
    [
      0.7077716415504071,
      1.0099040381391113e-05,
      0.2896450872052613,
      0.002573172203949853
    ],
    [
      0.0003906892426162166,
      9.298808980617607e-06,
      0.9995996080172526,
      4.0393115077412007e-07
    ],
    [
      0.3232167509960796,
      1.4815700524744047e-06,
      0.6765484886612814,
      0.00023327877258611415
    ],
    [
      0.01888255311320034,
      9.411740661071454e-07,
      0.9811101003228385,
      6.405389895279013e-06
    ],
    [
      0.5800588401199023,
      1.0149080161223017e-05,
      0.41838963625144254,
      0.0015413745484938095
    ],
    [
      0.2861776122088225,
      0.0008328102086564156,
      0.7090899565434854,
      0.003899621039036021
    ],
    [
      0.008583574057708996,
      1.0581141936513016e-05,
      0.9913977330819607,
      8.111718393893742e-06
    ],
    [
      0.03993262111134379,
      4.065783662533065e-05,
      0.9599493186298031,
      7.740242222776584e-05
    ],
    [
      0.9742284178154063,
      1.6379662067678893e-07,
      0.021000787307916453,
      0.00477063108005723
    ],
    [
      0.21094425140418846,
      0.00013565957859553248,
      0.7879058119559851,
      0.0010142770612315067
    ],
    [
      0.0741541285781632,
      4.474630265390795e-06,
      0.9257842228245252,
      5.717396704636974e-05
    ],
    [
      3.1274187618488453e-06,
      7.2396949464816725e-06,
      0.9999896243824438,
      8.50384851962683e-09
    ],
    [
      0.011310850523366554,
      2.9952194046180048e-05,
      0.9886417872935431,
      1.7409989044295647e-05
    ],
    [
      0.9934371262986492,
      1.2178937298574829e-09,
      0.002057595734068015,
      0.0045052767493890195
    ],
    [
      0.015161107177895436,
      5.761681321076848e-09,
      0.9848382025896318,
      6.844707919339039e-07
    ],
    [
      0.08751384544056286,
      5.935526731178003e-06,
      0.9124015810157869,
      7.863801691919594e-05
    ],
    [
      0.06035441973401894,
      0.0006676086785295083,
      0.9384908857582804,
      0.0004870858291709812
    ],
    [
      0.00011221932248325685,
      2.1911988897389257e-06,
      0.9998855178405802,
      7.163804694229587e-08
    ],
    [
      0.0009991792756471338,
      0.0004466726746683634,
      0.9985479286655435,
      6.219384141017079e-06
    ],
    [
      5.314119181748726e-05,
      0.0015038114842283953,
      0.9984420262323888,
      1.021091565338218e-06
    ],
    [
      0.0012168370048509852,
      1.9075877051001504e-08,
      0.9987830594795072,
      8.443976520746538e-08
    ],
    [
      0.855039159842488,
      4.313309184192693e-06,
      0.14115514415480168,
      0.0038013826935260793
    ],
    [
      0.027171426440753828,
      0.00010181402385253778,
      0.9726480425931204,
      7.871694227322265e-05
    ],
    [
      0.9848875975240652,
      1.5073460055365918e-08,
      0.01247736560873796,
      0.0026350217937367816
    ],
    [
      0.8670712167343236,
      1.3289337155054708e-07,
      0.13205982186964443,
      0.0008688285026602009
    ],
    [
      0.7099973916454817,
      1.1052424111601795e-08,
      0.289858417244335,
      0.00014418005775915482
    ],
    [
      0.6721268364295341,
      6.802864009524048e-06,
      0.3260251508078026,
      0.0018412098986541777
    ],
    [
      0.0009683606652925916,
      0.0011698431419492506,
      0.9978517774242114,
      1.0018768547293116e-05
    ],
    [
      0.009134369712298075,
      3.359500692909247e-07,
      0.9908633477374694,
      1.946600163152146e-06
    ],
    [
      0.987857845852846,
      7.06695004051568e-09,
      0.009786946119438188,
      0.002355200960765873
    ],
    [
      0.008951589697126696,
      1.9354594083505324e-06,
      0.9910424865986656,
      3.988244799316589e-06
    ],
    [
      0.9453736027734668,
      6.949178717599852e-06,
      0.0386663053776152,
      0.015953142670199903
    ],
    [
      0.0027881561393926215,
      1.0265583855350842e-05,
      0.9971989679444826,
      2.610332269486955e-06
    ],
    [
      0.010503196592591137,
      7.856688318619005e-06,
      0.9894802225332204,
      8.724185870123117e-06
    ],
    [
      0.5179546885855851,
      2.076254270387996e-06,
      0.4814472671543504,
      0.0005959680057942568
    ],
    [
      0.011184097846794744,
      0.00022137869367389208,
      0.9885493216274702,
      4.5201832061392886e-05
    ],
    [
      3.204547110025052e-06,
      2.8539594429360436e-06,
      0.999993935966476,
      5.526970619738856e-09
    ],
    [
      0.9208359107414699,
      3.342297978179051e-08,
      0.07838696359802177,
      0.0007770922375281461
    ],
    [
      0.7970857099563347,
      8.745858538955404e-08,
      0.2024315056171804,
      0.000482696967900055
    ],
    [
      0.00015604100868142395,
      0.0003074873166404866,
      0.9995354464386405,
      1.0252360375002603e-06
    ],
    [
      0.0003008141431963694,
      7.019944937550854e-06,
      0.9996918838570148,
      2.82054851545794e-07
    ],
    [
      0.0004091458030259318,
      5.2637756636480514e-08,
      0.9995907559399216,
      4.561929597790539e-08
    ],
    [
      0.14056572299022735,
      0.00014245595672485317,
      0.858677493143451,
      0.0006143279095968804
    ],
    [
      0.793609141374217,
      1.5934528652649258e-05,
      0.20151423781200153,
      0.0048606862851287335
    ],
    [
      0.051000188088052414,
      6.073824925169035e-06,
      0.9489510903106548,
      4.2647776367449055e-05
    ],
    [
      0.008144147461721882,
      1.6845421789184927e-06,
      0.9918507589514738,
      3.4090446255590857e-06
    ],
    [
      0.0249731303129638,
      1.753331964257063e-07,
      0.9750223627046347,
      4.3316492052824785e-06
    ],
    [
      0.06655134328099663,
      1.6397107420000569e-09,
      0.9334464197373463,
      2.235341945999e-06
    ],
    [
      0.0022435710694733353,
      0.0003800748667096332,
      0.9973642183716215,
      1.2135692195829944e-05
    ],
    [
      0.8715493456141905,
      1.2263982843660014e-07,
      0.12758336017499214,
      0.000867171570988651
    ],
    [
      0.09115235499530515,
      1.5136435055743042e-06,
      0.9088006123982049,
      4.551896298454265e-05
    ],
    [
      0.003906774327545077,
      3.270826773855411e-05,
      0.9960543016717901,
      6.2157329263714975e-06
    ],
    [
      0.781072266498661,
      0.000141391712636941,
      0.20489868030799327,
      0.013887661480709117
    ],
    [
      0.2246182084311102,
      6.231382838659243e-07,
      0.7752844177412909,
      9.675068931507166e-05
    ],
    [
      0.01876743902161236,
      0.0010460026500318772,
      0.980015535828335,
      0.00017102250002061278
    ],
    [
      0.015175671298769832,
      6.606385216256041e-06,
      0.9848058759002799,
      1.1846415733872722e-05
    ],
    [
      0.7481065821105428,
      9.85077445178666e-07,
      0.25082334203707607,
      0.001069090774935899
    ],
    [
      0.03875885442417171,
      0.0006809519694561899,
      0.9602608014633781,
      0.00029939214299398324
    ],
    [
      0.0058589888948203835,
      4.1638655435717406e-06,
      0.9941332238915638,
      3.6233480723881033e-06
    ],
    [
      0.00013962606167175907,
      8.357677965295861e-07,
      0.9998594819510945,
      5.621943745722975e-08
    ],
    [
      0.96794735611988,
      9.111522180275839e-07,
      0.02196353581405962,
      0.010088196913842367
    ],
    [
      0.0027258449622867276,
      5.110296232899814e-06,
      0.997267182130842,
      1.8626106384012207e-06
    ],
    [
      0.001092233919226515,
      4.920404789592684e-11,
      0.9989077567992197,
      9.232350194958121e-09
    ],
    [
      0.001752416086590403,
      6.773722079639691e-07,
      0.9982464019785746,
      5.045626272047025e-07
    ],
    [
      0.00029600622616648867,
      3.2575356426811666e-06,
      0.9997005401105994,
      1.961275912925244e-07
    ],
    [
      0.1348055477502442,
      1.1240879175223223e-06,
      0.8651289839520125,
      6.434420982568087e-05
    ],
    [
      0.6560453843420374,
      5.5750741521809614e-06,
      0.3423749924878187,
      0.0015740480959914448
    ],
    [
      0.30060383400303475,
      6.458104767410756e-06,
      0.6989898904506161,
      0.0003998174415821108
    ],
    [
      6.030574079697822e-07,
      0.00182756379419393,
      0.9981717709303842,
      6.221801454298628e-08
    ],
    [
      0.0020018822313761326,
      0.0036176352106518446,
      0.9943444828775788,
      3.599968039350994e-05
    ],
    [
      0.23579150603396729,
      2.763175388025539e-07,
      0.7641343465554005,
      7.387109309399066e-05
    ],
    [
      0.03706789632722764,
      0.0005636052348433866,
      0.9621097913944912,
      0.0002587070434379626
    ],
    [
      0.5318924090385041,
      4.521631313725975e-07,
      0.4677807200353973,
      0.0003264187629674168
    ],
    [
      0.5799401332041056,
      1.7547855929519009e-06,
      0.41935941467998106,
      0.0006986973303205206
    ],
    [
      0.03652072836074509,
      0.0001528236438161907,
      0.9631939771867045,
      0.00013247080873413103
    ],
    [
      7.547403264791694e-07,
      1.1390108155775765e-06,
      0.9999981048377142,
      1.4111440594657175e-09
    ],
    [
      0.9949517475034846,
      2.8481563540442364e-10,
      0.001301775081742126,
      0.003746477129958138
    ],
    [
      0.4550261553021955,
      3.261262995742572e-07,
      0.5447601405209508,
      0.0002133780505539649
    ],
    [
      0.6706446528498993,
      3.5261631318612127e-06,
      0.3279964781400819,
      0.00135534284688745
    ],
    [
      0.0026107979928947905,
      1.624115071142692e-06,
      0.9973864997566768,
      1.0781353573213553e-06
    ],
    [
      0.93764390785289,
      5.742364064732521e-07,
      0.05896295632787027,
      0.0033925615828329114
    ],
    [
      0.3302265977203459,
      6.179055094345941e-05,
      0.6683982361065769,
      0.0013133756221340462
    ],
    [
      5.408337970186237e-06,
      4.028888506844536e-06,
      0.9999905534604373,
      9.313085806722731e-09
    ],
    [
      0.9384485315358864,
      9.51847224646821e-09,
      0.06097490278185531,
      0.0005765561637864012
    ],
    [
      7.579357034140897e-07,
      3.202209270949e-07,
      0.9999989210572074,
      7.86162056130493e-10
    ],
    [
      0.9816421974899853,
      9.230408619684081e-08,
      0.012549439630134517,
      0.005808270575794115
    ],
    [
      8.817222402812536e-05,
      0.00020527145339803524,
      0.9997060330634073,
      5.232591664841964e-07
    ],
    [
      0.003620672548643926,
      2.1489823583276123e-06,
      0.9963755011726976,
      1.6772963001277408e-06
    ],
    [
      0.7943655801542876,
      1.4534712424483873e-06,
      0.20404092205294483,
      0.0015920443215251883
    ],
    [
      0.8636531240716705,
      2.2917567433857743e-13,
      2.395083290525638e-06,
      0.13634448084480982
    ],
    [
      0.160908139231319,
      0.0006105481598853641,
      0.8369695667138616,
      0.001511745894934313
    ],
    [
      1.690060367554595e-05,
      0.0013312678318075561,
      0.998651420473645,
      4.1109087193815357e-07
    ],
    [
      0.2535218232521065,
      6.270815707126449e-06,
      0.746162480968253,
      0.00030942496393346575
    ],
    [
      4.4184623642817796e-05,
      0.0016129315789253636,
      0.9983419608408545,
      9.229565777490325e-07
    ],
    [
      0.00012316510309742586,
      2.341219356389068e-05,
      0.9998531899570183,
      2.3274632077389865e-07
    ],
    [
      0.8154110149574183,
      2.2474593948277787e-07,
      0.18379992873106754,
      0.0007888315655745841
    ],
    [
      0.017202941670516635,
      0.0001475977454890951,
      0.9825915374057231,
      5.792317827124679e-05
    ],
    [
      0.030449720774511923,
      6.894274789659764e-05,
      0.9694075064380284,
      7.383003956319518e-05
    ],
    [
      0.01888327124195187,
      2.591918976302977e-06,
      0.9811042518070746,
      9.885031997107398e-06
    ],
    [
      2.0341599590899287e-05,
      0.0007885530836088346,
      0.9991907542437757,
      3.510730248767287e-07
    ],
    [
      1.5411512272898633e-06,
      0.003167813781551428,
      0.9968304995849887,
      1.4548223311108724e-07
    ],
    [
      0.06786444716775761,
      2.51081502350291e-06,
      0.9320929486213226,
      4.009339589663116e-05
    ],
    [
      0.011594952066944752,
      0.00016620333012941238,
      0.9881981433083648,
      4.0701294561129546e-05
    ],
    [
      0.11297409801686358,
      6.879533658048478e-05,
      0.886627038881889,
      0.00033006776466677567
    ],
    [
      0.36932854566315887,
      4.2496331747500314e-07,
      0.6305022332405246,
      0.00016879613299894438
    ],
    [
      0.008125525832764569,
      0.00021395446175077198,
      0.991628447693615,
      3.2072011869792835e-05
    ],
    [
      0.0004251101438049277,
      9.992125857139367e-06,
      0.9995644477366483,
      4.499936895313628e-07
    ],
    [
      0.0006017600043546214,
      3.5867623206382167e-06,
      0.9993942680616487,
      3.851716760321798e-07
    ],
    [
      0.7306526928434791,
      1.0732949131340274e-05,
      0.2664036084762305,
      0.002932965731158866
    ],
    [
      0.0008383432936133296,
      3.83395673072259e-06,
      0.9991572856294547,
      5.37120201337371e-07
    ],
    [
      0.04138254781857972,
      1.3138887184312094e-05,
      0.9585565673254541,
      4.774596878214445e-05
    ],
    [
      8.110771403876656e-05,
      0.0001429035197444288,
      0.9997755823339679,
      4.064322492506226e-07
    ],
    [
      0.002802064436099528,
      4.997520879634277e-05,
      0.9971424588458493,
      5.501509255192587e-06
    ],
    [
      0.08087469963394554,
      4.358334006744351e-07,
      0.9191013953590289,
      2.3469173624924715e-05
    ],
    [
      0.0005384153154058798,
      1.9687417831335487e-06,
      0.9994593491568647,
      2.6678594600805685e-07
    ],
    [
      6.023818125849508e-05,
      2.08444128580429e-05,
      0.9999187941836438,
      1.2322223929273976e-07
    ],
    [
      0.0014752192639416776,
      7.121009056368305e-05,
      0.9984500225023796,
      3.548143115105961e-06
    ],
    [
      0.008273325044235079,
      3.6949071206718596e-05,
      0.9916757840229948,
      1.3941861563367332e-05
    ],
    [
      0.020816561063696,
      3.17771014390961e-06,
      0.9791682730448691,
      1.1988181290824442e-05
    ],
    [
      0.5628034975367999,
      3.14107446376898e-09,
      0.43714429842018365,
      5.22009019415959e-05
    ],
    [
      0.8756761091619647,
      2.3986475836971625e-05,
      0.11364982161933784,
      0.010650082742860213
    ],
    [
      0.00010286894557037426,
      1.910692643452071e-06,
      0.9998951576987556,
      6.266303065205147e-08
    ],
    [
      0.0015393690298232479,
      3.5977474073272135e-06,
      0.9984561125581709,
      9.206645984881918e-07
    ],
    [
      0.05095719743252645,
      0.00030378954572896777,
      0.9484692673538716,
      0.00026974566787309434
    ],
    [
      0.016935574035726732,
      1.419326660752255e-06,
      2.0012520226711313e-06,
      0.9830610053855896
    ],
    [
      0.6676372700097006,
      6.647984316199109e-07,
      0.0003531342962173666,
      0.3320089308956506
    ],
    [
      0.00013707746192361534,
      5.130393000483821e-06,
      1.7113408726637226e-08,
      0.9998577750316674
    ],
    [
      0.09455614477704757,
      1.3102532060271977e-06,
      1.685506095884681e-05,
      0.9054256899087879
    ],
    [
      0.00017808576595141276,
      3.179141030371538e-05,
      5.85621136626196e-08,
      0.9997900642616314
    ],
    [
      0.043284764574736824,
      2.06578422906632e-06,
      7.62251734634439e-06,
      0.9567055471236879
    ],
    [
      0.0013119041037534737,
      3.4630788353982496e-05,
      5.219017878832819e-07,
      0.9986529432061048
    ],
    [
      1.937459721199978e-06,
      6.240834169901445e-08,
      2.655936723325338e-11,
      0.9999980001053782
    ],
    [
      0.00026690769430258974,
      7.752133884342455e-06,
      4.2696556737177796e-08,
      0.9997252974752566
    ],
    [
      0.12129405647440378,
      0.0008447330299161377,
      0.0006662558461490983,
      0.8771949546495306
    ],
    [
      0.5321945668184904,
      1.1663301883798695e-06,
      0.0002542257438731023,
      0.4675500411074483
    ],
    [
      0.008804950710974509,
      5.106043347959425e-07,
      5.625342370902597e-07,
      0.9911939761504539
    ],
    [
      0.012335823246624905,
      5.556678911539173e-06,
      2.665788247853859e-06,
      0.9876559542862157
    ],
    [
      0.05486763899156288,
      6.357785327549654e-07,
      5.882548335741002e-06,
      0.9451258426815691
    ],
    [
      0.2883307566026138,
      0.0006025270471119443,
      0.0020034099703166355,
      0.7090633063799582
    ],
    [
      0.010198536961447681,
      5.3761934324613604e-05,
      6.785449825677515e-06,
      0.9897409156544019
    ],
    [
      0.310902916348467,
      1.0890903972559177e-06,
      8.78550063132485e-05,
      0.6890081395548227
    ],
    [
      0.04865747704769845,
      1.1476836054034253e-05,
      2.0545368719813146e-05,
      0.951310500747528
    ],
    [
      0.018132229145172738,
      1.0076097263882073e-06,
      1.8449532352303049e-06,
      0.9818649182918654
    ],
    [
      0.021373977823834867,
      6.588324465707106e-05,
      1.8241784766170274e-05,
      0.9785418971467419
    ],
    [
      0.9612145180039539,
      5.98880601024502e-07,
      0.004712061038630527,
      0.03407282207681435
    ],
    [
      0.9959730784237703,
      1.9054591907149687e-11,
      0.0004232752736482105,
      0.0036036462835268407
    ],
    [
      0.5854656955583422,
      3.016596147797015e-06,
      0.0005081894943853424,
      0.4140230983511246
    ],
    [
      0.9964258437832251,
      1.2463371516330506e-11,
      0.00040581976347152485,
      0.0031683364408400605
    ],
    [
      0.00011105051876396279,
      2.0244328711832865e-06,
      8.55177004540836e-09,
      0.9998869164965948
    ],
    [
      4.07070272420751e-08,
      2.8062243844328806e-07,
      1.7413078127237371e-12,
      0.9999996786687931
    ],
    [
      0.0002468529833307459,
      2.4533910533811876e-05,
      7.182331273582218e-08,
      0.9997285412828225
    ],
    [
      0.1541307967180375,
      0.0024641867228607324,
      0.0017221776817469008,
      0.8416828388773552
    ],
    [
      0.595242868968766,
      2.0841506954750853e-07,
      0.00014854034803880878,
      0.4046083822681254
    ],
    [
      0.00012616795780717187,
      6.569996485559324e-05,
      6.069755922443993e-08,
      0.9998080713797778
    ],
    [
      1.6047962610111193e-05,
      0.002208340935882797,
      6.052513488832927e-08,
      0.9977755505763727
    ],
    [
      0.8195567280582582,
      7.536191889987564e-08,
      0.00028774210629099295,
      0.180155454473532
    ],
    [
      1.2090017211289963e-06,
      0.00027602067458477647,
      1.6123164482089302e-09,
      0.9997227687113778
    ],
    [
      0.013387712112185745,
      0.000686440758885011,
      3.7265999933001956e-05,
      0.9858885811289967
    ],
    [
      1.1690460448289652e-06,
      7.63041103222083e-07,
      5.857920865249615e-11,
      0.9999980678542727
    ],
    [
      0.016143118025813915,
      1.615571072795545e-05,
      6.286760812976372e-06,
      0.983834439502645
    ],
    [
      0.0017211944879701538,
      0.00011764367806525874,
      1.3548383920564885e-06,
      0.9981598069955728
    ],
    [
      3.576808623290613e-05,
      7.497521830718649e-06,
      5.264997077406566e-09,
      0.9999567291269396
    ],
    [
      0.035188038003471665,
      6.310903790416918e-05,
      3.283081484430189e-05,
      0.9647160221437796
    ],
    [
      0.261365120366515,
      9.769507218735421e-08,
      2.1811617538339724e-05,
      0.7386129703208746
    ],
    [
      3.6216186219720185e-06,
      0.0003134479916746597,
      4.673755846115041e-09,
      0.9996829257159476
    ],
    [
      0.05958072775908768,
      8.155498857798298e-07,
      7.351782668506574e-06,
      0.9404111049083583
    ],
    [
      0.9683152604641954,
      2.8354828892065874e-08,
      0.0012000588737911804,
      0.03048465230718481
    ],
    [
      0.8514600909495048,
      3.553358733525859e-07,
      0.0007481642642731146,
      0.14779138945034845
    ],
    [
      0.9690634869410671,
      3.845738567591126e-08,
      0.02902515184988518,
      0.0019113227516624463
    ],
    [
      0.005927095951729761,
      0.0003301724239309221,
      9.603550189509304e-06,
      0.9937331280741499
    ],
    [
      0.4186787033682152,
      0.00024665571173943505,
      0.00238467963931074,
      0.5786899612807347
    ],
    [
      9.20064339711255e-05,
      0.00011343249376480763,
      5.939150634594443e-08,
      0.9997945016807578
    ],
    [
      0.5730012864542589,
      2.8613239983310087e-09,
      2.05688262338164e-05,
      0.4269781418581832
    ],
    [
      6.8614967387107895e-06,
      9.608979097558052e-09,
      3.7322950048024876e-11,
      0.9999931288569592
    ],
    [
      0.004835338566807215,
      0.00015354501540586397,
      5.002401478662606e-06,
      0.9950061140163083
    ],
    [
      0.9607005061206871,
      3.645445416602179e-08,
      0.0010710029955438365,
      0.03822845442931532
    ],
    [
      0.9564983940014807,
      2.0879252746502148e-10,
      9.755329930531972e-05,
      0.04340405249042154
    ],
    [
      7.531257330026308e-07,
      3.657829486624555e-06,
      9.004241354852477e-11,
      0.9999955889547382
    ],
    [
      0.10263487483641,
      7.70184291636777e-06,
      4.448857290420541e-05,
      0.8973129347477691
    ],
    [
      7.165685411950535e-08,
      1.3718150164335707e-06,
      6.657996547460527e-12,
      0.9999985565214713
    ],
    [
      1.1979336116613276e-05,
      7.282294550123357e-05,
      6.1878585015051206e-09,
      0.9999151915305239
    ],
    [
      0.06436465397694392,
      4.056823235148162e-07,
      5.859674142679304e-06,
      0.9356290806665897
    ],
    [
      0.0005723563194183528,
      4.858318255167511e-07,
      2.4444382510897716e-08,
      0.9994271334043735
    ],
    [
      0.016005154662130004,
      0.0002855841095196824,
      2.832138116631323e-05,
      0.983680939847184
    ],
    [
      7.590549597332792e-05,
      6.341052031405187e-05,
      3.54315968834976e-08,
      0.999860648552116
    ],
    [
      0.0005952569349988943,
      1.2010435426191713e-06,
      3.963695660493915e-08,
      0.9994035023845019
    ],
    [
      0.005420383037719063,
      4.833354493147461e-07,
      3.0987733166641934e-07,
      0.9945788237494999
    ],
    [
      0.00042628115753545173,
      2.9921411923783457e-07,
      1.4033756588391066e-08,
      0.9995734055945883
    ],
    [
      0.9931101382853821,
      8.772820980409804e-10,
      0.0014466984081491774,
      0.00544316242918664
    ],
    [
      0.000356609226300515,
      3.090994800539401e-05,
      1.198501419615821e-07,
      0.9996123609755523
    ],
    [
      0.0077204980795118625,
      7.373542739365255e-06,
      1.7656933296158939e-06,
      0.9922703626844191
    ],
    [
      0.3332908806583333,
      4.802554443253072e-05,
      0.0006508434515278841,
      0.6660102503457066
    ],
    [
      0.0006591560680824304,
      2.488890540321447e-06,
      6.355799352113956e-08,
      0.9993382914833837
    ],
    [
      0.001090700319596855,
      5.710434870627698e-09,
      6.520169978396297e-09,
      0.9989092874497985
    ],
    [
      4.194984900968961e-06,
      0.00042164176020006874,
      6.377437762962817e-09,
      0.9995741568774614
    ],
    [
      0.975520563337806,
      4.973737689959435e-09,
      0.0006928814039167358,
      0.0237865502845394
    ],
    [
      0.2586105852390223,
      1.4244407677934872e-05,
      0.00022920962315511932,
      0.7411459607301442
    ],
    [
      0.9785436846966479,
      9.633058881627e-13,
      0.021408720071713513,
      4.759523067520218e-05
    ],
    [
      0.0050409735516616545,
      6.42065911845353e-07,
      3.2582634529607415e-07,
      0.994958058556081
    ],
    [
      1.5451995150707038e-06,
      1.0189427965455051e-05,
      3.034423420088702e-10,
      0.9999882650690777
    ],
    [
      0.00011925918532281294,
      1.2711196939030227e-07,
      2.3735492225295222e-09,
      0.9998806113291581
    ],
    [
      0.00026694950339106646,
      4.358334797078901e-07,
      1.013201073437086e-08,
      0.9997326045311185
    ],
    [
      0.9823886128413247,
      8.042216737767344e-08,
      0.004988259399600972,
      0.012623047336907042
    ],
    [
      0.025343632967558954,
      0.0012921458809258604,
      0.00011439897856001542,
      0.9732498221729555
    ],
    [
      0.015644877369600078,
      7.624441501781631e-07,
      1.3517759800979422e-06,
      0.9843530084102696
    ],
    [
      0.9684592404713861,
      1.1245182369985237e-07,
      0.0024290996594728683,
      0.029111547417317373
    ],
    [
      4.1945996067048814e-05,
      6.617352025482268e-06,
      5.78903945307539e-09,
      0.9999514308628684
    ],
    [
      6.096401698473855e-05,
      1.353885491282248e-07,
      1.2093924837462518e-09,
      0.9999388993850736
    ],
    [
      0.7600752219058108,
      0.0002601065366436931,
      0.013267415291958391,
      0.22639725626558738
    ],
    [
      6.470905093317334e-06,
      4.541699707392383e-05,
      2.6401185764537428e-09,
      0.9999481094577143
    ],
    [
      0.00034766957863796414,
      3.241323636448602e-06,
      3.628351247811924e-08,
      0.9996490528142131
    ],
    [
      0.0004047446581172777,
      9.318161847337831e-07,
      2.2994313441882392e-08,
      0.9995943005313844
    ],
    [
      0.01365788850990585,
      8.669932109262213e-07,
      1.220161292486807e-06,
      0.9863400243355912
    ],
    [
      0.05954802183703612,
      8.797015239205955e-06,
      2.326731331175534e-05,
      0.9404199138344127
    ],
    [
      0.0028295722749431397,
      7.933314193850812e-07,
      1.8521380564314067e-07,
      0.9971694491798317
    ],
    [
      0.0008877182573433713,
      0.0001740198293287329,
      8.123171637007455e-07,
      0.9989374495961645
    ],
    [
      0.11779651027444528,
      2.775301053173948e-07,
      1.0981787430154391e-05,
      0.8821922304080191
    ],
    [
      0.03450886104621523,
      0.0001336780545540672,
      4.769550791645583e-05,
      0.9653097653913142
    ],
    [
      1.1921310480604751e-06,
      2.6133821723997344e-05,
      4.0488930954801943e-10,
      0.9999726736423391
    ],
    [
      0.000508176758641551,
      9.598231452073856e-05,
      3.216904796889168e-07,
      0.9993955192363579
    ],
    [
      9.307589002966871e-05,
      3.256965470577164e-08,
      9.62529559644226e-10,
      0.9999068905777863
    ],
    [
      1.2688009237927958e-06,
      5.956252140285026e-06,
      1.8878143076600487e-10,
      0.9999927747581547
    ],
    [
      0.03882258008335462,
      5.366356227449909e-07,
      3.503737909856072e-06,
      0.9611733795431125
    ],
    [
      0.1567373135203117,
      1.9431525954542216e-08,
      4.9964110781983386e-06,
      0.8432576706370838
    ],
    [
      0.006173896454239159,
      2.5735399653285895e-07,
      2.684391682732122e-07,
      0.9938255777525962
    ],
    [
      0.00043746123625815317,
      1.852046062753748e-05,
      1.137583952799053e-07,
      0.9995439045447192
    ],
    [
      0.0001087322742182532,
      4.070824056465577e-06,
      1.1937932043595905e-08,
      0.9998871849637933
    ],
    [
      0.6573586048206164,
      1.548852071287729e-07,
      0.00017042645683001874,
      0.342470813837347
    ],
    [
      0.3926853102110676,
      6.164901762637007e-08,
      3.531659405093919e-05,
      0.6072793115458641
    ],
    [
      0.2932802621055834,
      0.0004516464673781099,
      0.0017540354747252085,
      0.7045140559523131
    ],
    [
      3.5304590152140533e-09,
      3.878979959065672e-08,
      7.953285458738946e-14,
      0.9999999576796618
    ],
    [
      0.21961854595210206,
      2.8823211370568175e-06,
      8.076307469097026e-05,
      0.7802978086520703
    ],
    [
      0.07647329495946036,
      1.236863546434522e-06,
      1.2383898878099371e-05,
      0.9235130842781153
    ],
    [
      0.022620841246350346,
      7.824444338811147e-06,
      6.558975599106086e-06,
      0.9773647753337116
    ],
    [
      0.8542282322414753,
      6.504748889784905e-07,
      0.0010253908345989051,
      0.14474572644903713
    ],
    [
      0.07082843388413314,
      2.4602844159011506e-06,
      1.557876015483087e-05,
      0.9291535270712962
    ],
    [
      0.0008963378752786712,
      4.0253651699026896e-06,
      1.1328732725156298e-07,
      0.9990995234722242
    ],
    [
      0.09217536621862372,
      2.163999427883868e-06,
      2.0714168748297076e-05,
      0.9078017556132
    ],
    [
      0.12828062483125666,
      0.004726033781038857,
      0.0019535909167822142,
      0.865039750470922
    ],
    [
      0.5300334423664197,
      6.6183946564806e-07,
      0.0001923658554296864,
      0.46977352993868493
    ],
    [
      0.8377938946462303,
      7.8179512837141e-08,
      0.0003314717666071807,
      0.16187455540764958
    ],
    [
      5.6500358853981375e-08,
      6.958682672406265e-08,
      1.1103956197445222e-12,
      0.9999998739117038
    ],
    [
      2.2770763530038953e-07,
      9.594415380180517e-07,
      1.4996024012574304e-11,
      0.9999988128358308
    ],
    [
      0.030807906423581412,
      0.0022222938648171096,
      0.00019830363836291409,
      0.9667714960732386
    ],
    [
      0.07295348459456664,
      4.683458548542778e-06,
      2.2152244657934595e-05,
      0.9270196797022272
    ],
    [
      0.2575127331371852,
      1.6238560240756062e-09,
      3.6684769859368036e-06,
      0.7424835967619725
    ],
    [
      0.06841310740029684,
      0.0001195922290241439,
      0.00010669570999419375,
      0.9313606046606847
    ],
    [
      4.88401700222772e-06,
      0.000232462781485282,
      5.163601607973091e-09,
      0.9997626480379108
    ],
    [
      0.07102803340704808,
