{
  "dataset": "blobs",
  "algorithm": "gmm",
  "params": {
    "n_components": 6,
    "covariance_type": "full"
  },
  "labels": [
    1,
    2,
    0,
    4,
    2,
    2,
    1,
    2,
    5,
    2,
    5,
    4,
    0,
    3,
    2,
    0,
    3,
    1,
    1,
    4,
    5,
    4,
    0,
    1,
    1,
    2,
    2,
    1,
    1,
    3,
    2,
    3,
    4,
    4,
    2,
    2,
    5,
    5,
    1,
    1,
    2,
    0,
    4,
    4,
    3,
    0,
    5,
    0,
    2,
    1,
    2,
    3,
    1,
    2,
    0,
    4,
    4,
    1,
    2,
    1,
    1,
    3,
    2,
    1,
    5,
    2,
    2,
    1,
    5,
    2,
    5,
    2,
    2,
    1,
    4,
    1,
    4,
    2,
    0,
    4,
    2,
    0,
    2,
    3,
    1,
    1,
    1,
    1,
    5,
    4,
    1,
    2,
    5,
    2,
    0,
    1,
    3,
    5,
    3,
    1,
    5,
    0,
    0,
    1,
    1,
    4,
    4,
    1,
    4,
    1,
    2,
    1,
    1,
    1,
    1,
    2,
    5,
    1,
    2,
    2,
    3,
    0,
    2,
    5,
    1,
    0,
    5,
    2,
    2,
    1,
    1,
    5,
    5,
    2,
    0,
    1,
    1,
    1,
    5,
    5,
    2,
    1,
    0,
    5,
    2,
    1,
    1,
    4,
    4,
    4,
    2,
    2,
    5,
    5,
    3,
    1,
    4,
    1,
    2,
    2,
    1,
    1,
    0,
    5,
    2,
    4,
    5,
    2,
    1,
    1,
    2,
    3,
    4,
    1,
    1,
    4,
    3,
    2,
    2,
    2,
    3,
    1,
    3,
    4,
    1,
    1,
    3,
    0,
    4,
    2,
    2,
    1,
    1,
    2,
    4,
    2,
    3,
    3,
    1,
    2,
    3,
    4,
    2,
    1,
    5,
    1,
    2,
    5,
    0,
    1,
    1,
    2,
    1,
    4,
    3,
    2,
    3,
    1,
    4,
    0,
    5,
    4,
    1,
    3,
    5,
    3,
    4,
    2,
    2,
    5,
    2,
    5,
    4,
    2,
    1,
    2,
    3,
    2,
    0,
    5,
    5,
    2,
    3,
    5,
    1,
    1,
    5,
    3,
    4,
    2,
    4,
    4,
    4,
    4,
    5,
    5,
    1,
    4,
    2,
    5,
    3,
    3,
    1,
    4,
    2,
    2,
    5,
    4,
    5,
    2,
    3,
    4,
    0,
    1,
    3,
    4,
    4,
    0,
    1,
    2,
    3,
    5,
    5,
    4,
    2,
    4,
    0,
    1,
    5,
    2,
    2,
    3,
    4,
    0,
    1,
    5,
    1,
    5,
    2,
    0,
    2,
    1,
    0,
    5,
    3,
    0,
    2,
    2,
    5,
    0,
    2,
    1,
    0,
    0,
    0,
    2,
    1,
    0,
    5,
    0,
    1,
    0,
    5,
    1,
    1,
    1,
    2,
    1,
    1,
    1,
    1,
    1,
    4,
    1,
    0,
    1,
    4,
    4,
    1,
    0,
    5,
    5,
    4,
    4,
    2,
    4,
    2,
    3,
    5,
    2,
    2,
    0,
    2,
    1,
    1,
    2,
    1,
    3,
    2,
    4,
    0,
    4,
    2,
    2,
    1,
    5,
    2,
    5,
    5,
    1,
    4,
    2,
    0,
    2,
    1,
    5,
    1,
    0,
    1,
    1,
    2,
    1,
    3,
    2,
    1,
    2,
    4,
    2,
    1,
    2,
    1,
    5,
    4,
    3,
    2,
    2,
    5,
    3,
    4,
    3,
    0,
    1,
    2,
    4,
    5,
    0,
    2,
    1,
    2,
    2,
    2,
    4,
    0,
    2,
    4,
    5,
    3,
    4,
    0,
    4,
    0,
    4,
    1,
    2,
    5,
    4,
    2,
    1,
    4,
    5,
    5,
    2,
    2,
    2,
    1,
    2,
    0,
    1,
    3,
    4,
    1,
    5,
    1,
    0,
    4,
    2,
    2,
    2,
    4,
    5,
    5,
    1,
    4,
    2,
    2,
    2,
    5,
    2,
    3,
    0,
    1,
    0,
    2,
    5,
    4,
    0,
    3,
    0,
    2,
    3,
    1,
    1,
    3,
    4,
    1,
    1,
    4,
    2,
    5,
    2,
    0,
    4,
    1,
    1,
    4,
    2,
    1,
    1,
    0,
    1,
    1,
    4,
    1,
    2,
    4,
    1,
    4,
    2,
    2,
    0
  ],
  "means": [
    {
      "x": 5.449884207046454,
      "y": 1.986576639857125
    },
    {
      "x": -8.6815307391522,
      "y": 7.455456488097763
    },
    {
      "x": -7.00096490073583,
      "y": -6.904457538283394
    },
    {
      "x": -2.0629220169893676,
      "y": 9.817378683651944
    },
    {
      "x": -2.969324842564845,
      "y": 8.59893705314704
    },
    {
      "x": 4.090276637049818,
      "y": 1.8694488789778325
    }
  ],
  "probabilities": [
    [
      9.809021624849129e-59,
      0.9999999999999574,
      4.253924786733651e-39,
      9.289158023386477e-17,
      4.240449531240735e-14,
      5.8973913400625875e-52
    ],
    [
      5.980525226726877e-105,
      8.351532830057117e-45,
      1.0,
      1.871773909584418e-114,
      4.1226344574254787e-159,
      5.886293133973429e-83
    ],
    [
      0.9846887983486247,
      3.6332262596026057e-75,
      2.191158905200498e-61,
      5.187932126170431e-40,
      1.929474804047569e-35,
      0.015311201651375374
    ],
    [
      3.2925159280874308e-28,
      5.15086720554375e-10,
      9.044656141604894e-51,
      0.0183574369296383,
      0.9816425625552749,
      7.628250378824674e-25
    ],
    [
      9.311263037031416e-72,
      1.7692565924872292e-48,
      1.0,
      3.3831352534620915e-96,
      1.1209928321594415e-129,
      3.1467260166118763e-55
    ],
    [
      1.7011199270780867e-77,
      5.073370018842323e-51,
      1.0,
      1.1148048903211591e-102,
      1.4856697557060313e-139,
      4.491196471009533e-60
    ],
    [
      2.1040045834881668e-47,
      0.9999917331862024,
      4.0022410886845093e-42,
      8.800345686716496e-09,
      8.258013452405119e-06,
      5.5751442177324435e-42
    ],
    [
      7.075206624887213e-78,
      9.78983594811238e-46,
      1.0,
      1.825991196600903e-97,
      3.176917440290881e-132,
      3.046908286404782e-60
    ],
    [
      0.06299800296362937,
      9.407206931024439e-49,
      1.1927283157166831e-45,
      8.638951298354067e-25,
      1.6565267854444599e-21,
      0.9370019970363705
    ],
    [
      2.029038995346864e-85,
      7.407572743889143e-45,
      1.0,
      1.4211399776167825e-101,
      7.443575052082943e-139,
      1.55294907377816e-66
    ],
    [
      0.10194016880994493,
      1.221713643109665e-53,
      5.053909138486275e-44,
      7.838847643533067e-30,
      3.3840153939777826e-26,
      0.8980598311900555
    ],
    [
      1.4493755477744858e-22,
      4.56474246470886e-16,
      4.9913049751732995e-59,
      0.3956275392470397,
      0.6043724607529601,
      2.2128353947247706e-20
    ],
    [
      0.9836406485664513,
      9.373176609834835e-77,
      4.156603329195554e-56,
      7.062633932337075e-44,
      1.4599495844935921e-38,
      0.016359351433548545
    ],
    [
      1.0160133856139588e-31,
      6.322366548494933e-16,
      2.216697626457727e-71,
      0.9827546135196411,
      0.01724538648035847,
      1.9074432781477625e-30
    ],
    [
      4.758722192726341e-66,
      1.2194202050397968e-32,
      1.0,
      3.608088640770973e-76,
      2.926915032597157e-101,
      3.756246072669357e-50
    ],
    [
      0.8271888059529138,
      8.168061361749634e-68,
      1.1271415553137372e-50,
      1.1895391029755246e-38,
      5.596308167399461e-34,
      0.17281119404708656
    ],
    [
      3.988322635742827e-34,
      2.842566793344838e-13,
      1.282247169290536e-68,
      0.8637878001705889,
      0.13621219982912683,
      1.5548558826022154e-32
    ],
    [
      5.084917658660322e-81,
      1.0,
      3.472758661326108e-46,
      1.222493824290268e-25,
      6.700146411497004e-22,
      3.868466705713682e-74
    ],
    [
      1.735984975602379e-71,
      0.9999999999999551,
      3.956866217568778e-50,
      3.066868839812042e-18,
      4.503377964248061e-14,
      6.178927625807845e-66
    ],
    [
      1.7301436773332058e-32,
      1.1463546288717604e-07,
      1.0315329981310926e-50,
      0.01009824466471904,
      0.989901640699818,
      6.156897613414773e-29
    ],
    [
      0.04593041710825962,
      6.701565916544924e-45,
      1.0740334143148594e-46,
      6.272075355865367e-21,
      5.610861979559608e-18,
      0.9540695828917402
    ],
    [
      9.111625823216836e-24,
      1.1161870232629581e-11,
      8.200973154965528e-49,
      0.02077755383222677,
      0.9792224461566111,
      2.068725594821437e-20
    ],
    [
      0.6986813708299346,
      2.853470678317214e-60,
      9.052401007898875e-57,
      3.7379452391535945e-29,
      8.924941880923517e-26,
      0.30131862917006547
    ],
    [
      3.3047514613308116e-56,
      0.9999999997081971,
      8.557396622127264e-43,
      2.0826815696183107e-13,
      2.9159450689744586e-10,
      2.8460190997300617e-50
    ],
    [
      1.3485151569041008e-74,
      1.0,
      5.804899309278085e-45,
      1.1543150427704608e-22,
      3.795786859481206e-19,
      7.421742557598092e-68
    ],
    [
      7.291954257848537e-79,
      4.3308417802334475e-48,
      1.0,
      1.4524561326910377e-100,
      9.803357402988445e-137,
      4.04345332044973e-61
    ],
    [
      6.1888467660558675e-74,
      6.736473254373273e-36,
      1.0,
      1.1149552761487015e-84,
      8.961754005948512e-114,
      7.877782167102556e-57
    ],
    [
      5.017817157517742e-64,
      0.9999999999985123,
      4.633966187827223e-46,
      3.861617590514231e-16,
      1.487286496169559e-12,
      3.684278117581577e-58
    ],
    [
      1.6507558829272024e-69,
      0.999999999999893,
      5.085379540487622e-49,
      1.0625472917472845e-17,
      1.0731018875361215e-13,
      7.340919353944233e-64
    ],
    [
      2.5051575259946515e-28,
      7.748215667893779e-17,
      6.18224926227791e-69,
      0.968243366593599,
      0.03175663340640089,
      6.631045712278308e-27
    ],
    [
      2.471444537949709e-83,
      1.2427837874923093e-48,
      1.0,
      4.0141434409063195e-104,
      2.5150996235824373e-142,
      7.491375735783488e-65
    ],
    [
      1.9970333952473263e-31,
      4.0266624819427776e-17,
      1.231821063346016e-73,
      0.9961506634748772,
      0.003849336525122961,
      2.2597253814913414e-30
    ],
    [
      6.191746804421558e-34,
      8.655876138580556e-09,
      1.5312107891851627e-55,
      0.024989855859291334,
      0.9750101354848328,
      6.910902361121595e-31
    ],
    [
      6.496274286018252e-38,
      2.888659146964524e-08,
      6.249463589481246e-60,
      0.046337697866650304,
      0.9536622732467585,
      2.8758151479402084e-35
    ],
    [
      4.233716681193196e-80,
      3.298283343052291e-49,
      1.0,
      1.4901360668775778e-102,
      1.0380969808110915e-139,
      3.5439007676828777e-62
    ],
    [
      3.070711653102362e-87,
      8.692644973225104e-51,
      1.0,
      5.405336304781286e-109,
      8.909462713835961e-150,
      3.792669954769521e-68
    ],
    [
      0.11670335606923171,
      8.381094843721962e-50,
      1.3218391591214981e-48,
      3.741098776606481e-24,
      6.0229722375177604e-21,
      0.8832966439307685
    ],
    [
      0.02554176381919183,
      4.2876823902628624e-44,
      4.602191108839486e-44,
      1.2775388002399716e-21,
      1.3513325573336791e-18,
      0.9744582361808077
    ],
    [
      6.327831573715697e-72,
      0.9999999999999992,
      8.522023951856402e-48,
      1.1100962458651704e-19,
      9.156937299879306e-16,
      6.721315709541229e-66
    ],
    [
      4.407361007677476e-61,
      0.9999999999997993,
      4.025937176664608e-42,
      1.6421760956374017e-16,
      2.004682874287826e-13,
      1.09458225227088e-54
    ],
    [
      1.4349169623872738e-89,
      1.1709934585390176e-45,
      1.0,
      3.57951896092818e-105,
      1.9708414051259423e-144,
      5.1050818719220634e-70
    ],
    [
      0.908226531459077,
      1.4252563926588379e-66,
      8.729490867140949e-60,
      3.0447941664283806e-33,
      1.514251244225578e-29,
      0.09177346854092311
    ],
    [
      9.202292719466706e-33,
      3.9422138373562986e-12,
      1.0051578252233922e-63,
      0.41882038440279634,
      0.5811796155932614,
      1.0966737032335745e-30
    ],
    [
      4.2310122642517525e-24,
      1.0156745050206096e-14,
      1.4286202312928556e-57,
      0.21532731429293187,
      0.7846726857070583,
      1.100119996715006e-21
    ],
    [
      5.372256368385871e-23,
      2.2394493859471163e-21,
      6.737335862574677e-72,
      0.998653586696094,
      0.0013464133039065129,
      4.968932403164082e-22
    ],
    [
      0.9518879346694915,
      8.794213627349013e-70,
      1.2834224846736673e-60,
      1.1590364186558049e-35,
      1.107021539433756e-31,
      0.04811206533050808
    ],
    [
      0.3268103922407192,
      5.392257074636612e-56,
      1.2939444756448295e-50,
      1.940724313812764e-28,
      7.699358104643109e-25,
      0.6731896077592808
    ],
    [
      0.7019258976403907,
      5.67945101873961e-64,
      1.9889959529089753e-51,
      6.325701035375177e-35,
      1.2191566924214098e-30,
      0.29807410235960924
    ],
    [
      9.250657955565163e-86,
      2.5126382120158848e-44,
      1.0,
      3.0259417907415415e-101,
      2.0804286354350148e-138,
      8.120397720401451e-67
    ],
    [
      2.737155313548229e-75,
      1.0,
      3.736641725066084e-45,
      5.922047531546996e-23,
      2.101158214501122e-19,
      1.5235603987993553e-68
    ],
    [
      5.4948785551775146e-104,
      1.553295745570047e-52,
      1.0,
      4.4626443505244004e-122,
      1.309817840524293e-170,
      4.1480469533462e-82
    ],
    [
      2.004004692427281e-39,
      3.621746558885251e-12,
      3.699046990630609e-73,
      0.9564443937705284,
      0.04355560622585008,
      3.122616262580682e-38
    ],
    [
      1.4478343372442726e-78,
      1.0,
      1.072766864014895e-46,
      5.496220680563485e-24,
      3.660339961209751e-20,
      6.249460102446663e-72
    ],
    [
      1.6929437834444785e-79,
      4.869363276391142e-50,
      1.0,
      5.199347769632182e-103,
      2.756590288376689e-140,
      1.0599833926020391e-61
    ],
    [
      0.6843491787710997,
      2.428968397775379e-55,
      7.545324277849566e-62,
      1.4149943476673833e-22,
      8.784902860217987e-21,
      0.31565082122889987
    ],
    [
      1.2255436413607853e-36,
      2.0766700657863425e-09,
      1.6712308018375454e-61,
      0.10388816458118215,
      0.8961118333421481,
      3.3014116215562483e-34
    ],
    [
      1.0954767066497024e-28,
      1.2564125760685438e-12,
      1.0846721511353168e-58,
      0.15910228145708566,
      0.8408977185416581,
      3.440493168980482e-26
    ],
    [
      9.765597866925789e-74,
      0.9999999999999295,
      1.9684513870716116e-52,
      2.5224983257777143e-18,
      7.07073764502145e-14,
      1.6687981435916707e-68
    ],
    [
      7.315481687834082e-84,
      2.1996337995703605e-52,
      1.0,
      2.1850802331221438e-108,
      1.6519972491474274e-148,
      2.1701853937232336e-65
    ],
    [
      8.96494884028449e-81,
      1.0,
      2.5570349167956876e-38,
      8.965052359219758e-30,
      7.610200347884337e-28,
      2.648281933940317e-72
    ],
    [
      1.7235093376071652e-77,
      0.9999999999999992,
      2.5186073734419108e-52,
      1.828676683166646e-20,
      6.813468906940293e-16,
      4.908483383203377e-72
    ],
    [
      8.219060298926688e-30,
      5.564446830858816e-15,
      9.584980456313972e-67,
      0.86434722025152,
      0.13565277974847453,
      3.9261416869356488e-28
    ],
    [
      1.5274138520422473e-85,
      1.0278133723344409e-44,
      1.0,
      1.6573696806077128e-101,
      9.075139483130539e-139,
      1.2276556538018909e-66
    ],
    [
      1.4668707991384188e-68,
      1.0,
      7.056249527787255e-41,
      2.0711837688500557e-21,
      1.394432169430811e-18,
      2.0306752410714697e-61
    ],
    [
      0.35266725745034494,
      1.232181954354772e-52,
      8.569087245864866e-55,
      1.6667394704015477e-23,
      1.0589675706091071e-20,
      0.6473327425496551
    ],
    [
      3.1277740425627206e-80,
      4.915768633808661e-34,
      1.0,
      7.284413419300839e-87,
      2.697906040969554e-117,
      3.514942643873265e-62
    ],
    [
      9.204373912693152e-84,
      6.825211706520206e-56,
      1.0,
      5.697021801004189e-112,
      1.2516633467461397e-153,
      1.9632488293111356e-65
    ],
    [
      3.066803038608548e-70,
      1.0,
      4.371441218390757e-29,
      7.157713784622974e-29,
      3.967712842659822e-29,
      1.0768184786948668e-60
    ],
    [
      0.40505319450146954,
      1.1112786229880834e-57,
      6.099113505148405e-51,
      1.0062853462950877e-29,
      5.393527808733629e-26,
      0.5949468054985305
    ],
    [
      3.0671327755848225e-84,
      1.8998468683715773e-50,
      1.0,
      1.2677609016852585e-106,
      5.077411492866243e-146,
      1.1976065091473068e-65
    ],
    [
      0.4353267416797159,
      4.0310700404226113e-53,
      1.2170947119525658e-56,
      4.827823637867764e-23,
      1.770537124201058e-20,
      0.5646732583202843
    ],
    [
      1.2616032437926849e-73,
      1.1895507026722032e-40,
      1.0,
      2.2046955826708153e-89,
      2.282965607280916e-120,
      1.3407947124245117e-56
    ],
    [
      2.3089361724199216e-68,
      2.2880434513228727e-44,
      1.0,
      1.046453251841149e-89,
      3.234638906813055e-120,
      2.8388098593577753e-52
    ],
    [
      6.872908277337747e-68,
      1.0,
      1.5208982500811847e-39,
      9.676397907651186e-22,
      3.7001054495604662e-19,
      1.5382681497068634e-60
    ],
    [
      6.414996668848686e-35,
      2.706921711015702e-10,
      1.549294926665046e-61,
      0.1456157368781748,
      0.854384262851133,
      1.5483210507553694e-32
    ],
    [
      1.148770331247308e-79,
      0.9999999999999992,
      1.0271441472310439e-54,
      1.851400350076617e-20,
      1.3951987416240491e-15,
      1.4200821596079846e-74
    ],
    [
      4.587669386074897e-23,
      1.4702032125353996e-14,
      1.935193396481771e-55,
      0.12727575171353647,
      0.8727242482864486,
      1.7949892217418828e-20
    ],
    [
      3.412723345999915e-88,
      2.0453574532291264e-48,
      1.0,
      3.7764632030134895e-107,
      3.3942482427966393e-147,
      6.753533109359927e-69
    ],
    [
      0.576332316977862,
      1.2275278334829231e-60,
      3.982868994521822e-52,
      1.087121274167809e-31,
      9.063934891810066e-28,
      0.42366768302213814
    ],
    [
      3.389098287735131e-30,
      3.074227009874905e-08,
      4.0512583646751115e-49,
      0.01030108751899312,
      0.9896988817387369,
      1.4793318556373537e-26
    ],
    [
      3.599490770740387e-84,
      3.4806662205907383e-53,
      1.0,
      1.98423003760031e-109,
      4.8335896101561475e-150,
      1.137691654333012e-65
    ],
    [
      0.7317746437302143,
      4.9321503086224454e-60,
      2.2768825408035873e-58,
      3.315249501390984e-28,
      4.225663437578863e-25,
      0.2682253562697856
    ],
    [
      2.0403804860783216e-84,
      4.813379393343091e-42,
      1.0,
      5.724906298545014e-98,
      1.4714784711144743e-133,
      1.1196418258220889e-65
    ],
    [
      7.625153391506449e-28,
      1.0911495585491284e-17,
      3.5816695959645316e-70,
      0.9862479223919429,
      0.013752077608057002,
      1.4897168093623218e-26
    ],
    [
      7.24564080679519e-86,
      1.0,
      1.7000263394366575e-48,
      3.8856790210157034e-27,
      6.028989859775025e-23,
      3.454340400469389e-79
    ],
    [
      8.454373639761212e-83,
      1.0,
      1.0617084135379704e-39,
      3.624670878100647e-30,
      6.23112540328468e-28,
      1.7610735803181197e-74
    ],
    [
      9.671612002229935e-79,
      0.999999999999992,
      3.504199745716394e-55,
      1.0338101519413003e-19,
      7.720811247525144e-15,
      8.689417656895663e-74
    ],
    [
      1.1775471870152962e-68,
      0.9999999955948305,
      1.307196302987449e-56,
      1.8848771011713353e-13,
      4.404980962615003e-09,
      1.7452744097404352e-64
    ],
    [
      0.11818651175594064,
      1.5466080060467925e-54,
      4.91750358983406e-44,
      1.3645324352271495e-30,
      6.746993426255126e-27,
      0.8818134882440597
    ],
    [
      5.5985799757238344e-27,
      1.9923377278149227e-13,
      2.3531633656783933e-58,
      0.18458845179037034,
      0.8154115482094304,
      1.6255985845630019e-24
    ],
    [
      1.274322785848148e-68,
      1.0,
      6.166771235412467e-44,
      7.899764075453432e-20,
      1.7635907981589413e-16,
      4.638771181195519e-62
    ],
    [
      2.2048915262283026e-67,
      1.1348072499112009e-36,
      1.0,
      3.577982338544376e-81,
      2.6725452878726028e-108,
      2.6562311470674226e-51
    ],
    [
      0.04582946349591291,
      2.991043713729132e-51,
      1.7286991487332042e-41,
      3.708252003483342e-29,
      1.0256692001805733e-25,
      0.9541705365040876
    ],
    [
      4.31652432798552e-80,
      2.7031375900822638e-46,
      1.0,
      1.5979479818898524e-99,
      2.1588593643482688e-135,
      4.213964821924488e-62
    ],
    [
      0.5226025038517738,
      2.355335718857813e-60,
      7.080511928970977e-51,
      4.6414014959560727e-32,
      4.431537094671881e-28,
      0.4773974961482262
    ],
    [
      4.933336982703126e-71,
      1.0,
      2.4906306861866593e-32,
      1.6757023305650632e-27,
      8.177364056656027e-27,
      4.643707146372027e-62
    ],
    [
      2.822790341061926e-33,
      9.199053989156495e-18,
      1.5882919907416817e-77,
      0.9995698495718521,
      0.0004301504281477036,
      1.4910367661014423e-32
    ],
    [
      0.0953123988594099,
      3.454133709754468e-48,
      1.2904052702337936e-48,
      9.193629795772166e-23,
      1.0861847299820588e-19,
      0.9046876011405901
    ],
    [
      4.6429473212522026e-34,
      1.397926005075254e-15,
      1.0786170697439323e-73,
      0.992473143462039,
      0.00752685653796015,
      5.757683616232564e-33
    ],
    [
      1.4295283989266871e-61,
      0.9999999999999983,
      1.635908780059236e-39,
      3.720772192205314e-18,
      1.811307420898472e-15,
      1.1583129199528814e-54
    ],
    [
      0.2777872913118228,
      1.5070985294538247e-57,
      3.481980253376779e-47,
      1.6403361817953883e-31,
      1.2821023058002587e-27,
      0.7222127086881774
    ],
    [
      0.5004077291593991,
      5.206310857919639e-56,
      1.4167668965428118e-55,
      4.92925900693989e-26,
      5.690525250017186e-23,
      0.49959227084060104
    ],
    [
      0.9436318791022857,
      4.0817429798820996e-71,
      4.871768403992834e-56,
      5.848966678184378e-39,
      2.87818627893547e-34,
      0.05636812089771447
    ],
    [
      6.7940290473202155e-74,
      0.9999999999991953,
      2.0313183618433394e-54,
      2.0472043027320933e-17,
      8.04700792851742e-13,
      4.88823845475297e-69
    ],
    [
      2.0581055733367234e-65,
      1.0,
      1.5083317679272421e-40,
      8.535616704154475e-20,
      5.534903340132214e-17,
      1.9987991200453696e-58
    ],
    [
      5.0249627560053825e-27,
      5.604604514105707e-12,
      3.236427047977621e-54,
      0.05100069802931782,
      0.9489993019650776,
      4.219303168917415e-24
    ],
    [
      3.648824769495215e-36,
      1.218977694940677e-10,
      1.150672895061993e-64,
      0.3405962714039492,
      0.6594037284741529,
      4.124559449376766e-34
    ],
    [
      1.1654221100627531e-79,
      1.0,
      1.48473236462298e-30,
      1.626940586412843e-33,
      6.072743141746489e-34,
      1.1154558207061099e-69
    ],
    [
      2.0143378003014744e-41,
      7.41162105162532e-06,
      4.9582154290673904e-58,
      0.01246572410933587,
      0.9875268642696123,
      1.774183759848697e-38
    ],
    [
      1.3606938373215423e-73,
      1.0,
      6.510866176307252e-42,
      1.0192565839193197e-23,
      9.241152685033054e-21,
      2.571277534609194e-66
    ],
    [
      5.628130823600049e-87,
      2.1030922741277914e-40,
      1.0,
      6.106130837938643e-98,
      1.0716192462358312e-133,
      7.787077651151339e-68
    ],
    [
      7.526177049970568e-79,
      1.0,
      1.4410116376219984e-43,
      8.199878948016289e-26,
      1.3983598820157376e-22,
      1.4372829605565002e-71
    ],
    [
      2.1519833041533582e-72,
      0.9999999994208998,
      1.7877318749035786e-58,
      1.348739060438351e-14,
      5.790870943881082e-10,
      2.178809704287942e-68
    ],
    [
      2.107987373910651e-67,
      1.0,
      9.532288856728229e-41,
      8.038021973553814e-21,
      5.316988106043367e-18,
      2.57565316425632e-60
    ],
    [
      8.673754943649684e-67,
      0.9999999999999925,
      7.527083669559058e-45,
      2.5610844059152647e-18,
      7.609757371520758e-15,
      1.6131249883733908e-60
    ],
    [
      1.0211350215963485e-87,
      2.03440552406095e-35,
      1.0,
      3.4093563046139492e-93,
      8.261686383113127e-127,
      1.596530057597871e-68
    ],
    [
      0.08554969532595981,
      1.2561443250365998e-49,
      8.990698578460813e-47,
      5.960239903005007e-25,
      1.1916823465027195e-21,
      0.9144503046740404
    ],
    [
      1.1660243789605462e-69,
      0.9999999999999973,
      1.2133527794122239e-46,
      5.259385002449325e-19,
      2.866690842052098e-15,
      1.5033748624036107e-63
    ],
    [
      1.5854382016870454e-98,
      4.2211472107131556e-55,
      1.0,
      3.907567882258509e-121,
      9.441602459286724e-169,
      1.3242108865060437e-77
    ],
    [
      3.1290965615731057e-84,
      1.7043461577873071e-47,
      1.0,
      1.5445007709493263e-103,
      1.4052972905933286e-141,
      1.4096989140229636e-65
    ],
    [
      4.136807801449318e-28,
      3.035868235812163e-14,
      1.6454288203318155e-62,
      0.5238286458978539,
      0.4761713541021155,
      4.733904262573299e-26
    ],
    [
      0.8803264315891124,
      1.8352553296782887e-65,
      6.53718798364121e-59,
      1.1224886471671074e-32,
      5.50374600533503e-29,
      0.11967356841088751
    ],
    [
      6.430088544221171e-81,
      2.2410382584920055e-40,
      1.0,
      6.442364075722971e-94,
      1.8690162311151826e-127,
      9.946098108410326e-63
    ],
    [
      0.1263079425293389,
      1.870052223345791e-50,
      1.432016996871252e-48,
      9.93064689927405e-25,
      1.8197864974412397e-21,
      0.8736920574706611
    ],
    [
      5.545168616257015e-60,
      0.9999958655682998,
      4.612253392632155e-54,
      6.456224383012955e-10,
      4.133786077643201e-06,
      8.174370299057627e-56
    ],
    [
      0.9372930000728897,
      4.881523352299432e-68,
      3.737229624887312e-61,
      6.743930554256637e-34,
      3.117084218152954e-30,
      0.06270699992711043
    ],
    [
      0.085291018416121,
      2.562683900504981e-51,
      3.165948986891952e-45,
      3.2809940306016074e-27,
      9.739606746078106e-24,
      0.9147089815838788
    ],
    [
      6.899666008382866e-89,
      2.462830919099141e-50,
      1.0,
      1.2584926114664203e-109,
      7.209813835399034e-151,
      1.6527345993343354e-69
    ],
    [
      3.0876875582045994e-86,
      4.760229874822144e-41,
      1.0,
      3.952085809510787e-98,
      6.357901324958444e-134,
      3.2893109211283334e-67
    ],
    [
      4.6602517899252244e-67,
      1.0,
      3.175488358021299e-40,
      6.6534713393424675e-21,
      3.565142454690283e-18,
      6.775979034772703e-60
    ],
    [
      5.072797524667542e-67,
      0.9999999999338369,
      1.4278258516141398e-51,
      4.99738516286995e-15,
      6.615843588929989e-11,
      5.344535417901732e-62
    ],
    [
      0.39423769569099804,
      1.3088000209333562e-58,
      1.900740988452919e-49,
      2.8655247930317787e-31,
      2.285172234113162e-27,
      0.605762304309002
    ],
    [
      0.008500573976681193,
      2.813389941619567e-41,
      2.9631955834057836e-40,
      3.118965181980629e-21,
      2.5602112459091614e-18,
      0.9914994260233191
    ],
    [
      6.533630236663091e-73,
      6.260140367434022e-47,
      1.0,
      2.2282093348852334e-95,
      1.0867823391509412e-128,
      3.891638739214006e-56
    ],
    [
      0.7183959973375873,
      1.7025968933877213e-62,
      2.052130624360442e-54,
      3.3831832050246417e-32,
      2.736451883066613e-28,
      0.2816040026624127
    ],
    [
      1.3239627035793129e-71,
      1.0,
      2.0701954946602244e-45,
      9.672717900673373e-21,
      3.6927737821151725e-17,
      3.886735988193689e-65
    ],
    [
      3.664161647056957e-65,
      0.9999999999999534,
      1.1377220337850615e-44,
      1.705804253469974e-17,
      4.6688508910287296e-14,
      5.777257034320249e-59
    ],
    [
      5.243529091627841e-72,
      1.0,
      1.265135502333611e-44,
      2.2192105499093682e-21,
      6.393933822352682e-18,
      2.316589765812408e-65
    ],
    [
      0.005809309511939357,
      1.0019715235722294e-41,
      3.922583332559603e-38,
      8.634072501867013e-23,
      6.580591240023708e-20,
      0.9941906904880609
    ],
    [
      0.093906480027798,
      6.942959040361387e-51,
      3.032247915821802e-46,
      2.6443334765058756e-26,
      6.878747694711714e-23,
      0.906093519972202
    ],
    [
      5.417642804250737e-80,
      1.2039605963312899e-52,
      1.0,
      4.788490530211544e-106,
      1.1614514511688531e-144,
      3.3769386358971676e-62
    ],
    [
      1.1985244539976406e-54,
      0.9999999999995054,
      3.784198170530103e-37,
      1.8845410996643632e-15,
      4.926793315178165e-13,
      7.977289116792211e-48
    ],
    [
      0.8616098884578748,
      7.448616411020421e-60,
      2.255693413217588e-65,
      6.199435465094417e-25,
      2.3508355199121016e-23,
      0.1383901115421249
    ],
    [
      0.21196256998996163,
      1.9592041893551393e-52,
      1.656182851300522e-50,
      1.930667574696853e-25,
      3.7129558750387707e-22,
      0.7880374300100386
    ],
    [
      1.6667926989032507e-79,
      1.6420405255908385e-46,
      1.0,
      2.347804211636271e-99,
      4.325583311160058e-135,
      1.2875201734046409e-61
    ],
    [
      3.2299009643316223e-79,
      1.0,
      4.3905734701040644e-48,
      1.2708732627045606e-23,
      1.4498310853175595e-19,
      8.00665602824666e-73
    ],
    [
      3.8126879327010494e-78,
      1.0,
      5.189161835559768e-51,
      1.6769752105476905e-21,
      4.672224650295707e-17,
      2.1441196730889956e-72
    ],
    [
      9.372141283829241e-35,
      3.637069593072415e-11,
      5.218553175668512e-64,
      0.34462013059589036,
      0.655379869367739,
      1.1682337000005662e-32
    ],
    [
      2.1107578657233296e-27,
      1.2671203539598092e-11,
      8.383097937858406e-54,
      0.043060008617429826,
      0.9569399913698989,
      2.0517112744422633e-24
    ],
    [
      1.0838205129403452e-32,
      5.224867320434704e-07,
      2.034766691239292e-49,
      0.007769652551579058,
      0.9922298249616889,
      5.521299127734999e-29
    ],
    [
      7.792336414787584e-91,
      1.8430297246050322e-54,
      1.0,
      2.8851577663204696e-115,
      2.684205134368115e-159,
      3.1997089211230634e-71
    ],
    [
      6.285020038082252e-82,
      4.878255232879328e-42,
      1.0,
      2.5725683181610172e-96,
      5.599107360056166e-131,
      1.3834636941467605e-63
    ],
    [
      0.13340309689987373,
      1.4183754547595006e-54,
      7.617810092369984e-45,
      3.409486460893605e-30,
      1.7106001808148946e-26,
      0.8665969031001262
    ],
    [
      0.038844804955512686,
      6.398597034795033e-41,
      4.3477318466367585e-48,
      9.063248732251465e-17,
      3.012213604551773e-14,
      0.9611551950444572
    ],
    [
      5.8183996959549555e-31,
      1.456828180879456e-13,
      6.3942420022409275e-65,
      0.657639682137148,
      0.3423603178627061,
      4.596748776255141e-29
    ],
    [
      2.840422190121989e-72,
      1.0,
      6.561257136577125e-44,
      6.589398087129632e-22,
      1.441191829498596e-18,
      1.7962554513900653e-65
    ],
    [
      5.896763595596222e-26,
      1.9367882486436767e-12,
      6.840263818461894e-54,
      0.05410223988158879,
      0.9458977601164742,
      4.7853869187451704e-23
    ],
    [
      2.0471245124894227e-58,
      1.0,
      2.143871382442507e-34,
      4.436469394785286e-19,
      2.839890335891489e-17,
      8.31807066337825e-51
    ],
    [
      2.5905877245045903e-79,
      5.2806938780803287e-48,
      1.0,
      8.917430647643059e-101,
      4.338653314951836e-137,
      1.7180469805306995e-61
    ],
    [
      3.956725904623791e-97,
      4.0405157363457324e-56,
      1.0,
      2.866036342639793e-121,
      8.22235808138174e-169,
      1.8012435858376672e-76
    ],
    [
      3.4054878039678192e-49,
      0.9999998818424806,
      1.1979272698590345e-40,
      1.5415799131686727e-10,
      1.180033611892259e-07,
      2.171391867819704e-43
    ],
    [
      4.776129128526653e-72,
      0.9999999999999997,
      1.789650150699641e-47,
      6.459791147628779e-20,
      4.866413589503651e-16,
      5.954475190930826e-66
    ],
    [
      0.8170138467654906,
      8.15611238848716e-63,
      1.2586050029447746e-58,
      1.6761494315128854e-30,
      4.2752431788829195e-27,
      0.1829861532345095
    ],
    [
      0.48738717167758044,
      5.154414635086719e-56,
      3.332287137333148e-55,
      3.2532399955331214e-26,
      4.2392052168528194e-23,
      0.5126128283224198
    ],
    [
      2.7870740936917977e-72,
      2.35069822688625e-39,
      1.0,
      3.6982152535878585e-87,
      4.098799567836646e-117,
      1.8714505592317887e-55
    ],
    [
      7.827308942530615e-34,
      7.830360711335356e-10,
      2.2417676843810362e-58,
      0.0600505559882063,
      0.9399494432287578,
      4.077698285085425e-31
    ],
    [
      0.2121355136710444,
      2.540391263169179e-50,
      2.201252577090723e-52,
      1.0786159877217057e-22,
      8.318484847349705e-20,
      0.7878644863289556
    ],
    [
      1.3931068835915728e-70,
      5.811542963238766e-35,
      1.0,
      1.619095202116575e-81,
      4.563123551338047e-109,
      5.401915554676799e-54
    ],
    [
      2.459117187465752e-76,
      1.0,
      2.4914930650752535e-42,
      4.724807910531314e-25,
      4.776093540226055e-22,
      5.77926397118238e-69
    ],
    [
      8.114217027631219e-84,
      1.0,
      2.107960555334797e-48,
      4.8991097696938517e-26,
      7.025843013378859e-22,
      3.1295311312298743e-77
    ],
    [
      2.351722431529411e-68,
      6.189387582118559e-43,
      1.0,
      3.106187342554138e-88,
      3.5255069448792884e-118,
      3.1509426722700888e-52
    ],
    [
      3.19504428513782e-32,
      8.387819059264705e-15,
      1.4849224354083654e-69,
      0.9445930005867953,
      0.05540699941319629,
      9.232216780737359e-31
    ],
    [
      3.7936480547649664e-29,
      1.7707394138883213e-13,
      5.729220803570815e-62,
      0.40896752679238385,
      0.591032473207439,
      5.406561434451272e-27
    ],
    [
      8.523479926536591e-70,
      0.9999999999999841,
      6.040768812818198e-48,
      2.069630013630332e-18,
      1.628910473956157e-14,
      6.31726925968723e-64
    ],
    [
      8.625509889085516e-66,
      1.0,
      1.8314088044281516e-34,
      2.7259937495737934e-23,
      9.113457401429692e-22,
      1.258784905328461e-57
    ],
    [
      8.826269096394229e-38,
      7.92307757777475e-10,
      9.642389793405702e-65,
      0.2674016575618501,
      0.7325983416458426,
      1.052428152950931e-35
    ],
    [
      6.565887948133717e-36,
      4.6542279984252275e-14,
      9.432241914156365e-73,
      0.977917089390452,
      0.022082910609502147,
      1.0589083124169893e-34
    ],
    [
      5.191224719618182e-92,
      2.5537254786150974e-41,
      1.0,
      3.205007945296743e-102,
      2.943697895613927e-140,
      4.4448762259549473e-72
    ],
    [
      4.524954211527522e-81,
      1.3809389103228362e-51,
      1.0,
      1.1260576952312658e-105,
      2.8168081646280646e-144,
      4.7101961963727286e-63
    ],
    [
      5.068337161777199e-62,
      1.2709265582778524e-31,
      1.0,
      1.677342047872105e-72,
      7.130789047533045e-96,
      9.804283025838173e-47
    ],
    [
      7.686024453390637e-34,
      8.681279561292123e-15,
      1.187359973640484e-71,
      0.9749855368309013,
      0.025014463169089885,
      1.4864083300471538e-32
    ],
    [
      4.6954959169905116e-67,
      0.9999999999885687,
      2.9627333445502242e-50,
      1.0483716652930506e-15,
      1.14302331159819e-11,
      8.758240330654521e-62
    ],
    [
      1.5639329591398853e-22,
      7.465785097275181e-20,
      6.190461236581191e-68,
      0.984815434815947,
      0.015184565184053247,
      3.190403083612569e-21
    ],
    [
      2.4588183221571397e-29,
      9.990500442257049e-13,
      4.8558708776126584e-60,
      0.22344955029131855,
      0.7765504497076825,
      5.7936750884259636e-27
    ],
    [
      6.751645080284905e-52,
      0.9999999999914132,
      1.3931681206350881e-36,
      3.553756207506161e-14,
      8.551859502975126e-12,
      3.470169836748005e-45
    ],
    [
      6.14621232662666e-76,
      1.0,
      4.3389748677387194e-46,
      7.941453409815679e-23,
      4.0660691390197506e-19,
      2.447624729218269e-69
    ],
    [
      1.7625883510462862e-24,
      9.667876150978419e-22,
      1.0698912227012477e-74,
      0.9997267472409807,
      0.0002732527590196634,
      1.0364168870022083e-23
    ],
    [
      0.7693004710170877,
      9.643483152579826e-59,
      1.514883129170377e-61,
      1.1974349304472509e-25,
      2.589397990988553e-23,
      0.23069952898291207
    ],
    [
      6.2755288132282616e-30,
      1.7214772237762195e-12,
      2.8034287405125727e-60,
      0.2205064469103682,
      0.7794935530879101,
      1.463198558054128e-27
    ],
    [
      5.786409225957529e-87,
      5.1459969249040415e-56,
      1.0,
      2.846773639717648e-114,
      2.2461771631543047e-157,
      4.4717272856982525e-68
    ],
    [
      9.19485830274292e-77,
      5.634618547121095e-38,
      1.0,
      1.0970805922887736e-88,
      1.1538466266929652e-119,
      3.2043775980768524e-59
    ],
    [
      5.438615908828349e-71,
      0.9999999999951239,
      3.4952101679744314e-53,
      2.0008792072691062e-16,
      4.876386144480605e-12,
      4.736016387257645e-66
    ],
    [
      6.036771999600537e-61,
      0.9999999999999855,
      2.6243158771975747e-40,
      2.2141435502192977e-17,
      1.4739530871499706e-14,
      3.1526052601033467e-54
    ],
    [
      2.663340169429061e-94,
      1.087439612673062e-53,
      1.0,
      8.552275784199534e-117,
      6.518082760176843e-162,
      4.5054646466787094e-74
    ],
    [
      1.2967587742847847e-39,
      6.003261754231332e-09,
      6.587018359217388e-65,
      0.20192019016538024,
      0.7980798038313579,
      1.5902491907687464e-37
    ],
    [
      8.111069769352438e-81,
      8.330872518244996e-59,
      1.0,
      5.484045212728913e-113,
      1.2625183044277144e-154,
      3.778514902112742e-63
    ],
    [
      5.459320247710758e-30,
      6.730607456203854e-14,
      2.250166792000719e-64,
      0.6446789842646642,
      0.3553210157352685,
      4.603790717652029e-28
    ],
    [
      7.126166416166216e-32,
      2.6521476292047966e-14,
      5.809841275424177e-68,
      0.8839145848237467,
      0.11608541517622686,
      2.9069042304480558e-30
    ],
    [
      6.338085638594663e-74,
      0.9999999999990665,
      1.4610600840906982e-54,
      2.3218725880439253e-17,
      9.33554478659674e-13,
      4.29454729959516e-69
    ],
    [
      2.163797845715564e-74,
      2.116987491006159e-49,
      1.0,
      6.4579819353126596e-99,
      7.724124200081023e-134,
      1.910482209909989e-57
    ],
    [
      3.0335215223207022e-33,
      6.927853706280281e-14,
      7.603393356900613e-69,
      0.8990499231028205,
      0.10095007689711046,
      1.080268640896702e-31
    ],
    [
      4.752630039150812e-23,
      1.3435164974141135e-14,
