{
  "dataset": "blobs",
  "algorithm": "gmm",
  "params": {
    "n_components": 6,
    "covariance_type": "diag"
  },
  "labels": [
    1,
    2,
    0,
    4,
    2,
    2,
    1,
    2,
    5,
    2,
    5,
    4,
    0,
    3,
    2,
    0,
    3,
    1,
    1,
    4,
    5,
    4,
    0,
    1,
    1,
    2,
    2,
    1,
    1,
    3,
    2,
    3,
    4,
    4,
    2,
    2,
    5,
    5,
    1,
    1,
    2,
    0,
    4,
    4,
    3,
    0,
    5,
    0,
    2,
    1,
    2,
    3,
    1,
    2,
    0,
    4,
    4,
    1,
    2,
    1,
    1,
    4,
    2,
    1,
    5,
    2,
    2,
    1,
    5,
    2,
    5,
    2,
    2,
    1,
    4,
    1,
    4,
    2,
    0,
    4,
    2,
    0,
    2,
    3,
    1,
    1,
    1,
    1,
    5,
    4,
    1,
    2,
    5,
    2,
    0,
    1,
    3,
    5,
    3,
    1,
    5,
    5,
    0,
    1,
    1,
    4,
    4,
    1,
    4,
    1,
    2,
    1,
    1,
    1,
    1,
    2,
    5,
    1,
    2,
    2,
    4,
    0,
    2,
    5,
    1,
    0,
    5,
    2,
    2,
    1,
    1,
    5,
    5,
    2,
    0,
    1,
    1,
    1,
    5,
    5,
    2,
    1,
    0,
    5,
    2,
    1,
    1,
    4,
    4,
    4,
    2,
    2,
    5,
    5,
    4,
    1,
    4,
    1,
    2,
    2,
    1,
    1,
    0,
    5,
    2,
    4,
    5,
    2,
    1,
    1,
    2,
    3,
    4,
    1,
    1,
    4,
    3,
    2,
    2,
    2,
    3,
    1,
    3,
    4,
    1,
    1,
    3,
    0,
    4,
    2,
    2,
    1,
    1,
    2,
    4,
    2,
    4,
    3,
    1,
    2,
    3,
    4,
    2,
    1,
    5,
    1,
    2,
    5,
    0,
    1,
    1,
    2,
    1,
    4,
    4,
    2,
    3,
    1,
    4,
    0,
    5,
    4,
    1,
    4,
    5,
    3,
    4,
    2,
    2,
    5,
    2,
    5,
    4,
    2,
    1,
    2,
    3,
    2,
    0,
    5,
    5,
    2,
    3,
    5,
    1,
    1,
    5,
    3,
    4,
    2,
    4,
    4,
    4,
    4,
    5,
    5,
    1,
    4,
    2,
    5,
    3,
    4,
    1,
    4,
    2,
    2,
    5,
    4,
    0,
    2,
    4,
    4,
    0,
    1,
    4,
    4,
    4,
    0,
    1,
    2,
    3,
    5,
    0,
    4,
    2,
    4,
    0,
    1,
    5,
    2,
    2,
    3,
    4,
    0,
    1,
    5,
    1,
    5,
    2,
    0,
    2,
    1,
    0,
    5,
    4,
    0,
    2,
    2,
    5,
    0,
    2,
    1,
    0,
    0,
    0,
    2,
    1,
    0,
    5,
    0,
    1,
    0,
    5,
    1,
    1,
    1,
    2,
    1,
    1,
    1,
    1,
    1,
    4,
    1,
    0,
    1,
    4,
    4,
    1,
    0,
    5,
    5,
    4,
    4,
    2,
    4,
    2,
    3,
    5,
    2,
    2,
    0,
    2,
    1,
    1,
    2,
    1,
    3,
    2,
    4,
    0,
    4,
    2,
    2,
    1,
    5,
    2,
    5,
    5,
    1,
    4,
    2,
    0,
    2,
    1,
    5,
    1,
    0,
    1,
    1,
    2,
    1,
    4,
    2,
    1,
    2,
    4,
    2,
    1,
    2,
    1,
    5,
    4,
    4,
    2,
    2,
    5,
    4,
    4,
    4,
    0,
    1,
    2,
    4,
    5,
    0,
    2,
    1,
    2,
    2,
    2,
    4,
    0,
    2,
    4,
    5,
    4,
    4,
    0,
    4,
    0,
    4,
    1,
    2,
    5,
    4,
    2,
    1,
    4,
    5,
    5,
    2,
    2,
    2,
    1,
    2,
    0,
    1,
    4,
    4,
    1,
    5,
    1,
    0,
    4,
    2,
    2,
    2,
    4,
    5,
    5,
    1,
    4,
    2,
    2,
    2,
    5,
    2,
    3,
    0,
    1,
    0,
    2,
    5,
    4,
    0,
    3,
    5,
    2,
    3,
    1,
    1,
    3,
    4,
    1,
    1,
    4,
    2,
    5,
    2,
    0,
    4,
    1,
    1,
    4,
    2,
    1,
    1,
    0,
    1,
    1,
    4,
    1,
    2,
    4,
    1,
    4,
    2,
    2,
    0
  ],
  "means": [
    {
      "x": 5.424779086831457,
      "y": 1.9147265678177134
    },
    {
      "x": -8.681605218180772,
      "y": 7.455485352995433
    },
    {
      "x": -7.00096490073583,
      "y": -6.904457538283394
    },
    {
      "x": -2.187852100380938,
      "y": 9.717903599747444
    },
    {
      "x": -2.809986125263431,
      "y": 8.778981875061309
    },
    {
      "x": 4.108704531534717,
      "y": 1.931817988573333
    }
  ],
  "probabilities": [
    [
      5.238336858254491e-60,
      0.9999999786185935,
      3.836157581967518e-39,
      3.148042666608383e-11,
      2.1349925948962707e-08,
      2.3570573028599995e-50
    ],
    [
      3.11236732985668e-90,
      4.095337777227411e-44,
      1.0,
      4.2249387213216175e-69,
      4.4810945389857277e-88,
      3.264856421640686e-79
    ],
    [
      0.979389824163331,
      2.9203563259036486e-78,
      6.964233242324739e-57,
      1.8411475453757e-37,
      2.657728606996842e-43,
      0.02061017583666872
    ],
    [
      1.8930584853282833e-30,
      6.464725100000164e-10,
      2.980267973896203e-48,
      0.09381685120602586,
      0.9061831481475017,
      3.365035582286604e-24
    ],
    [
      2.8320582584056704e-61,
      8.295146500652212e-50,
      1.0,
      1.7224037574054826e-60,
      2.8519334985999005e-82,
      6.087494415328661e-53
    ],
    [
      3.457146852385165e-66,
      3.588019209004256e-52,
      1.0,
      2.415992908796426e-64,
      1.7824272606708081e-87,
      1.4500890117167164e-57
    ],
    [
      1.9157759191866154e-49,
      0.9966502304867718,
      1.883492109440158e-41,
      1.7466927344630558e-05,
      0.003332302585883302,
      9.387885925162533e-41
    ],
    [
      1.1212276049591975e-66,
      1.418935598683574e-46,
      1.0,
      1.2682382573305233e-60,
      7.260033498201915e-81,
      1.0564578038371999e-57
    ],
    [
      0.08395510187131436,
      5.493170249748375e-51,
      5.4246083026623554e-42,
      1.833337901969256e-22,
      1.0928783066699479e-26,
      0.9160448981286855
    ],
    [
      2.889704398602375e-73,
      3.1235499055126944e-45,
      1.0,
      1.4192379020346164e-62,
      3.3640370644168695e-82,
      1.1437428445602216e-63
    ],
    [
      0.1698193218735526,
      2.303490126651522e-56,
      1.285104970066404e-40,
      8.583197916920726e-27,
      2.2848061542058002e-32,
      0.8301806781264471
    ],
    [
      4.625394703477239e-25,
      7.694116095889246e-16,
      1.372467330334964e-55,
      0.30752824717532085,
      0.6924717528246783,
      6.011334457851491e-20
    ],
    [
      0.9770018257814929,
      2.159634769886719e-80,
      3.740815282704977e-52,
      1.7307321434576201e-40,
      4.951856196965793e-48,
      0.022998174218506987
    ],
    [
      2.189189933039512e-35,
      3.9383695285262834e-15,
      1.0323489791612258e-67,
      0.6867351216820715,
      0.3132648783179244,
      1.0404936241947012e-29
    ],
    [
      7.151355401252808e-57,
      1.9766657467949857e-33,
      1.0,
      9.658521393413492e-47,
      1.1205504447572939e-60,
      5.218360213939355e-48
    ],
    [
      0.8407945105142937,
      3.0574009450848473e-71,
      4.515933790191702e-47,
      1.9669145440531953e-35,
      1.9652317047795327e-42,
      0.15920548948570667
    ],
    [
      5.182306342722274e-38,
      1.0801828531099063e-12,
      1.6970088855927384e-65,
      0.5185593836022045,
      0.4814406163967154,
      7.350268732474473e-32
    ],
    [
      3.8313344818892144e-83,
      0.9999999999999912,
      1.9864767191021557e-47,
      1.2397352833993679e-18,
      8.57353883878322e-15,
      6.843121891169637e-72
    ],
    [
      1.5123596956441784e-74,
      0.9999999998048419,
      9.238057966452892e-51,
      1.3464935187342554e-13,
      1.9502378586877676e-10,
      4.491746827956421e-64
    ],
    [
      4.0759690240344144e-35,
      1.1252892494480246e-07,
      1.1197459579804253e-48,
      0.05804769640422363,
      0.9419521910668512,
      2.5284730518967003e-28
    ],
    [
      0.04623028339296131,
      8.541695555712184e-47,
      6.9411863081169e-43,
      4.341332596330748e-19,
      1.9972572710799847e-22,
      0.9537697166070386
    ],
    [
      1.5581151604526642e-25,
      1.411355233662465e-11,
      5.701677645870546e-46,
      0.1396386697833451,
      0.8603613302025414,
      9.3191504225926e-20
    ],
    [
      0.6720918956462346,
      1.4649864159027969e-62,
      2.530109793550321e-52,
      2.3475377965369445e-27,
      1.8779377263544824e-31,
      0.3279081043537651
    ],
    [
      3.3723442007426e-58,
      0.999998119772781,
      1.2318317423734386e-42,
      3.834119012811153e-09,
      1.8763931005170686e-06,
      8.308001133911026e-49
    ],
    [
      1.2889874574156573e-76,
      0.9999999999991016,
      7.498676016393743e-46,
      2.525416485228295e-16,
      8.983594406694097e-13,
      7.900162789410571e-66
    ],
    [
      1.8540316919950334e-67,
      5.288283758333494e-49,
      1.0,
      1.091783740010605e-62,
      3.4549172624659955e-84,
      1.4960503969595115e-58
    ],
    [
      1.2527999587876125e-63,
      2.0128160930009564e-36,
      1.0,
      5.9757511543172495e-52,
      2.9486856979946836e-67,
      2.3278474979541466e-54
    ],
    [
      1.8456671783579858e-66,
      0.9999999867260253,
      2.575028621883281e-46,
      1.3746549860173777e-11,
      1.326022797842902e-08,
      1.6699728316444865e-56
    ],
    [
      2.1500070232008194e-72,
      0.9999999994080313,
      1.491381170593347e-49,
      4.43909191342368e-13,
      5.915249173695259e-10,
      4.6714351705134405e-62
    ],
    [
      1.23644884315639e-31,
      3.6298491519215546e-16,
      3.48860652619751e-65,
      0.595638438517922,
      0.4043615614820775,
      2.801195517658188e-26
    ],
    [
      2.5433622869642586e-71,
      2.4998752239572022e-49,
      1.0,
      1.2536352563786501e-64,
      2.3361162411799746e-86,
      4.170008174654242e-62
    ],
    [
      4.154895539794173e-35,
      3.320355344902281e-16,
      1.0054794634499708e-69,
      0.7907967500609131,
      0.20920324993908662,
      1.3412944293130378e-29
    ],
    [
      7.6108359061714e-37,
      1.622029774327455e-08,
      3.5490988879846256e-53,
      0.08525404121027054,
      0.9147459425694315,
      4.185101714379281e-30
    ],
    [
      2.244507389181777e-41,
      8.112636491881451e-08,
      1.405618679049959e-57,
      0.11980294659032555,
      0.8801969722833093,
      2.421879276294932e-34
    ],
    [
      1.6947499239654794e-68,
      4.0910370260322135e-50,
      1.0,
      6.233149082702023e-64,
      4.980723970748309e-86,
      1.454628430513423e-59
    ],
    [
      1.2227460323645674e-74,
      2.1802775838223376e-51,
      1.0,
      1.542132801523962e-67,
      2.0805920421500063e-90,
      2.9361498961164153e-65
    ],
    [
      0.12594844575916184,
      6.479273244042872e-52,
      1.0477375077620398e-44,
      3.43638286323524e-22,
      5.034241587173752e-26,
      0.8740515542408382
    ],
    [
      0.032152153615629925,
      4.2145446148005895e-46,
      1.8199245197117952e-40,
      1.9453238127627818e-19,
      4.091594653901088e-23,
      0.9678478463843706
    ],
    [
      1.5464664837133938e-74,
      0.9999999999602895,
      1.7297190999479358e-48,
      1.9443732874828332e-14,
      3.9691039072131086e-11,
      5.385322885660568e-64
    ],
    [
      7.463258891624137e-63,
      0.9999999824392642,
      2.9168257334077017e-42,
      2.0314878529578887e-11,
      1.7540421131005503e-08,
      4.589903823328203e-53
    ],
    [
      7.685596112565658e-77,
      7.538077619021374e-46,
      1.0,
      1.4031901850981201e-64,
      1.5460119169659204e-84,
      5.5514183429382065e-67
    ],
    [
      0.893617598681654,
      4.063366020901336e-69,
      3.2847323312262474e-55,
      2.9421133860756536e-31,
      7.483302046035074e-36,
      0.1063824013183459
    ],
    [
      2.5959134477761104e-36,
      9.287867560397537e-12,
      7.090122534529318e-61,
      0.2892141045695584,
      0.710785895421154,
      4.319289131863561e-30
    ],
    [
      1.5037810485376104e-26,
      1.8062941134466877e-14,
      2.6804905552293326e-54,
      0.2425189963029185,
      0.7574810036970638,
      3.67845138563619e-21
    ],
    [
      6.974372487284262e-26,
      1.486863759822137e-20,
      2.2390128478386446e-67,
      0.7778856652712355,
      0.22211433472876438,
      1.9316479100301084e-21
    ],
    [
      0.9422259904007532,
      1.6200718875849824e-72,
      4.743908759404868e-56,
      1.6737966562000565e-33,
      1.691194179318535e-38,
      0.05777400959924627
    ],
    [
      0.3577887999326634,
      1.9264413597170956e-58,
      1.1323318764991558e-46,
      2.904716648027114e-26,
      8.019706127868716e-31,
      0.6422112000673365
    ],
    [
      0.7306736247189413,
      5.0585195645497784e-67,
      1.214080148877307e-47,
      3.393976901101389e-32,
      3.702416964468715e-38,
      0.2693263752810587
    ],
    [
      1.3920440734381513e-73,
      1.182386308231237e-44,
      1.0,
      2.672409929052964e-62,
      1.2444243751441748e-81,
      6.282520122202476e-64
    ],
    [
      2.4855030592567427e-77,
      0.9999999999994396,
      4.428338023055082e-46,
      1.471091100406064e-16,
      5.602364438244454e-13,
      1.7076099970638076e-66
    ],
    [
      4.528057086097527e-89,
      2.542276919382338e-52,
      1.0,
      1.8325842131799972e-74,
      6.263356222702644e-98,
      1.467687576790248e-78
    ],
    [
      5.798298918785799e-44,
      2.1611562488778336e-11,
      3.949823453496235e-70,
      0.7500353105230212,
      0.24996468945536748,
      2.3367197160746615e-37
    ],
    [
      7.725966022515199e-81,
      0.9999999999999147,
      8.639565789870399e-48,
      1.7182467072653696e-17,
      8.518707748450049e-14,
      8.900534418846398e-70
    ],
    [
      5.963789927999659e-68,
      5.03490863710006e-51,
      1.0,
      2.507652268762064e-64,
      6.8238058430097e-87,
      4.097671879770937e-59
    ],
    [
      0.5515914104486717,
      8.473677561056293e-57,
      1.0073008605588111e-56,
      2.0142075285317663e-21,
      5.322070834879803e-24,
      0.44840858955132873
    ],
    [
      3.513105070707747e-40,
      5.7422044838922566e-09,
      5.369630730527488e-59,
      0.167977689929555,
      0.8320223043282405,
      2.256482057557285e-33
    ],
    [
      1.6101410382522474e-31,
      2.4907648208386924e-12,
      9.762967459927433e-56,
      0.19148120845867636,
      0.8085187915388327,
      1.3762426586124515e-25
    ],
    [
      3.3956488663428976e-77,
      0.9999999999081957,
      3.6830280993980398e-53,
      7.00014955059952e-14,
      9.173447918268094e-11,
      1.3861432138562074e-66
    ],
    [
      1.1440622651528702e-71,
      2.937123856498049e-53,
      1.0,
      1.5516725959173573e-67,
      2.2823344642424384e-91,
      1.2225131329528916e-62
    ],
    [
      2.3591370306957883e-81,
      1.0,
      1.1923299780561626e-39,
      1.4430780855395167e-20,
      1.164687557991872e-16,
      5.179380132640381e-70
    ],
    [
      7.185890401068278e-81,
      0.9999999999963052,
      2.833744731519655e-53,
      1.7685740933845642e-15,
      3.693001617099325e-12,
      5.697214632932478e-70
    ],
    [
      3.0103081829131815e-33,
      1.7821403203277013e-14,
      2.1990257905623299e-63,
      0.4680969439010915,
      0.5319030560988905,
      1.437443466049627e-27
    ],
    [
      2.22921889682077e-73,
      4.481456740808311e-45,
      1.0,
      1.6398080780114034e-62,
      4.6672661403844675e-82,
      9.189762294399607e-64
    ],
    [
      6.170728880612976e-70,
      0.9999999999863456,
      1.7930426743778872e-41,
      6.658612834736093e-15,
      1.3647873870688514e-11,
      1.509168650640748e-59
    ],
    [
      0.29378246067409713,
      1.6969007658682114e-54,
      2.320949727156216e-50,
      4.657462288678298e-22,
      2.8397544785707314e-25,
      0.7062175393259029
    ],
    [
      3.1636692596868545e-69,
      4.121742146995423e-34,
      1.0,
      1.0264089668230423e-52,
      5.885792751410782e-67,
      2.2588391619469983e-59
    ],
    [
      1.703699492025918e-71,
      5.744479086469733e-57,
      1.0,
      5.016335855124552e-70,
      6.854898704336694e-96,
      1.0966484972956151e-62
    ],
    [
      2.492932142087844e-69,
      0.9999999999999983,
      6.340548271746872e-30,
      1.6365829145421766e-18,
      1.5554838433054914e-15,
      1.2183387268307855e-58
    ],
    [
      0.4413004872517312,
      3.055022361582677e-60,
      5.146688665963383e-47,
      1.8499480834903138e-27,
      2.873170615879992e-32,
      0.5586995127482689
    ],
    [
      4.74275785614684e-72,
      3.404842683030504e-51,
      1.0,
      2.9120308161156925e-66,
      5.4380821176144015e-89,
      7.083580998317218e-63
    ],
    [
      0.3469589018818486,
      7.237601019148507e-55,
      4.986122680773754e-52,
      1.0120530671032038e-21,
      1.0141777031466659e-24,
      0.6530410981181515
    ],
    [
      3.6985011817102593e-63,
      1.894539714235877e-41,
      1.0,
      2.1577450564697604e-55,
      4.648130520043498e-73,
      3.352577563076053e-54
    ],
    [
      1.9296439075312412e-58,
      1.165056275342262e-45,
      1.0,
      2.7291267982583204e-56,
      6.320432255414709e-76,
      4.039289266142964e-50
    ],
    [
      4.968799978620439e-69,
      0.9999999999892464,
      4.0554256431350085e-40,
      5.685941820211299e-15,
      1.0747911810789054e-11,
      1.1309101343941053e-58
    ],
    [
      2.224947862181097e-38,
      6.852729003935434e-10,
      6.412881409745999e-59,
      0.18643329330308378,
      0.8135667060116433,
      8.710795875842296e-32
    ],
    [
      1.7905123828889397e-83,
      0.9999999999981403,
      9.399582079792707e-56,
      1.0816732479855185e-15,
      1.8588677639558816e-12,
      1.9159485758566278e-72
    ],
    [
      3.0904109798809404e-25,
      2.6545738345866173e-14,
      3.837548698115812e-52,
      0.22246480959296253,
      0.7775351904070111,
      6.997865886149454e-20
    ],
    [
      1.5218275644855468e-75,
      7.816949618013438e-49,
      1.0,
      3.899554849105965e-66,
      1.1912425677849878e-87,
      5.964846826571394e-66
    ],
    [
      0.6038068783539292,
      2.3792423999071897e-63,
      3.6023151685584306e-48,
      2.4104422019350898e-29,
      1.8259113154819945e-34,
      0.3961931216460707
    ],
    [
      1.3715553834336318e-32,
      2.5961959441941218e-08,
      5.228970669214892e-47,
      0.06592087974266612,
      0.9340790942953746,
      5.276301724264374e-26
    ],
    [
      6.504006737881236e-72,
      4.3631578813994474e-54,
      1.0,
      3.208837616539184e-68,
      1.6553030109921444e-92,
      6.562906872900207e-63
    ],
    [
      0.6898978274866515,
      3.6404446343681577e-62,
      9.542632711946545e-54,
      1.4551559351024494e-26,
      2.493001660835587e-30,
      0.3101021725133485
    ],
    [
      1.659008903014479e-72,
      2.5432652040022423e-42,
      1.0,
      3.7669463462827057e-60,
      2.6401140111689735e-78,
      8.122120677145743e-63
    ],
    [
      4.089039672269956e-31,
      6.176417380442449e-17,
      3.04907955900212e-66,
      0.6605325810510181,
      0.3394674189489822,
      6.753833554733841e-26
    ],
    [
      2.3897958564863456e-88,
      1.0,
      5.518072700353341e-50,
      5.610107150518593e-20,
      5.50013700478569e-16,
      9.061239746102053e-77
    ],
    [
      1.3369998395128541e-83,
      1.0,
      3.947913285606326e-41,
      4.88479872259889e-21,
      5.1730515916606554e-17,
      3.959614435614183e-72
    ],
    [
      1.1889535640981532e-82,
      0.9999999999950006,
      3.6927867287630105e-56,
      3.586274111508148e-15,
      4.996134704226023e-12,
      1.0655222512258665e-71
    ],
    [
      5.815678537005396e-73,
      0.9999999483863076,
      5.702353418713803e-57,
      1.728921823912704e-10,
      5.144080011846921e-08,
      8.226587980277748e-63
    ],
    [
      0.19604981324126572,
      2.45549952374258e-57,
      1.1833775754599374e-40,
      1.7870938274204596e-27,
      3.063170709496081e-33,
      0.8039501867587343
    ],
    [
      1.119260454202555e-29,
      3.7730347581789826e-13,
      2.7835061419146794e-55,
      0.20968875215102803,
      0.7903112478485947,
      5.970313437890629e-24
    ],
    [
      1.431081124337974e-70,
      0.99999999992236,
      1.714857395337376e-44,
      4.1042968011221026e-14,
      7.759928536132162e-11,
      3.1790724195347916e-60
    ],
    [
      7.278766267285364e-58,
      1.3295016110164632e-37,
      1.0,
      3.0533158019269615e-50,
      4.745615382662755e-66,
      3.8124706983917404e-49
    ],
    [
      0.09423601826273754,
      5.99892301585298e-54,
      3.0632026343735357e-38,
      7.536559496626183e-26,
      1.5898115638225844e-31,
      0.9057639817372626
    ],
    [
      1.3914939635253593e-68,
      4.840499132682958e-47,
      1.0,
      8.440353077368521e-62,
      2.627809286730546e-82,
      1.7899580669838554e-59
    ],
    [
      0.5669080436869507,
      3.8080661777079556e-63,
      4.894507514376628e-47,
      1.4388460414814235e-29,
      6.453603650145617e-35,
      0.4330919563130493
    ],
    [
      1.0141198124886255e-70,
      0.999999999999993,
      3.545991212653719e-33,
      4.517985069501764e-18,
      7.489498238418852e-15,
      5.104700432621571e-60
    ],
    [
      2.7001459798038934e-37,
      9.927668191761773e-17,
      1.681857911799003e-73,
      0.9105140573660817,
      0.08948594263391811,
      9.35592870944277e-32
    ],
    [
      0.09598413614473641,
      3.497099204003079e-50,
      1.0958368283585058e-44,
      6.250589744710655e-21,
      1.751369741211524e-24,
      0.9040158638552638
    ],
    [
      5.176767733178391e-38,
      1.0994393377512356e-14,
      4.8613253697062874e-70,
      0.7843464378863237,
      0.21565356211366526,
      3.771620492942379e-32
    ],
    [
      7.446112162527446e-63,
      0.9999999976445891,
      1.0186905424809921e-39,
      2.5240342822697513e-12,
      2.3528872469780512e-09,
      5.5068857949441245e-53
    ],
    [
      0.3622193940159479,
      2.1982298255952947e-60,
      1.3023316589857574e-43,
      1.0857154747838395e-28,
      2.4791158965574632e-34,
      0.6377806059840518
    ],
    [
      0.45576259963313415,
      4.625524487197107e-58,
      3.8743502652879885e-51,
      2.00223566211393e-24,
      4.8999506191664785e-28,
      0.544237400366866
    ],
    [
      0.9362251321624335,
      2.4387146170912598e-74,
      5.7068447355454044e-52,
      3.646624615020939e-36,
      1.7387285581395563e-42,
      0.06377486783756672
    ],
    [
      1.000180284598765e-77,
      0.9999999997912496,
      4.000108857161475e-55,
      2.281394903037294e-13,
      2.0852276594415753e-10,
      3.916769572154471e-67
    ],
    [
      8.451644816956133e-67,
      0.9999999998369544,
      5.785620258444344e-41,
      1.1330625377475273e-13,
      1.6293233035614723e-10,
      1.1973159171992618e-56
    ],
    [
      2.3482718449987202e-29,
      1.0008901461934352e-11,
      2.5641556246015287e-51,
      0.14009124169179346,
      0.8599087582981978,
      1.9942260420503157e-23
    ],
    [
      5.236005812441566e-40,
      3.315420397083e-10,
      5.1150417525340946e-62,
      0.2880008363932802,
      0.711999163275178,
      2.134304912957695e-33
    ],
    [
      9.758907544461248e-79,
      1.0,
      6.507271524321297e-32,
      5.568593504195532e-22,
      1.948534602929115e-18,
      2.259110006070489e-67
    ],
    [
      5.827077670215595e-45,
      1.953507074682406e-05,
      4.552812263391206e-56,
      0.06889187260110317,
      0.9310885923281497,
      2.0309664991294187e-37
    ],
    [
      4.75322198229593e-75,
      0.9999999999996346,
      8.728247120177418e-43,
      1.016009101924262e-16,
      3.6573417328547697e-13,
      2.7094911054800774e-64
    ],
    [
      8.29624326972106e-75,
      1.8841829457830556e-40,
      1.0,
      8.40881551735996e-60,
      4.965864282194126e-77,
      7.862605660816501e-65
    ],
    [
      1.6560175234265577e-80,
      0.999999999999988,
      1.0119357898060602e-44,
      1.9205661972566623e-18,
      1.210210593595263e-14,
      2.2175081956112156e-69
    ],
    [
      5.267073721637701e-77,
      0.9999999952448296,
      5.035924237395334e-59,
      1.62332651315334e-11,
      4.738937482526036e-09,
      1.365518640486708e-66
    ],
    [
      8.824740401433622e-69,
      0.9999999999662887,
      2.816958821118035e-41,
      1.873112985430303e-14,
      3.369262476877852e-11,
      1.7671506004202202e-58
    ],
    [
      6.034353204605719e-69,
      0.9999999993763585,
      2.7616979967687224e-45,
      4.292254312449576e-13,
      6.232123447709059e-10,
      9.366914207363069e-59
    ],
    [
      1.0625852474910145e-75,
      3.7105407966189133e-35,
      1.0,
      2.621901670541259e-56,
      5.525220493420646e-71,
      2.237772251504435e-65
    ],
    [
      0.1064763629666677,
      7.50756317389319e-52,
      4.93200058760187e-43,
      9.930296147716187e-23,
      6.86208368628782e-27,
      0.8935236370333323
    ],
    [
      4.263771826361431e-72,
      0.9999999998543695,
      3.2117653517550046e-47,
      8.280923321247424e-14,
      1.455479772435147e-10,
      1.0352551915126143e-61
    ],
    [
      2.8710018975065335e-84,
      2.5201487014622008e-55,
      1.0,
      1.7102621158758936e-74,
      1.2010839084762267e-99,
      2.6474759068164087e-74
    ],
    [
      3.879276592999809e-72,
      4.435161581883425e-48,
      1.0,
      4.1767237645956574e-64,
      3.426058034124174e-85,
      8.700763303447081e-63
    ],
    [
      3.0080547501059746e-31,
      6.206924362168477e-14,
      2.346243822662083e-59,
      0.31120171977134314,
      0.6887982802285948,
      1.423680056611797e-25
    ],
    [
      0.8645264573921496,
      5.425556234514887e-68,
      2.1524682095212974e-54,
      1.0743138859103419e-30,
      2.8535274438410993e-35,
      0.13547354260785013
    ],
    [
      1.575353831350995e-69,
      9.357022314599117e-41,
      1.0,
      1.0358883451975517e-57,
      4.3618809750354088e-75,
      5.30643954826498e-60
    ],
    [
      0.13989179409056646,
      1.2868094807192283e-52,
      1.0943065735869188e-44,
      1.0408989875751169e-22,
      1.1507968730629953e-26,
      0.8601082059094335
    ],
    [
      6.315240514620339e-64,
      0.9999695022395487,
      5.995396175547622e-54,
      1.639999852196806e-07,
      3.03337604664104e-05,
      2.0100034273727463e-54
    ],
    [
      0.9247292239951894,
      1.38031529804994e-70,
      1.7607816242021096e-56,
      6.369024528425499e-32,
      1.693172031398398e-36,
      0.0752707760048107
    ],
    [
      0.1262143921645263,
      8.96294763127566e-54,
      1.1705063962813633e-41,
      1.3672632746633755e-24,
      2.0991999415300157e-29,
      0.8737856078354737
    ],
    [
      4.4153845599496007e-76,
      8.055086200840423e-51,
      1.0,
      8.9892725296289e-68,
      2.357227388694176e-90,
      1.499845315325324e-66
    ],
    [
      3.9074858503788335e-74,
      3.5846386548919646e-41,
      1.0,
      4.956041357330907e-60,
      1.2870376882407464e-77,
      2.9915050312223533e-64
    ],
    [
      2.399914174366531e-68,
      0.9999999999670446,
      9.667364557296305e-41,
      1.903097480796086e-14,
      3.293663135465334e-11,
      4.605253208487904e-58
    ],
    [
      2.0240822612384714e-70,
      0.9999999813326232,
      6.43113547362154e-52,
      2.726372896615409e-11,
      1.8640113158608888e-08,
      2.5667185708815065e-60
    ],
    [
      0.4555845601883685,
      2.2944258053710415e-61,
      1.0774634662404781e-45,
      1.0229121257681243e-28,
      4.829690232815398e-34,
      0.5444154398116315
    ],
    [
      0.014006752940553376,
      2.4852586985562487e-43,
      6.156431692207255e-37,
      1.2320547918507673e-18,
      1.5637375330273488e-22,
      0.9859932470594465
    ],
    [
      2.541177288826121e-62,
      4.1389865070274895e-48,
      1.0,
      9.121257599873262e-60,
      1.0441302257441623e-80,
      8.375617078085534e-54
    ],
    [
      0.7211678355726697,
      3.60779751234991e-65,
      2.8047479538098127e-50,
      5.558685609419858e-30,
      5.894632535741059e-35,
      0.2788321644273306
    ],
    [
      9.024758751719177e-74,
      0.9999999999857795,
      4.049039930641237e-46,
      5.83477000089017e-15,
      1.4214775150938474e-11,
      3.225644793061253e-63
    ],
    [
      2.5556759071091448e-67,
      0.9999999977254267,
      5.168026722390785e-45,
      1.864198170379167e-12,
      2.272709264721391e-09,
      2.984963724686322e-57
    ],
    [
      5.135579775493829e-74,
      0.9999999999934679,
      2.2848988483976666e-45,
      2.428393271426615e-15,
      6.5297848352563e-12,
      2.024052383203133e-63
    ],
    [
      0.01272474783461356,
      6.157245672983335e-44,
      5.413661772507974e-35,
      9.775065470974187e-20,
      3.6401574163889116e-24,
      0.9872752521653863
    ],
    [
      0.12656443924134092,
      3.0721512470526074e-53,
      1.4078755738872857e-42,
      6.831021915764988e-24,
      2.1217156725031328e-28,
      0.873435560758659
    ],
    [
      2.608376992027027e-68,
      9.513894185844578e-54,
      1.0,
      2.1899926299611443e-66,
      2.072164658737036e-90,
      1.3572402450815865e-59
    ],
    [
      1.1553092235907663e-55,
      0.9999997767741552,
      5.581340132024628e-37,
      5.408105024516729e-10,
      2.226850342274981e-07,
      2.657599116882283e-46
    ],
    [
      0.7902239677372846,
      2.3340079648420454e-61,
      5.435740962734518e-60,
      1.1128433253153613e-23,
      2.283867999657073e-26,
      0.2097760322627157
    ],
    [
      0.2184847090669022,
      1.3136953001999283e-54,
      1.7336455521438e-46,
      1.5746931568582414e-23,
      1.828568836498167e-27,
      0.7815152909330976
    ],
    [
      4.577772714075241e-68,
      2.6555044919251203e-47,
      1.0,
      9.345046334618514e-62,
      2.1748239491048893e-82,
      5.154841391066181e-59
    ],
    [
      9.537594360530978e-82,
      0.9999999999998965,
      3.393218410836334e-49,
      2.217894272251639e-17,
      1.034535963440983e-13,
      1.175092418813342e-70
    ],
    [
      2.91762450634356e-81,
      0.99999999999888,
      5.108083268664533e-52,
      4.0039210541845023e-16,
      1.1198693436271675e-12,
      2.7100899041692897e-70
    ],
    [
      1.8746109681352582e-38,
      9.228180802173458e-11,
      2.7193213069525302e-61,
      0.2758524414463611,
      0.7241475584613574,
      5.430771295532461e-32
    ],
    [
      9.906303225110549e-30,
      2.201981732120232e-11,
      5.78995898099574e-51,
      0.1303225272900094,
      0.8696774726879709,
      9.846717615571234e-24
    ],
    [
      2.4895990141899855e-35,
      3.909785805699318e-07,
      1.4481374674556591e-47,
      0.05047585342858334,
      0.9495237555928361,
      1.9002333461664494e-28
    ],
    [
      1.2119605787806486e-77,
      4.552333894865297e-55,
      1.0,
      2.0002117846907204e-71,
      2.341834177737806e-96,
      3.273037846212539e-68
    ],
    [
      2.4359029481466712e-70,
      1.8818119890379482e-42,
      1.0,
      2.7098440286122654e-59,
      1.6648122230911382e-77,
      7.773131453264033e-61
    ],
    [
      0.20809416979465117,
      2.54044375181839e-57,
      2.1539850152565715e-41,
      3.1940695676969727e-27,
      8.480464417794096e-33,
      0.791905830205349
    ],
    [
      0.025522917459683957,
      1.803702572005694e-42,
      4.1116235872322957e-44,
      1.9553630394404343e-15,
      6.3283421632793346e-18,
      0.9744770825403137
    ],
    [
      1.876502043565978e-34,
      3.628827189652345e-13,
      7.619224396496167e-62,
      0.3654775101663253,
      0.6345224898333118,
      1.5916724360008289e-28
    ],
    [
      3.853903459958735e-74,
      0.9999999999965126,
      1.1173356989812543e-44,
      1.2087916191764142e-15,
      3.486411646775676e-12,
      1.6309108397295732e-63
    ],
    [
      3.477944011148344e-28,
      3.4428198274738132e-12,
      6.527093951602727e-51,
      0.15119317960464873,
      0.8488068203919081,
      2.228966403799756e-22
    ],
    [
      7.684536874918542e-59,
      0.99999999865046,
      1.7427180467868263e-34,
      2.6081970126321793e-12,
      1.3469319529112018e-09,
      3.886205248154692e-49
    ],
    [
      7.502028288975722e-68,
      6.902511702601667e-49,
      1.0,
      8.81402436843605e-63,
      3.152716217327834e-84,
      6.632349030510469e-59
    ],
    [
      4.939379654445494e-83,
      1.7774800123582668e-56,
      1.0,
      9.341129461630868e-75,
      1.4835764944408926e-100,
      3.1315114938505834e-73
    ],
    [
      6.048792669786284e-51,
      0.9997329223883203,
      4.190259810642477e-40,
      1.1042174579109476e-06,
      0.00026597339422196727,
      4.412116013275975e-42
    ],
    [
      1.350248380140251e-74,
      0.9999999999698553,
      3.53434771400504e-48,
      1.4066562307756463e-14,
      3.013094328846689e-11,
      4.858497151254591e-64
    ],
    [
      0.7921910827254646,
      3.756443808215159e-65,
      4.6451859078602713e-54,
      1.0882172271764094e-28,
      7.267419898370926e-33,
      0.20780891727453563
    ],
    [
      0.4484911238597204,
      4.2620411240921516e-58,
      8.341080600166601e-51,
      1.4340510389143442e-24,
      3.0159753142528835e-28,
      0.5515088761402799
    ],
    [
      4.899852177799498e-62,
      3.703746688719851e-40,
      1.0,
      5.834531774898068e-54,
      5.3302621769002584e-71,
      4.199823629157891e-53
    ],
    [
      6.182735704903194e-37,
      1.7867302475310668e-09,
      8.096916288142825e-56,
      0.12526544943759937,
      0.8747345487756703,
      2.4478184700616323e-30
    ],
    [
      0.17994784448942647,
      3.3522039569309206e-52,
      3.8238393217828316e-48,
      3.621957510291395e-21,
      2.0359887710613753e-24,
      0.8200521555105738
    ],
    [
      9.740498524842027e-61,
      1.2685674008365733e-35,
      1.0,
      4.431803209568329e-50,
      5.1987768079542e-65,
      1.144721299981725e-51
    ],
    [
      8.255705329404045e-78,
      0.9999999999999525,
      2.3498867156250446e-43,
      9.72111093042909e-18,
      4.763787373155907e-14,
      7.465876780900298e-67
    ],
    [
      2.546889765524662e-86,
      0.9999999999999973,
      8.942158884165253e-50,
      3.580881326757522e-19,
      2.780498595734188e-15,
      6.83774553618622e-75
    ],
    [
      1.7631624353304657e-58,
      3.7680809557115105e-44,
      1.0,
      3.105352524969337e-55,
      3.910688778401627e-74,
      4.520306427220599e-50
    ],
    [
      6.358565141152105e-36,
      3.9127547876886094e-14,
      3.9120449604243984e-66,
      0.5875328170706896,
      0.4124671829292712,
      4.471780926179777e-30
    ],
    [
      2.564835859657467e-32,
      3.6067575192254253e-13,
      6.28902434017359e-59,
      0.27568847946102487,
      0.7243115205386146,
      1.7643995528319207e-26
    ],
    [
      1.7853481658130846e-72,
      0.9999999997377782,
      1.6416009265007206e-48,
      1.6737653785205462e-13,
      2.620545169555753e-10,
      4.241266051808771e-62
    ],
    [
      4.95658864852345e-66,
      0.9999999999974768,
      5.550864402448426e-35,
      2.179804580796537e-15,
      2.5207775223385854e-12,
      9.30062361685043e-56
    ],
    [
      1.0139164801005405e-41,
      2.338660773647171e-09,
      3.3970640772295992e-62,
      0.27383013301253056,
      0.7261698646488087,
      6.534154223186895e-35
    ],
    [
      4.838934513058425e-40,
      3.066066740162798e-13,
      2.21178801980635e-69,
      0.7355057221838286,
      0.2644942778158651,
      7.038642823647785e-34
    ],
    [
      3.765534254695819e-79,
      3.848102127130311e-41,
      1.0,
      3.4484057241674047e-62,
      9.65403404160793e-80,
      7.380515294403603e-69
    ],
    [
      2.849029419527139e-69,
      1.4325248025869463e-52,
      1.0,
      5.398858677059283e-66,
      2.0838263979771926e-89,
      2.0816268125211826e-60
    ],
    [
      2.192857220412776e-53,
      1.387065257032008e-32,
      1.0,
      1.4971172237321618e-44,
      4.2549067414420955e-58,
      8.996889354368143e-45
    ],
    [
      9.869810541397226e-38,
      5.284594675323703e-14,
      3.559839179853381e-68,
      0.6878751224382645,
      0.3121248775616826,
      8.743826527571349e-32
    ],
    [
      3.283726180469922e-70,
      0.9999999907515235,
      1.2660618970324845e-50,
      1.094993950456685e-11,
      9.237526989110567e-09,
      4.396650442331079e-60
    ],
    [
      2.6526769486325364e-25,
      3.1881718600889947e-19,
      9.894715458636485e-64,
      0.6281568771686787,
      0.371843122831321,
      1.0878129170364908e-20
    ],
    [
      2.4353917292572514e-32,
      2.0122471629281064e-12,
      4.3379932128822985e-57,
      0.21481142980166862,
      0.7851885701963189,
      2.184266903763733e-26
    ],
    [
      7.074661053977452e-53,
      0.999998232251927,
      2.934737233960168e-36,
      5.879906218966841e-09,
      1.7618681672467846e-06,
      1.0032269409826837e-43
    ],
    [
      3.803169502312364e-78,
      0.9999999999994551,
      4.861466361143079e-47,
      1.420566210990291e-16,
      5.446328214742622e-13,
      2.835063677211436e-67
    ],
    [
      1.3726162001016317e-27,
      8.054307723109559e-21,
      4.28118487759762e-70,
      0.8577046429171817,
      0.1422953570828181,
      4.1934310944326284e-23
    ],
    [
      0.6926604075877899,
      1.7159644855119718e-60,
      1.5176874730900034e-56,
      2.690217193391169e-24,
      2.3300461310729145e-27,
      0.3073395924122105
    ],
    [
      5.441944027500238e-33,
      3.5359164421802922e-12,
      2.3096473533788778e-57,
      0.21274304665451294,
      0.7872569533419511,
      5.670334375793519e-27
    ],
    [
      2.9354866897351137e-74,
      6.392781387979048e-57,
      1.0,
      3.229437734258864e-71,
      4.0245371660486196e-97,
      3.2629776862283043e-65
    ],
    [
      5.238592008834475e-66,
      1.8683065944420613e-38,
      1.0,
      1.7345495459394746e-54,
      9.503455936002077e-71,
      1.1951630969604807e-56
    ],
    [
      1.2443510471291966e-74,
      0.9999999986299902,
      9.742623635937042e-54,
      1.6611826912198297e-12,
      1.3683486373517013e-09,
      3.035835216635363e-64
    ],
    [
      2.177134363722046e-62,
      0.9999999933942633,
      1.8245469747399694e-40,
      7.55646571383386e-12,
      6.598180652905093e-09,
      1.3970790404765683e-52
    ],
    [
      1.162639223085889e-80,
      4.5821008886044235e-54,
      1.0,
      4.778022144501469e-72,
      1.859195439239823e-96,
      6.326058717485783e-71
    ],
    [
      1.1630886577814536e-43,
      1.985457523107411e-08,
      1.8373231991538945e-62,
      0.26293010807730555,
      0.7370698720681197,
      1.2426673404035227e-36
    ],
    [
      6.800431406833951e-69,
      3.3159499611935307e-60,
      1.0,
      4.395631073016083e-71,
      1.1024271589628042e-98,
      1.7195943119367702e-60
    ],
    [
      2.2395235087743095e-33,
      1.5944003271476273e-13,
      2.9682636063144408e-61,
      0.3554350775039386,
      0.644564922495902,
      1.5087511895594815e-27
    ],
    [
      1.58811394407056e-35,
      9.715731497220597e-14,
      1.1119587180235592e-64,
      0.5052799203430252,
      0.49472007965687764,
      1.227841467737283e-29
    ],
    [
      8.77605150651485e-78,
      0.9999999997823324,
      2.8806295216910136e-55,
      2.441370976553357e-13,
      2.1742353206693254e-10,
      3.4378978213714385e-67
    ],
    [
      1.546501612357796e-63,
      1.237372163895226e-50,
      1.0,
      4.38676369233701e-62,
      2.3939346575506433e-84,
      4.6824668603406866e-55
    ],
    [
