{
  "dataset": "blobs",
  "algorithm": "gmm",
  "params": {
    "n_components": 6,
    "covariance_type": "tied"
  },
  "labels": [
    1,
    2,
    0,
    4,
    2,
    2,
    1,
    2,
    5,
    2,
    5,
    4,
    0,
    3,
    2,
    0,
    4,
    1,
    1,
    4,
    5,
    4,
    0,
    1,
    1,
    2,
    2,
    1,
    1,
    3,
    2,
    3,
    4,
    4,
    2,
    2,
    5,
    5,
    1,
    1,
    2,
    0,
    4,
    4,
    3,
    0,
    5,
    0,
    2,
    1,
    2,
    3,
    1,
    2,
    0,
    4,
    4,
    1,
    2,
    1,
    1,
    3,
    2,
    1,
    5,
    2,
    2,
    1,
    5,
    2,
    5,
    2,
    2,
    1,
    4,
    1,
    4,
    2,
    0,
    4,
    2,
    0,
    2,
    3,
    1,
    1,
    1,
    1,
    5,
    4,
    1,
    2,
    5,
    2,
    0,
    1,
    3,
    5,
    3,
    1,
    5,
    0,
    0,
    1,
    1,
    4,
    4,
    1,
    4,
    1,
    2,
    1,
    1,
    1,
    1,
    2,
    5,
    1,
    2,
    2,
    4,
    0,
    2,
    5,
    1,
    0,
    5,
    2,
    2,
    1,
    1,
    5,
    5,
    2,
    0,
    1,
    1,
    1,
    5,
    5,
    2,
    1,
    0,
    5,
    2,
    1,
    1,
    4,
    4,
    4,
    2,
    2,
    5,
    5,
    4,
    1,
    4,
    1,
    2,
    2,
    1,
    1,
    0,
    0,
    2,
    4,
    5,
    2,
    1,
    1,
    2,
    3,
    4,
    1,
    1,
    4,
    3,
    2,
    2,
    2,
    3,
    1,
    3,
    4,
    1,
    1,
    3,
    0,
    4,
    2,
    2,
    1,
    1,
    2,
    4,
    2,
    4,
    3,
    1,
    2,
    3,
    4,
    2,
    1,
    5,
    1,
    2,
    5,
    0,
    1,
    1,
    2,
    1,
    4,
    4,
    2,
    3,
    1,
    4,
    0,
    5,
    4,
    1,
    4,
    5,
    3,
    4,
    2,
    2,
    5,
    2,
    5,
    4,
    2,
    1,
    2,
    3,
    2,
    0,
    5,
    5,
    2,
    4,
    5,
    1,
    1,
    5,
    3,
    4,
    2,
    4,
    4,
    4,
    4,
    5,
    5,
    1,
    4,
    2,
    5,
    3,
    4,
    1,
    4,
    2,
    2,
    5,
    4,
    5,
    2,
    4,
    4,
    0,
    1,
    4,
    4,
    4,
    5,
    1,
    2,
    3,
    5,
    5,
    4,
    2,
    4,
    0,
    1,
    5,
    2,
    2,
    3,
    4,
    0,
    1,
    5,
    1,
    5,
    2,
    0,
    2,
    1,
    0,
    5,
    4,
    0,
    2,
    2,
    5,
    0,
    2,
    1,
    0,
    0,
    0,
    2,
    1,
    0,
    5,
    0,
    1,
    0,
    5,
    1,
    1,
    1,
    2,
    1,
    1,
    1,
    1,
    1,
    4,
    1,
    0,
    1,
    4,
    4,
    1,
    0,
    5,
    5,
    4,
    4,
    2,
    4,
    2,
    3,
    5,
    2,
    2,
    0,
    2,
    1,
    1,
    2,
    1,
    3,
    2,
    4,
    0,
    4,
    2,
    2,
    1,
    5,
    2,
    5,
    5,
    1,
    4,
    2,
    0,
    2,
    1,
    5,
    1,
    0,
    1,
    1,
    2,
    1,
    3,
    2,
    1,
    2,
    4,
    2,
    1,
    2,
    1,
    5,
    4,
    3,
    2,
    2,
    5,
    4,
    4,
    4,
    0,
    1,
    2,
    4,
    5,
    0,
    2,
    1,
    2,
    2,
    2,
    4,
    0,
    2,
    4,
    5,
    4,
    4,
    0,
    4,
    0,
    4,
    1,
    2,
    5,
    4,
    2,
    1,
    4,
    5,
    5,
    2,
    2,
    2,
    1,
    2,
    0,
    1,
    4,
    4,
    1,
    0,
    1,
    0,
    4,
    2,
    2,
    2,
    4,
    5,
    5,
    1,
    4,
    2,
    2,
    2,
    5,
    2,
    3,
    0,
    1,
    0,
    2,
    5,
    4,
    0,
    3,
    0,
    2,
    3,
    1,
    1,
    3,
    4,
    1,
    1,
    4,
    2,
    5,
    2,
    0,
    4,
    1,
    1,
    4,
    2,
    1,
    1,
    0,
    1,
    1,
    4,
    1,
    2,
    4,
    1,
    4,
    2,
    2,
    0
  ],
  "means": [
    {
      "x": 5.3235960159695495,
      "y": 1.9939646037024947
    },
    {
      "x": -8.681593592831602,
      "y": 7.455467616712168
    },
    {
      "x": -7.00096490073583,
      "y": -6.904457538283394
    },
    {
      "x": -2.0971038318002484,
      "y": 9.69099878631408
    },
    {
      "x": -2.8517262898895153,
      "y": 8.796851787399754
    },
    {
      "x": 4.177012497558745,
      "y": 1.8603826205815877
    }
  ],
  "probabilities": [
    [
      7.528305882494235e-49,
      0.9999999785256865,
      4.125653328237715e-43,
      3.2331152852244495e-12,
      2.1471080406270863e-08,
      1.4827652810503483e-41
    ],
    [
      1.0464162261511232e-83,
      1.9566286796083285e-48,
      1.0,
      6.419177994871635e-85,
      4.13185271650525e-74,
      1.0330910516130547e-73
    ],
    [
      0.9368672584523176,
      7.88878551362613e-70,
      1.6631131295696611e-71,
      1.4733274740342097e-35,
      9.688678789220302e-36,
      0.0631327415476825
    ],
    [
      4.1480171033234984e-24,
      2.9384844644114712e-09,
      1.8014152992173307e-56,
      0.051580658871244335,
      0.948419338190271,
      6.522868774654369e-20
    ],
    [
      6.2758449497606804e-58,
      6.178158552128908e-52,
      1.0,
      1.1927578166169844e-74,
      2.025481647391607e-65,
      2.4806662912659053e-50
    ],
    [
      1.1818161790803457e-62,
      7.997229304558093e-55,
      1.0,
      1.7196344047198315e-79,
      6.82267279138835e-70,
      8.944737991161961e-55
    ],
    [
      1.0583055969636295e-39,
      0.997534995507558,
      9.231740293495824e-47,
      2.9762647982231743e-06,
      0.002462028227644274,
      2.3378991962009864e-33
    ],
    [
      8.557673481329363e-63,
      2.8493228734878678e-49,
      1.0,
      6.570435908519973e-75,
      1.9980237248587644e-65,
      1.1777766881350069e-54
    ],
    [
      0.13939895135162825,
      1.8416962438544744e-45,
      1.5406043645454916e-52,
      3.344340111123716e-22,
      3.1163582974050298e-21,
      0.8606010486483717
    ],
    [
      9.74338116251198e-69,
      1.6819402012632482e-48,
      1.0,
      2.6278595481285818e-77,
      1.851047094621543e-67,
      4.771014637453947e-60
    ],
    [
      0.1889839410580407,
      2.8894190682010324e-50,
      6.112449778336676e-51,
      1.0099673658828553e-26,
      1.6275278401252078e-25,
      0.8110160589419596
    ],
    [
      1.0513653955298387e-19,
      5.856636784416967e-15,
      5.103761429395814e-66,
      0.3435031522581736,
      0.6564968477418203,
      1.5021776587032027e-16
    ],
    [
      0.910540063870366,
      1.1184756602234835e-71,
      1.0108576534244488e-65,
      3.849203644395653e-39,
      8.85408280302821e-39,
      0.08945993612963384
    ],
    [
      4.982054693342205e-28,
      4.0235049834705895e-15,
      1.9590421328089154e-79,
      0.6879211837617117,
      0.3120788162382844,
      1.001066503619911e-24
    ],
    [
      1.2508010640568722e-52,
      4.6085064366579085e-35,
      1.0,
      8.610775291278388e-58,
      2.7917485638838296e-49,
      9.670715797804419e-45
    ],
    [
      0.6948969944408049,
      1.5535001831908455e-63,
      3.4799456536168667e-59,
      1.1482103304424776e-34,
      6.5097469135538425e-34,
      0.3051030055591952
    ],
    [
      4.249896746002907e-30,
      9.761505788279214e-13,
      2.358886507520005e-76,
      0.4980467096171084,
      0.5019532903819155,
      2.2294567054134006e-26
    ],
    [
      1.2026388884541517e-67,
      0.9999999999999902,
      4.9496204847566436e-51,
      4.550893979207069e-19,
      1.0042383491869528e-14,
      4.7130022084755554e-59
    ],
    [
      3.7199419418236963e-60,
      0.999999999705318,
      3.0033230188224356e-55,
      9.390759705639766e-14,
      2.9458817532771014e-10,
      2.1562373017046753e-52
    ],
    [
      8.278614623688032e-28,
      3.400290464461742e-07,
      2.106409431269169e-56,
      0.03336433432688679,
      0.9666353256440668,
      3.397325260192989e-23
    ],
    [
      0.10768430878898624,
      9.303010867936304e-42,
      1.196690282227515e-53,
      9.126767765803587e-19,
      5.7222136852779056e-18,
      0.8923156912110134
    ],
    [
      3.227950014855645e-20,
      9.456412137244183e-11,
      1.8031787893745833e-54,
      0.05667008158024252,
      0.9433299183251933,
      2.4289342794489217e-16
    ],
    [
      0.660128823510358,
      6.0015122084934465e-56,
      1.3993472254199673e-65,
      4.468607253988533e-26,
      4.790292682044035e-26,
      0.339871176489642
    ],
    [
      4.716268174446164e-47,
      0.9999983046027741,
      2.9793358734919914e-47,
      7.611870521297156e-10,
      1.6946360388323116e-06,
      4.327563185186933e-40
    ],
    [
      2.5686076477797007e-62,
      0.9999999999989888,
      1.415086095782467e-49,
      7.54299675572272e-17,
      1.011433149601967e-12,
      3.9915507619190183e-54
    ],
    [
      1.1382451163480148e-63,
      8.697809894371367e-52,
      1.0,
      1.8209095930124522e-77,
      7.1785465168748164e-68,
      1.4420858669844218e-55
    ],
    [
      3.6778356987520877e-59,
      1.0024730213460423e-38,
      1.0,
      3.3062569637046226e-64,
      3.4058099353290294e-55,
      7.219927911604637e-51
    ],
    [
      9.75430809305823e-54,
      0.9999999854969462,
      9.169402657379826e-51,
      4.881296707599668e-12,
      1.4498172607426248e-08,
      2.422515060520732e-46
    ],
    [
      1.8688025226922882e-58,
      0.9999999991929275,
      5.0971143115835596e-54,
      2.588068191358905e-13,
      8.068138620590188e-10,
      8.688029757748715e-51
    ],
    [
      4.907421561717824e-25,
      6.848143145287889e-16,
      7.45229793623557e-77,
      0.6634275837885641,
      0.3365724162114353,
      6.436771678133077e-22
    ],
    [
      2.9548965188299334e-67,
      1.7579589946359137e-52,
      1.0,
      6.943464782901758e-80,
      4.824093167172533e-70,
      7.147086967341889e-59
    ],
    [
      8.166089897895693e-28,
      3.033926323346036e-16,
      5.809145429031101e-82,
      0.7805665017591915,
      0.21943349824080835,
      1.0945752578739677e-24
    ],
    [
      3.8289058701623794e-29,
      3.8719398862401326e-08,
      1.5899374156645456e-61,
      0.06979105895474276,
      0.9302089023258585,
      1.13036446370842e-24
    ],
    [
      9.947401127994237e-33,
      9.57318597660238e-08,
      2.470907875839094e-66,
      0.10525085521937995,
      0.8947490490487602,
      3.920895578013136e-28
    ],
    [
      1.0683940866664256e-64,
      5.2776917113623595e-53,
      1.0,
      5.1741291011574987e-79,
      2.5289334569538164e-69,
      1.4675042695803363e-56
    ],
    [
      1.9983820607929337e-70,
      7.412961087133568e-55,
      1.0,
      1.6866577428215245e-83,
      2.1179734848943745e-73,
      7.145246215289852e-62
    ],
    [
      0.203053271231772,
      2.451523538493816e-46,
      6.333909786111679e-56,
      1.1496820257810712e-21,
      5.56455013250857e-21,
      0.7969467287682278
    ],
    [
      0.07538896277585339,
      4.2667425632910525e-41,
      1.2105925058238321e-50,
      2.4115221870098603e-19,
      2.724227878317366e-18,
      0.9246110372241467
    ],
    [
      2.3647295319183681e-60,
      0.9999999999496253,
      1.1262878327021457e-52,
      9.327321003696357e-15,
      5.036571486355092e-11,
      1.8328260843430337e-52
    ],
    [
      5.057811689324583e-51,
      0.9999999828500823,
      1.9779011549573102e-46,
      3.6315918170717312e-12,
      1.714628602654254e-08,
      1.1133071207243502e-43
    ],
    [
      5.053954252156821e-72,
      2.071968633480951e-49,
      1.0,
      9.43222786540991e-80,
      1.132447296687387e-69,
      4.35149501344946e-63
    ],
    [
      0.8373055825589665,
      9.232617108519972e-62,
      3.0628169175885327e-69,
      1.2968725764220345e-29,
      8.901483932950973e-30,
      0.16269441744103325
    ],
    [
      1.0114506136523445e-28,
      1.4993535596394255e-11,
      6.899338193661483e-71,
      0.30275579214091974,
      0.6972442078440868,
      7.754865825496677e-25
    ],
    [
      6.582962066504565e-21,
      1.2154197086363464e-13,
      3.244453952571948e-64,
      0.2464030351923784,
      0.7535969648075,
      1.6336074945969757e-17
    ],
    [
      1.74866207198309e-20,
      4.246439498873582e-20,
      1.3428092440265074e-80,
      0.8679254883129132,
      0.13207451168708703,
      4.154246905381173e-18
    ],
    [
      0.8866866351081343,
      9.316262560396983e-65,
      2.4812408700378295e-70,
      9.92257528030009e-32,
      6.370048700919227e-32,
      0.11331336489186596
    ],
    [
      0.3857290270790857,
      3.531931636391831e-52,
      1.8799513217706026e-58,
      1.5574873504892583e-25,
      5.904758652246002e-25,
      0.6142709729209143
    ],
    [
      0.6195304469924225,
      8.569826945643271e-60,
      8.749187785188686e-60,
      2.4054533988981694e-31,
      1.0046730110224192e-30,
      0.3804695530075772
    ],
    [
      5.59678890554478e-69,
      6.147202390115455e-48,
      1.0,
      5.862980973802624e-77,
      4.157071846389122e-67,
      3.0469714784573435e-60
    ],
    [
      6.750314324478446e-63,
      0.9999999999993651,
      8.540164525519312e-50,
      4.5408891551292145e-17,
      6.350772123118006e-13,
      1.1532942281673148e-54
    ],
    [
      1.8454763283452644e-83,
      7.057687069399132e-57,
      1.0,
      7.181537734957142e-92,
      6.893056002354848e-81,
      7.29012721900338e-74
    ],
    [
      8.780021640965787e-35,
      7.240990016639222e-12,
      2.5887960223948727e-81,
      0.5827189360986262,
      0.4172810638941329,
      7.930932459654545e-31
    ],
    [
      1.0812392099301546e-65,
      0.9999999999998975,
      1.5272609777379927e-51,
      6.883570042695112e-18,
      1.027226726788299e-13,
      2.7262000198448136e-57
    ],
    [
      3.061206836557882e-64,
      7.337906880045736e-54,
      1.0,
      1.6970657280157975e-79,
      8.102671578778792e-70,
      3.5139014483057957e-56
    ],
    [
      0.6747836765132623,
      3.8988435266401937e-51,
      2.6631768929905698e-71,
      4.947499781856095e-20,
      1.3180969598191725e-20,
      0.32521632348673796
    ],
    [
      8.686333848721587e-32,
      6.9351888961304156e-09,
      3.6282047477189174e-68,
      0.15528666307300848,
      0.8447133299918024,
      2.1095009276325042e-27
    ],
    [
      6.868691891174891e-25,
      9.372722575868993e-12,
      3.038141829501032e-65,
      0.19711331213161878,
      0.8028866878590087,
      4.1529365601476045e-21
    ],
    [
      3.7285092097006656e-62,
      0.9999999998229834,
      8.361277824979367e-58,
      6.988881075501743e-14,
      1.7694654955864528e-10,
      2.513260725289673e-54
    ],
    [
      8.438631629229923e-68,
      1.8265016135644712e-56,
      1.0,
      1.6734096055588515e-83,
      1.5480231596595933e-73,
      1.5121871385413588e-59
    ],
    [
      1.038248580765751e-66,
      1.0,
      2.139929470025779e-42,
      1.2908536551681367e-21,
      1.3909426139542286e-16,
      7.8341101144415e-58
    ],
    [
      3.1418547265627013e-65,
      0.9999999999929293,
      1.0082291098775818e-57,
      1.7426959453309112e-15,
      7.068837771380485e-12,
      3.950550160205836e-57
    ],
    [
      2.665386214423314e-26,
      3.297204570462677e-14,
      2.224594811147004e-74,
      0.5210001137875007,
      0.4789998862124667,
      6.814912140642522e-23
    ],
    [
      7.925105086483595e-69,
      2.3777341622077923e-48,
      1.0,
      3.1600411258942966e-77,
      2.238219172260299e-67,
      4.0124434388991806e-60
    ],
    [
      4.789837508320014e-57,
      0.9999999999853323,
      4.988210409806614e-45,
      9.626533483225312e-16,
      1.4667109990597527e-11,
      4.037801608693937e-49
    ],
    [
      0.4123900055793458,
      8.45560090318269e-49,
      4.3532643135504166e-63,
      4.619191476825903e-21,
      5.803918222206665e-21,
      0.5876099944206544
    ],
    [
      5.15908047996038e-64,
      8.136403072220571e-37,
      1.0,
      4.3070032802332725e-65,
      8.245605643657112e-56,
      3.255503102589693e-55
    ],
    [
      8.363540343749534e-68,
      3.7385102334765724e-60,
      1.0,
      1.3466781827479e-86,
      1.5080982332693232e-76,
      1.0270916067264697e-59
    ],
    [
      3.324488389712749e-57,
      0.9999999999999957,
      4.5268660735602433e-32,
      2.2945767954820622e-20,
      4.758211466455119e-15,
      1.0242515988068049e-48
    ],
    [
      0.43892353587047356,
      8.812038041663263e-54,
      6.656196138179305e-59,
      1.0851602884131927e-26,
      4.050560649227688e-26,
      0.5610764641295264
    ],
    [
      4.855792432334019e-68,
      1.9889548297815468e-54,
      1.0,
      6.430548283976039e-82,
      5.54834950165203e-72,
      1.1253123287101795e-59
    ],
    [
      0.4770596300197975,
      3.3809597921270697e-49,
      3.1581034193882477e-65,
      1.2973913249085755e-20,
      1.0753909319738282e-20,
      0.5229403699802028
    ],
    [
      3.639230881432884e-59,
      9.030614287538202e-44,
      1.0,
      1.9389535327348126e-68,
      2.5936486816607064e-59,
      4.260168824137827e-51
    ],
    [
      4.8746703062016316e-55,
      1.7013608545609653e-47,
      1.0,
      1.9005349476829534e-69,
      1.6728488601926868e-60,
      1.703942491965329e-47
    ],
    [
      2.2163081080667843e-56,
      0.9999999999880869,
      1.479940523299686e-43,
      6.430216425024536e-16,
      1.1912499390567681e-11,
      1.8879465951271988e-48
    ],
    [
      2.3388779371558942e-30,
      1.0175644217299118e-09,
      2.8997286429198952e-68,
      0.18158722010071363,
      0.8184127788817219,
      3.8789220451733127e-26
    ],
    [
      3.6265950509736383e-67,
      0.9999999999951639,
      2.180730182362191e-60,
      1.5231994051231998e-15,
      4.834534295242923e-12,
      5.1824572973245324e-59
    ],
    [
      7.20109545312096e-20,
      2.1174326282516e-13,
      8.100868891040513e-62,
      0.19304617027735538,
      0.806953829722433,
      1.8798158022788681e-16
    ],
    [
      4.42303186765032e-71,
      2.3961882952312848e-52,
      1.0,
      9.891062908517833e-82,
      1.2021386866928519e-71,
      2.332836427340089e-62
    ],
    [
      0.5504246876442188,
      1.5002072678603446e-56,
      2.2246234834120866e-60,
      1.91433629415395e-28,
      6.051083285958552e-28,
      0.4495753123557814
    ],
    [
      7.90458289832157e-26,
      9.571201185782497e-08,
      9.535610166172285e-55,
      0.03130095685794073,
      0.9686989474300479,
      2.423908599410531e-21
    ],
    [
      4.556413958568301e-68,
      2.559241991652987e-57,
      1.0,
      2.3498044484486476e-84,
      2.363509347926654e-74,
      7.891875700475542e-60
    ],
    [
      0.6930072158126698,
      1.188565650368154e-55,
      2.1680757539511993e-67,
      3.500098082126308e-25,
      2.5663226760768476e-25,
      0.3069927841873304
    ],
    [
      8.386905314895538e-68,
      1.787880747632206e-45,
      1.0,
      2.726070248415081e-74,
      1.4301000633187194e-64,
      4.646579790651321e-59
    ],
    [
      1.2381165066421603e-24,
      1.1245268812376905e-16,
      2.9534022886464873e-78,
      0.7266148563346744,
      0.2733851436653258,
      1.2057170918134626e-21
    ],
    [
      9.000997098292565e-72,
      0.9999999999999992,
      1.0777923602682758e-53,
      3.0048548885618143e-20,
      7.177282892547142e-16,
      6.214546817066675e-63
    ],
    [
      1.746325773121032e-68,
      1.0,
      5.773174049899892e-44,
      5.649906586552585e-22,
      5.787260696718301e-17,
      1.612875888448925e-59
    ],
    [
      1.9505767058875982e-66,
      0.9999999999860689,
      6.87805257229899e-61,
      5.403151772757322e-15,
      1.3925637332147795e-11,
      2.2931435993134557e-58
    ],
    [
      3.4548893753042415e-58,
      0.9999998244068443,
      1.998016987746091e-62,
      3.134004532952424e-10,
      1.752797549440428e-07,
      6.704492662546489e-51
    ],
    [
      0.20539906564219707,
      3.859889296451448e-51,
      5.211310719358555e-51,
      2.061857264732093e-27,
      3.410013985623661e-26,
      0.7946009343578028
    ],
    [
      2.0437905231459905e-23,
      1.7602254403331058e-12,
      6.0225029108307e-65,
      0.21701387403878786,
      0.7829861259594517,
      8.790230397937523e-20
    ],
    [
      2.3714588553419828e-57,
      0.9999999999168919,
      2.1075091060134192e-48,
      1.022560830789211e-14,
      8.309819657907082e-11,
      1.5290161937531284e-49
    ],
    [
      6.263780620543993e-54,
      2.2654561158047255e-39,
      1.0,
      4.543027401918339e-62,
      2.23054968777067e-53,
      4.037459784839453e-46
    ],
    [
      0.11832940455153379,
      4.283933682393351e-48,
      5.490187046396575e-48,
      4.84150520409622e-26,
      1.2962431082238065e-24,
      0.881670595448466
    ],
    [
      1.381198604910769e-64,
      6.356024244533964e-50,
      1.0,
      2.256761049292283e-76,
      9.253717398908019e-67,
      2.545341005082995e-56
    ],
    [
      0.5096539506615676,
      2.344341320498507e-56,
      5.664801039993734e-59,
      8.60318596305337e-29,
      3.582554607879729e-28,
      0.49034604933843245
    ],
    [
      3.2692222974317635e-58,
      0.9999999999999859,
      1.214461656391688e-35,
      1.248808776254341e-19,
      1.473293618539261e-14,
      8.69721044351846e-50
    ],
    [
      1.6021682076217912e-29,
      5.87763233155729e-17,
      2.7500000901010656e-86,
      0.8633001241443801,
      0.13669987585561955,
      1.8423132995468478e-26
    ],
    [
      0.17649997535195142,
      8.445097173068038e-45,
      6.790258749774387e-56,
      2.0295072800216618e-20,
      9.210810756858977e-20,
      0.8235000246480485
    ],
    [
      4.195010608101664e-30,
      7.219674320049174e-15,
      6.217084003191427e-82,
      0.7301333353095675,
      0.2698666646904255,
      1.0271618654265597e-26
    ],
    [
      3.2673246750892886e-51,
      0.9999999975646291,
      1.540241647110327e-43,
      2.8151969514576966e-13,
      2.4350895010760044e-09,
      9.905201639049829e-44
    ],
    [
      0.338962769842776,
      7.073586911510934e-54,
      1.053103760785503e-54,
      2.6682734842034153e-28,
      2.3537215209028703e-27,
      0.6610372301572239
    ],
    [
      0.5219491709392511,
      5.785262985747646e-52,
      4.4544542484367634e-64,
      2.5760534256668722e-23,
      3.080817617919138e-23,
      0.4780508290607488
    ],
    [
      0.8477630214724569,
      2.7225039511965964e-66,
      2.8532426949680086e-65,
      8.448868449807481e-35,
      1.61745154399565e-34,
      0.15223697852754284
    ],
    [
      2.097988036961592e-62,
      0.9999999994808277,
      5.331942562285304e-60,
      3.0615686991824756e-13,
      5.188657528182114e-10,
      1.2000367184957713e-54
    ],
    [
      1.9062346781119724e-54,
      0.9999999998284737,
      1.1589673612015886e-44,
      1.537469562432448e-14,
      1.7151092913100455e-10,
      9.895746329914774e-47
    ],
    [
      3.4274174530530896e-23,
      5.183085231792592e-11,
      3.08783997842161e-60,
      0.10769658898597359,
      0.8923034109621952,
      2.594592872391215e-19
    ],
    [
      1.1548114455749973e-31,
      3.181228819167615e-10,
      7.323181286562837e-72,
      0.26761648428234747,
      0.7323835153995297,
      1.662886644555857e-27
    ],
    [
      5.994016030954076e-65,
      1.0,
      7.257989415899587e-34,
      1.0551140147581502e-23,
      4.810932729148417e-18,
      7.306464992388084e-56
    ],
    [
      1.5025478494711894e-35,
      1.7781413529732397e-05,
      3.376377968075146e-64,
      0.05380778621865452,
      0.9461744323678157,
      1.6196793059086207e-30
    ],
    [
      3.0775702908746756e-61,
      0.9999999999996025,
      3.3085822022885583e-46,
      1.7751181348516563e-17,
      3.9757958774267126e-13,
      5.353300017082632e-53
    ],
    [
      1.0563548311636858e-69,
      9.843571651999128e-44,
      1.0,
      8.351119997834556e-74,
      5.304710416153283e-64,
      1.023623137067042e-60
    ],
    [
      1.1723762448593397e-65,
      0.9999999999999867,
      4.1323243173891693e-48,
      4.496266634913089e-19,
      1.3245964009102222e-14,
      4.1028352703162673e-57
    ],
    [
      2.2426206586954765e-61,
      0.9999999771370133,
      1.753538761971467e-64,
      3.8387739827255934e-11,
      2.2824599479917945e-08,
      6.74090496358025e-54
    ],
    [
      4.332332817950582e-56,
      0.9999999999640226,
      6.995051385960888e-45,
      2.64165271629582e-15,
      3.597489908284479e-11,
      3.05918787633306e-48
    ],
    [
      6.403000216395137e-56,
      0.9999999993287055,
      2.0649129535856563e-49,
      1.2486355284441282e-13,
      6.711697424810592e-10,
      2.809110257908805e-48
    ],
    [
      6.297766799999882e-70,
      2.4633852163630935e-38,
      1.0,
      2.1480618482700198e-69,
      1.0673841170372152e-59,
      1.1109850285639919e-60
    ],
    [
      0.16849174501476408,
      3.0137539935777968e-46,
      7.735412772416679e-54,
      2.305933925641762e-22,
      1.7055324436326215e-21,
      0.8315082549852358
    ],
    [
      2.0703450612457644e-58,
      0.9999999998286286,
      2.157901184810138e-51,
      3.274436996615705e-14,
      1.7133887097234187e-10,
      1.2326372625396078e-50
    ],
    [
      2.1430073422809233e-79,
      1.2526556922222018e-59,
      1.0,
      4.288637220937343e-92,
      2.5994978644954286e-81,
      2.8285285761471348e-70
    ],
    [
      6.374893770303439e-68,
      2.7096811535551404e-51,
      1.0,
      3.134825779999212e-79,
      2.2606254749020424e-69,
      1.9903691708674828e-59
    ],
    [
      1.1245030061436231e-24,
      1.971085132008921e-13,
      1.0824722582436314e-69,
      0.3609659213829653,
      0.6390340786168378,
      3.552826233876815e-21
    ],
    [
      0.8070027592900026,
      9.36701876920199e-61,
      3.334191534452396e-68,
      3.8444301294291565e-29,
      3.08866249064199e-29,
      0.1929972407099973
    ],
    [
      5.8596535041730124e-65,
      1.2267440149559854e-43,
      1.0,
      2.7028169015674086e-71,
      8.464556404020037e-62,
      2.217952769768018e-56
    ],
    [
      0.21406675830423275,
      5.835693181138111e-47,
      6.615479678807157e-56,
      3.4927716732703684e-22,
      1.7464944013872972e-21,
      0.7859332416957673
    ],
    [
      7.510846450950677e-51,
      0.9999347972533612,
      1.0468425737301137e-59,
      2.000714404638249e-07,
      6.500267519828273e-05,
      4.373669427996152e-44
    ],
    [
      0.8738523426853396,
      4.414218930679181e-63,
      7.378049546121168e-71,
      3.8249322360244316e-30,
      2.029034582506737e-30,
      0.12614765731466077
    ],
    [
      0.17014051764533977,
      6.01723187452342e-48,
      3.6748439682368145e-52,
      2.2516510275823225e-24,
      2.5396272136771875e-23,
      0.8298594823546601
    ],
    [
      1.0496376390526038e-71,
      2.0899617800831856e-54,
      1.0,
      8.890756766588975e-84,
      1.3182591459863443e-73,
      5.078254133085737e-63
    ],
    [
      3.623443489127319e-69,
      2.0091457556962553e-44,
      1.0,
      4.14383171298423e-74,
      2.5199079672631512e-64,
      2.9385844189235804e-60
    ],
    [
      9.196334286864358e-56,
      0.999999999964496,
      2.6406601975648726e-44,
      2.4384252469993567e-15,
      3.550154167955455e-11,
      6.43458809822703e-48
    ],
    [
      1.4475425237565462e-56,
      0.9999999684030257,
      7.543146352096627e-57,
      2.3569916183749568e-11,
      3.157340465573298e-08,
      3.4980154996605465e-49
    ],
    [
      0.42421189275395255,
      9.172148150416811e-55,
      2.7625754310900604e-57,
      4.33606579632952e-28,
      2.3573535529644016e-27,
      0.5757881072460473
    ],
    [
      0.03747348989873028,
      1.350621144201701e-38,
      2.5454887386952296e-46,
      6.423829420266931e-19,
      1.5813883098277336e-17,
      0.9625265101012697
    ],
    [
      7.923076027673526e-59,
      2.3117882029702885e-50,
      1.0,
      8.607621608035663e-74,
      1.5394155989327493e-64,
      4.4062584763105635e-51
    ],
    [
      0.6555290991922933,
      3.462850072809946e-58,
      5.064745153583279e-63,
      7.500495278839219e-29,
      1.5051120987835114e-28,
      0.34447090080770676
    ],
    [
      6.562993052309355e-60,
      0.9999999999839253,
      4.84241684581116e-50,
      1.8786936786976327e-15,
      1.60729861643025e-11,
      6.018385245324118e-52
    ],
    [
      1.4291466622681842e-54,
      0.9999999976002822,
      3.2192886769175284e-49,
      5.243833822372189e-13,
      2.399193606790262e-09,
      4.877090215382873e-47
    ],
    [
      3.5563802276092685e-60,
      0.9999999999927707,
      3.539264998832012e-49,
      6.835883479182717e-16,
      7.2285748778365075e-12,
      3.742210233157331e-52
    ],
    [
      0.031070277488479504,
      4.0114675347048064e-39,
      6.05262999367415e-44,
      3.099784189693736e-20,
      1.2755240693718064e-18,
      0.9689297225115207
    ],
    [
      0.17976520356714704,
      1.769551879136127e-47,
      2.740735487399091e-53,
      1.4209373069112188e-23,
      1.244621347873775e-22,
      0.820234796432853
    ],
    [
      1.0460761852957542e-64,
      1.2858807677081514e-56,
      1.0,
      4.788843917220922e-82,
      2.824644822396949e-72,
      9.934136363911876e-57
    ],
    [
      2.5110078192658686e-45,
      0.999999771679294,
      5.083903178777237e-41,
      3.81447784773572e-11,
      2.282825611842823e-07,
      2.9954614786653007e-38
    ],
    [
      0.8291826148060641,
      2.888957267141099e-55,
      1.74997191416785e-75,
      5.543930690861763e-22,
      7.826745268275176e-23,
      0.17081738519393558
    ],
    [
      0.29634859323954105,
      9.031228597081793e-49,
      3.5321878233816e-58,
      7.84200999462223e-23,
      2.6784413376348734e-22,
      0.7036514067604591
    ],
    [
      3.9820329038141846e-64,
      3.8847511205410893e-50,
      1.0,
      2.5690894778279883e-76,
      9.950460884022924e-67,
      6.547524518993788e-56
    ],
    [
      2.469144749327039e-66,
      0.999999999999865,
      4.422776471359815e-53,
      1.1179458895399572e-17,
      1.3493223324558066e-13,
      6.092180465519869e-58
    ],
    [
      1.1231706320521875e-65,
      0.9999999999981384,
      2.7668002753303604e-56,
      3.2229596391082963e-16,
      1.8613885996761313e-12,
      1.777105982404158e-57
    ],
    [
      1.995538494048575e-30,
      1.1276189528501008e-10,
      3.806792566225557e-71,
      0.2709596616833944,
      0.729040338203844,
      2.2964435828238917e-26
    ],
    [
      1.6997922285451114e-23,
      1.098285093433001e-10,
      9.133567224872863e-60,
      0.0964964482683098,
      0.9035035516218617,
      1.4807354252898514e-19
    ],
    [
      5.455027952890073e-28,
      1.1571890614145645e-06,
      4.449193929313973e-55,
      0.025826259625645734,
      0.9741725831852933,
      2.7898065675800474e-23
    ],
    [
      2.214979179208611e-73,
      7.821323208155566e-59,
      1.0,
      2.3972031879654474e-88,
      5.725120480776536e-78,
      9.514817388076206e-65
    ],
    [
      7.598135385527298e-66,
      1.9708405555843402e-45,
      1.0,
      2.974718140391259e-73,
      1.1654891792515523e-63,
      2.8572500633873076e-57
    ],
    [
      0.2210066813129667,
      3.978618966141151e-51,
      6.52256727537233e-52,
      4.5488608092489684e-27,
      6.248782667499187e-26,
      0.7789933186870334
    ],
    [
      0.08601682157687471,
      5.431621953490356e-38,
      2.9095609119637185e-55,
      4.298319223859152e-15,
      1.630670744190511e-14,
      0.913983178423105
    ],
    [
      3.013059736899879e-27,
      6.683394847055839e-13,
      2.592172357132345e-72,
      0.4010213296370918,
      0.5989786703622398,
      1.302720530927302e-23
    ],
    [
      2.466881817953717e-60,
      0.9999999999961919,
      2.160439504302854e-48,
      3.0065930658212623e-16,
      3.8077909584704026e-12,
      2.8931532060356073e-52
    ],
    [
      2.9405094178673214e-22,
      2.0076473793133128e-11,
      6.461962377646499e-60,
      0.11288337953721653,
      0.8871166204427067,
      1.8263531408030823e-18
    ],
    [
      3.599824974827562e-48,
      0.9999999981580175,
      6.504521679247323e-38,
      1.0863839849000047e-13,
      1.8418738886233412e-09,
      1.027564765700509e-40
    ],
    [
      4.9994187613242746e-64,
      1.0395944422044984e-51,
      1.0,
      1.3873865223704741e-77,
      5.743536729039116e-68,
      6.858001349160353e-56
    ],
    [
      2.373323595119907e-78,
      1.0523095345890543e-60,
      1.0,
      1.8429077773327645e-92,
      1.0117266294653069e-81,
      2.2757863990272316e-69
    ],
    [
      4.323321834596631e-41,
      0.9997912755386712,
      4.722918764946782e-45,
      1.459466344445296e-07,
      0.00020857851469483103,
      1.4902154577072032e-34
    ],
    [
      1.9829827467271833e-60,
      0.9999999999624709,
      2.5495938669552243e-52,
      6.4007781455083106e-15,
      3.752283558589993e-11,
      1.6156316607325797e-52
    ],
    [
      0.7554539985946325,
      2.8868103654423087e-58,
      8.88280839843941e-68,
      3.216046779869518e-27,
      2.484185436647938e-27,
      0.2445460014053675
    ],
    [
      0.5116917656995991,
      5.5330404169855736e-52,
      1.181646023352167e-63,
      1.7450716257545653e-23,
      2.276429868640032e-23,
      0.48830823430040127
    ],
    [
      5.060048675873139e-58,
      2.324246706971572e-42,
      1.0,
      1.136424351984734e-66,
      1.1933164798041553e-57,
      5.445711348085086e-50
    ],
    [
      3.3052292484079255e-29,
      3.7715389946855326e-09,
      1.1222264148393703e-64,
      0.11687510190403645,
      0.8831248943244246,
      6.550579561866251e-25
    ],
    [
      0.29408158516292154,
      1.0865440216073545e-46,
      2.912314916105102e-60,
      2.327751937904802e-20,
      4.712413893881852e-20,
      0.7059184148370783
    ],
    [
      2.0146886752913468e-56,
      1.1875094193145458e-37,
      1.0,
      6.637681928193865e-62,
      4.312818468136194e-53,
      2.551974404896434e-48
    ],
    [
      1.6637129642506126e-63,
      0.9999999999999482,
      1.052346433775225e-46,
      1.8295870901994923e-18,
      5.189889828685402e-14,
      4.3405660482478054e-55
    ],
    [
      4.216474297301437e-70,
      0.9999999999999964,
      1.5576142271949148e-53,
      1.8944872362320122e-19,
      3.648325696077927e-15,
      2.116291852378861e-61
    ],
    [
      5.5108420696278024e-55,
      5.371960482582009e-46,
      1.0,
      3.65617106875192e-68,
      2.9549697950843303e-59,
      2.222981204609415e-47
    ],
    [
      1.906831854378836e-28,
      4.2601340454143596e-14,
      2.0757654818128816e-77,
      0.5932066650363238,
      0.40679333496363357,
      5.638099976266387e-25
    ],
    [
      1.5792707394687606e-25,
      1.0483285711904944e-12,
      5.107731182529511e-69,
      0.3112188869898245,
      0.6887811130091271,
      6.809345567627824e-22
    ],
    [
      1.288545495017795e-58,
      0.9999999996678186,
      7.846374726047723e-53,
      8.205909125659343e-14,
      3.3209922730447306e-10,
      6.947189925690447e-51
    ],
    [
      3.450073761110381e-54,
      0.9999999999961986,
      5.939240718186814e-38,
      9.271322601804265e-17,
      3.801080332784742e-12,
      3.2734627883843475e-46
    ],
    [
      5.048030195167398e-33,
      1.8058967729090662e-09,
      6.675818206654704e-72,
      0.23848473801536085,
      0.7615152601787422,
      1.0270493976800909e-28
    ],
    [
      1.0530774504441475e-31,
      1.6717810264309271e-13,
      7.322821612393623e-81,
      0.6490860194642734,
      0.35091398053555956,
      4.536672363449028e-28
    ],
    [
      1.1860553447415098e-73,
      9.749356824567913e-45,
      1.0,
      1.1400016390121865e-76,
      1.3685584846427774e-66,
      2.2861719328771742e-64
    ],
    [
      1.513418403091264e-65,
      1.5365556345071392e-55,
      1.0,
      1.4233135428648143e-81,
      8.991777179063856e-72,
      1.8991545090650318e-57
    ],
    [
      2.714841026967303e-49,
      7.407033237667016e-34,
      1.0,
      4.5193789809472784e-55,
      8.401583083492054e-47,
      1.2180284769653479e-41
    ],
    [
      6.952127035652555e-30,
      4.029951197036774e-14,
      1.1101832563036227e-79,
      0.6494710364731683,
      0.3505289635267913,
      2.191065735399434e-26
    ],
    [
      1.6328421604469563e-56,
      0.9999999862546255,
      2.1705337479295207e-55,
      7.723076745624391e-12,
      1.3737651284017014e-08,
      4.5020373062653016e-49
    ],
    [
      5.664037675092729e-20,
      1.3301635086642469e-18,
      4.173790958255421e-76,
      0.7574065800543623,
      0.24259341994563735,
      2.195730025251904e-17
    ],
    [
      1.5252915679024314e-25,
      6.507060712746378e-12,
      8.977380830192138e-67,
      0.2307704414386164,
      0.769229558554877,
      8.908132095591041e-22
    ],
    [
      5.157635434234675e-43,
      0.9999982414507924,
      1.8710498798349097e-40,
      3.6950924162489687e-10,
      1.7581796987061847e-06,
      4.0921960816222185e-36
    ],
    [
      1.6761530868146234e-63,
      0.9999999999993611,
      7.824781856548728e-51,
      5.1410651495405666e-17,
      6.391773745614047e-13,
      2.9211522586487946e-55
    ],
    [
      7.323654652882294e-22,
      1.565258341354402e-20,
      1.0546252111830414e-83,
      0.9068990001664109,
      0.09310099983358897,
      1.619741489814237e-19
    ],
    [
      0.7380696758656731,
      2.5365093773098301e-54,
      5.261147645647866e-71,
      8.69658138298946e-23,
      2.880874081770735e-23,
      0.2619303241343267
    ],
    [
      4.6069861029824237e-26,
      1.0496883230552675e-11,
      5.083754237651917e-67,
      0.22777935198292773,
      0.7722206480065752,
      2.977517093802701e-22
    ],
    [
      2.310570849667991e-70,
      2.2064031947024716e-60,
      1.0,
      4.233725774228553e-88,
      7.006746617085372e-78,
      4.626086421735489e-62
    ],
    [
      1.5601978621698107e-61,
      5.33481163856419e-41,
      1.0,
      2.5001442437437195e-67,
      4.114999853535446e-58,
      3.899747675583339e-53
    ],
    [
      6.132311275344948e-60,
      0.9999999971361834,
      1.2665330430848887e-58,
      1.8483159971920874e-12,
      2.8619687219312333e-09,
      2.4484922760824904e-52
    ],
    [
      9.144878188425226e-51,
      0.9999999933900386,
      2.0076631259217466e-44,
      9.74093138806209e-13,
      6.6089872140166465e-09,
      2.3253376211577494e-43
    ],
    [
      4.576270934366394e-76,
      4.528060216010785e-58,
      1.0,
      4.4035925651857486e-89,
      1.5044745850296155e-78,
      3.6391326310181814e-67
    ],
    [
      1.462541945271529e-34,
      1.1877135637888278e-08,
      4.838088309799071e-72,
      0.21106696629952848,
      0.7889330218233359,
      4.343654071562033e-30
    ],
    [
      1.8056153378072833e-65,
      4.381306978880757e-63,
      1.0,
      7.375494541022922e-88,
      6.802014176402639e-78,
      1.0285056915856281e-57
    ],
    [
      2.1926593045265648e-26,
      3.4741426112570653e-13,
      9.914349158358865e-72,
      0.40020235448182084,
      0.5997976455178319,
      8.201314144862614e-23
    ],
    [
      4.028322855057784e-28,
      1.2478331518384118e-13,
      1.1443999684624547e-75,
      0.5254059490113117,
      0.47459405098856344,
      1.3877045541366815e-24
    ],
    [
      1.9438888439041135e-62,
      0.9999999994476187,
      3.7030496104886305e-60,
      3.345528452863599e-13,
      5.520470249234389e-10,
      1.1021356737519346e-54
    ],
    [
      4.253274259522855e-60,
      5.232483492476552e-53,
      1.0,
      1.1663882648350799e-76,
      2.8860506659728284e-67,
