{
  "dataset": "blobs",
  "algorithm": "gmm",
  "params": {
    "n_components": 6,
    "covariance_type": "spherical"
  },
  "labels": [
    1,
    2,
    0,
    4,
    2,
    2,
    1,
    2,
    5,
    2,
    5,
    4,
    0,
    3,
    2,
    0,
    3,
    1,
    1,
    4,
    5,
    4,
    0,
    1,
    1,
    2,
    2,
    1,
    1,
    3,
    2,
    3,
    4,
    4,
    2,
    2,
    5,
    5,
    1,
    1,
    2,
    0,
    4,
    4,
    3,
    0,
    5,
    0,
    2,
    1,
    2,
    3,
    1,
    2,
    0,
    4,
    4,
    1,
    2,
    1,
    1,
    4,
    2,
    1,
    5,
    2,
    2,
    1,
    5,
    2,
    5,
    2,
    2,
    1,
    4,
    1,
    4,
    2,
    0,
    4,
    2,
    0,
    2,
    3,
    1,
    1,
    1,
    1,
    5,
    4,
    1,
    2,
    5,
    2,
    0,
    1,
    3,
    5,
    3,
    1,
    5,
    5,
    0,
    1,
    1,
    4,
    4,
    1,
    4,
    1,
    2,
    1,
    1,
    1,
    1,
    2,
    5,
    1,
    2,
    2,
    4,
    0,
    2,
    5,
    1,
    0,
    5,
    2,
    2,
    1,
    1,
    5,
    5,
    2,
    0,
    1,
    1,
    1,
    5,
    5,
    2,
    1,
    0,
    5,
    2,
    1,
    1,
    4,
    4,
    4,
    2,
    2,
    5,
    5,
    4,
    1,
    4,
    1,
    2,
    2,
    1,
    1,
    0,
    5,
    2,
    4,
    5,
    2,
    1,
    1,
    2,
    3,
    4,
    1,
    1,
    4,
    3,
    2,
    2,
    2,
    3,
    1,
    3,
    4,
    1,
    1,
    3,
    0,
    4,
    2,
    2,
    1,
    1,
    2,
    4,
    2,
    4,
    3,
    1,
    2,
    3,
    4,
    2,
    1,
    5,
    1,
    2,
    5,
    0,
    1,
    1,
    2,
    1,
    4,
    4,
    2,
    3,
    1,
    4,
    0,
    5,
    4,
    1,
    4,
    5,
    3,
    4,
    2,
    2,
    5,
    2,
    5,
    4,
    2,
    1,
    2,
    3,
    2,
    0,
    5,
    5,
    2,
    3,
    5,
    1,
    1,
    5,
    3,
    4,
    2,
    4,
    4,
    4,
    4,
    5,
    5,
    1,
    4,
    2,
    5,
    3,
    4,
    1,
    4,
    2,
    2,
    5,
    4,
    0,
    2,
    4,
    4,
    0,
    1,
    4,
    4,
    4,
    0,
    1,
    2,
    3,
    5,
    0,
    4,
    2,
    4,
    0,
    1,
    5,
    2,
    2,
    3,
    4,
    0,
    1,
    5,
    1,
    5,
    2,
    0,
    2,
    1,
    0,
    5,
    4,
    0,
    2,
    2,
    5,
    0,
    2,
    1,
    0,
    0,
    0,
    2,
    1,
    0,
    5,
    0,
    1,
    0,
    5,
    1,
    1,
    1,
    2,
    1,
    1,
    1,
    1,
    1,
    4,
    1,
    0,
    1,
    4,
    4,
    1,
    0,
    5,
    5,
    4,
    4,
    2,
    4,
    2,
    3,
    5,
    2,
    2,
    0,
    2,
    1,
    1,
    2,
    1,
    3,
    2,
    4,
    0,
    4,
    2,
    2,
    1,
    5,
    2,
    5,
    5,
    1,
    4,
    2,
    0,
    2,
    1,
    5,
    1,
    0,
    1,
    1,
    2,
    1,
    3,
    2,
    1,
    2,
    4,
    2,
    1,
    2,
    1,
    5,
    4,
    3,
    2,
    2,
    5,
    4,
    4,
    4,
    0,
    1,
    2,
    4,
    5,
    0,
    2,
    1,
    2,
    2,
    2,
    4,
    0,
    2,
    4,
    5,
    4,
    4,
    0,
    4,
    0,
    4,
    1,
    2,
    5,
    4,
    2,
    1,
    4,
    5,
    5,
    2,
    2,
    2,
    1,
    2,
    0,
    1,
    4,
    4,
    1,
    5,
    1,
    0,
    4,
    2,
    2,
    2,
    4,
    5,
    5,
    1,
    4,
    2,
    2,
    2,
    5,
    2,
    3,
    0,
    1,
    0,
    2,
    5,
    4,
    0,
    3,
    5,
    2,
    3,
    1,
    1,
    3,
    4,
    1,
    1,
    4,
    2,
    5,
    2,
    0,
    4,
    1,
    1,
    4,
    2,
    1,
    1,
    0,
    1,
    1,
    4,
    1,
    2,
    4,
    1,
    4,
    2,
    2,
    0
  ],
  "means": [
    {
      "x": 5.331734841501516,
      "y": 1.9130783090048202
    },
    {
      "x": -8.681490694913602,
      "y": 7.455508192052509
    },
    {
      "x": -7.00096490073583,
      "y": -6.904457538283394
    },
    {
      "x": -2.177443821881396,
      "y": 9.74949494132574
    },
    {
      "x": -2.817476839201306,
      "y": 8.759388210045374
    },
    {
      "x": 4.1795876941046375,
      "y": 1.9334370888413916
    }
  ],
  "probabilities": [
    [
      1.6267306721912238e-51,
      0.9999999926628408,
      1.7150394600757795e-40,
      4.209388366055125e-10,
      6.916220457696152e-09,
      1.432396701035769e-44
    ],
    [
      2.4983773376879673e-79,
      9.541323997143856e-51,
      1.0,
      9.359765107527391e-77,
      8.48300989688322e-87,
      7.039208318340317e-72
    ],
    [
      0.9473381359563265,
      3.7261723648651896e-69,
      7.259901945241604e-56,
      5.140613159705348e-36,
      5.720254215178768e-45,
      0.05266186404367302
    ],
    [
      5.898199230834801e-27,
      1.6803728288969742e-08,
      1.1381523675623566e-49,
      0.05845242395925845,
      0.9415475592370134,
      1.5294312692704924e-22
    ],
    [
      3.1316988702882355e-55,
      2.2446647825059965e-56,
      1.0,
      1.0037017098468241e-70,
      5.791188390409837e-80,
      9.265134694061908e-50
    ],
    [
      9.600473802015589e-60,
      3.0161890526092796e-59,
      1.0,
      5.33408131599459e-75,
      4.4880413268045786e-85,
      3.973934367654029e-54
    ],
    [
      7.090631533314956e-43,
      0.9988224817705066,
      3.771712939623781e-43,
      3.808534039281475e-05,
      0.0011394328891007575,
      1.149658669829797e-36
    ],
    [
      1.433494053508061e-59,
      5.304788239699111e-53,
      1.0,
      5.048058203708479e-70,
      8.491939887401478e-79,
      1.3798347167367682e-53
    ],
    [
      0.14228250727964112,
      1.6313853249438387e-45,
      1.1546579300232512e-41,
      4.215257128107679e-23,
      3.653075433646352e-27,
      0.8577174927203588
    ],
    [
      4.414105425909644e-65,
      1.0255829265117468e-51,
      1.0,
      1.961052212055904e-71,
      2.471033773663787e-80,
      1.22179609016524e-58
    ],
    [
      0.23655987164854436,
      8.37572672135793e-51,
      4.191021508899048e-40,
      9.335327996320824e-28,
      7.647655793133796e-33,
      0.7634401283514554
    ],
    [
      1.1364438261876467e-22,
      1.6984811767175783e-13,
      5.862643415765397e-57,
      0.29184189939551425,
      0.7081581006043164,
      3.8414915906377707e-19
    ],
    [
      0.9462824547453728,
      7.462098857331077e-72,
      5.173869096694606e-51,
      7.2439488383032165e-40,
      1.7562488673200806e-49,
      0.05371754525462755
    ],
    [
      1.1062355144104339e-32,
      2.1070287968210742e-13,
      1.232279094682091e-69,
      0.6926648420973536,
      0.30733515790243565,
      6.096557710597752e-29
    ],
    [
      1.0739071478393693e-49,
      5.157082180486813e-38,
      1.0,
      1.15944105541687e-53,
      3.7304289653303215e-59,
      1.5362882705227388e-43
    ],
    [
      0.7847091558574295,
      5.5154380319449156e-64,
      3.654872128257993e-46,
      1.3218845567585934e-35,
      1.967290531245064e-43,
      0.21529084414257083
    ],
    [
      7.970575811769969e-35,
      2.6260661622963806e-11,
      1.9190676048008854e-67,
      0.5168056846972308,
      0.4831943152765087,
      1.0123987822187626e-30
    ],
    [
      1.274446802978987e-71,
      0.9999999999999992,
      5.518186887480377e-49,
      8.743592257625426e-16,
      5.05360550434324e-16,
      1.301826529999921e-63
    ],
    [
      1.1959679110516959e-64,
      0.9999999999483782,
      2.0488035691339177e-52,
      1.895186055628093e-11,
      3.266991830917418e-11,
      2.973504566290055e-57
    ],
    [
      5.173451282065633e-31,
      1.368827448989655e-06,
      3.470930386276106e-50,
      0.04854047361252158,
      0.9514581575600297,
      3.176125175960412e-26
    ],
    [
      0.09357010362963739,
      1.9815933854786943e-41,
      1.0524912396688198e-42,
      1.6051345214375293e-19,
      6.824559109587678e-23,
      0.9064298963703625
    ],
    [
      1.6978031266470582e-22,
      7.639452146086904e-10,
      3.0947487762354243e-47,
      0.06758887417889402,
      0.9324111250571611,
      2.1635090794299257e-18
    ],
    [
      0.6266762891883075,
      4.25027275223297e-55,
      8.794122366791122e-52,
      1.262530238409605e-26,
      1.3776340508400258e-32,
      0.37332371081169236
    ],
    [
      2.6726433280681516e-50,
      0.9999993572042835,
      3.504084447219443e-44,
      3.617114648114904e-08,
      6.066245697287748e-07,
      1.3797477868812693e-43
    ],
    [
      5.208669049222212e-66,
      0.9999999999998428,
      2.4204071158941688e-47,
      5.6774777456103e-14,
      1.0041422586985598e-13,
      2.5691092028651047e-58
    ],
    [
      1.6585091309026504e-60,
      9.423223065569134e-56,
      1.0,
      1.3202786773183479e-72,
      5.472388278173237e-82,
      1.270156605967946e-54
    ],
    [
      7.774498944184068e-56,
      1.455632365931986e-41,
      1.0,
      2.9871639002745443e-59,
      1.0531413098790407e-65,
      1.8934054395493163e-49
    ],
    [
      1.6028652076439092e-57,
      0.9999999962782856,
      6.909695754804295e-48,
      5.109049029600597e-10,
      3.2108097821098394e-09,
      1.9297258588137434e-50
    ],
    [
      9.455741459953174e-63,
      0.9999999998462288,
      3.4995527999068463e-51,
      4.3858866039411455e-11,
      1.0991256753898776e-10,
      1.9487276592777406e-55
    ],
    [
      3.446392870903397e-29,
      3.912618825131772e-14,
      5.879597842603869e-67,
      0.6265186016744884,
      0.37348139832547234,
      1.2522409121943076e-25
    ],
    [
      7.158767736046311e-64,
      2.9020785342389854e-56,
      1.0,
      1.683827646635756e-74,
      3.386684558447205e-84,
      8.782748892479684e-58
    ],
    [
      1.37501721037685e-32,
      2.2379933143910687e-14,
      1.0970514716865479e-71,
      0.8006440523494789,
      0.19935594765049905,
      5.374570412567358e-29
    ],
    [
      7.500176980443498e-33,
      2.1190587351776038e-07,
      8.245268037617382e-55,
      0.084427721501402,
      0.9155720665927246,
      3.71791454756053e-28
    ],
    [
      4.240002955388739e-37,
      6.535111168318873e-07,
      2.107107299787664e-59,
      0.15423380637089004,
      0.8457655401179934,
      2.89489843609266e-32
    ],
    [
      1.5950269845790866e-61,
      4.8565285330894227e-57,
      1.0,
      4.540950712274398e-74,
      8.90271769075021e-84,
      1.2035103937853517e-55
    ],
    [
      5.952733468683712e-67,
      1.0645776957845913e-58,
      1.0,
      9.016139787724105e-78,
      3.574590558394205e-88,
      8.51800151941565e-61
    ],
    [
      0.18813877389797687,
      4.755055281593713e-46,
      2.1679374290373548e-44,
      1.8556857323577068e-22,
      1.2414312185483855e-26,
      0.8118612261020234
    ],
    [
      0.07220277704723368,
      4.480009730152289e-41,
      2.7961652557649314e-40,
      3.4061728110213364e-20,
      1.7439181214911405e-23,
      0.9277972229527662
    ],
    [
      1.8059078825869774e-64,
      0.9999999999911888,
      4.507407738806972e-50,
      2.8699012273593235e-12,
      5.9414586816197355e-12,
      5.440810978632026e-57
    ],
    [
      3.6233495223783495e-54,
      0.9999999946969688,
      1.0310332360875244e-43,
      4.2899044714944185e-10,
      4.8740410725583884e-09,
      3.698916469911008e-47
    ],
    [
      3.314160195592549e-68,
      1.6553732161946363e-52,
      1.0,
      2.0067079630694815e-73,
      1.0274977963407208e-82,
      1.3481166415066835e-61
    ],
    [
      0.8282833019142263,
      7.803005270287598e-61,
      1.8286140435391254e-54,
      4.433448998354081e-30,
      3.1777527341319117e-37,
      0.17171669808577356
    ],
    [
      5.4883624082214236e-33,
      2.3480528181246026e-10,
      1.1279475499717434e-62,
      0.28641167819479124,
      0.7135883215704035,
      9.227485683136356e-29
    ],
    [
      6.4503341577760796e-24,
      2.309767901592182e-12,
      1.077552705683466e-55,
      0.20392239403179127,
      0.7960776059658987,
      3.52904061921902e-20
    ],
    [
      2.537774107802988e-24,
      7.503610457258468e-18,
      3.7062635955647045e-69,
      0.8808770573397923,
      0.11912294266020733,
      1.9784529246301628e-21
    ],
    [
      0.888303410851348,
      6.793961798579455e-64,
      3.376808553873689e-55,
      3.455822061827122e-32,
      5.594286784385172e-40,
      0.11169658914865176
    ],
    [
      0.38913482775077013,
      5.6764782910884664e-52,
      3.4141598501906097e-46,
      2.375454627880937e-26,
      1.2445054276458516e-31,
      0.6108651722492296
    ],
    [
      0.6811269282721073,
      6.285687641532244e-60,
      6.888767270622494e-47,
      3.1459793119645163e-32,
      3.9045314940327674e-39,
      0.31887307172789275
    ],
    [
      2.7498197836002916e-65,
      4.497983069535482e-51,
      1.0,
      5.170716083976999e-71,
      8.266552575759888e-80,
      8.571106612704592e-59
    ],
    [
      1.252717736164531e-66,
      0.9999999999999037,
      1.4050409492749706e-47,
      3.7422723772657994e-14,
      5.887706765495813e-14,
      6.667821385429979e-59
    ],
    [
      2.3159402090678065e-79,
      4.0249603468260367e-60,
      1.0,
      2.9457774469684867e-84,
      5.539911244436621e-96,
      1.8859613440308643e-72
    ],
    [
      2.2317157902842663e-40,
      1.939496678649888e-10,
      2.488130582705571e-72,
      0.741836981863326,
      0.25816301794272467,
      4.79670702169715e-36
    ],
    [
      1.0355590713409452e-69,
      0.9999999999999855,
      2.3899398129088378e-49,
      7.934693793650954e-15,
      6.680804105453763e-15,
      7.614950171618043e-62
    ],
    [
      3.7774275436357686e-61,
      4.876535589616405e-58,
      1.0,
      1.101891101696433e-74,
      1.4059058040703552e-84,
      2.3321095391411105e-55
    ],
    [
      0.5455124981774248,
      3.673341769424739e-49,
      1.9341742009117724e-56,
      4.529931950586957e-20,
      3.303033687220668e-25,
      0.4544875018225756
    ],
    [
      3.3929255792233834e-36,
      6.028669163179207e-08,
      7.708470891317766e-61,
      0.1931331144679736,
      0.8068668252453346,
      1.5439493248678664e-31
    ],
    [
      2.0618489790924647e-28,
      1.1464053516579342e-10,
      2.648758938216529e-57,
      0.1642513983839391,
      0.8357486015014204,
      2.5920034210944782e-24
    ],
    [
      4.772544283085497e-67,
      0.9999999999707968,
      7.189491857847763e-55,
      1.4878050061102665e-11,
      1.4324970430647448e-11,
      1.3749837519851572e-59
    ],
    [
      1.3367305314142042e-64,
      1.0631570984250311e-60,
      1.0,
      2.6722211573066165e-78,
      5.7775439612978996e-89,
      9.91131067841289e-59
    ],
    [
      1.8017699412703362e-69,
      1.0,
      6.354681833002899e-41,
      8.3524331750841e-18,
      6.6397348164096866e-18,
      2.631038527797656e-61
    ],
    [
      3.81577641570359e-70,
      0.9999999999988667,
      5.555902636176943e-55,
      7.226926656306645e-13,
      4.1060678058306484e-13,
      1.777697492635471e-62
    ],
    [
      1.7706740207754708e-30,
      1.1159262076819483e-12,
      3.7415852559744984e-65,
      0.4731818791363967,
      0.5268181208624875,
      1.1498748718636551e-26
    ],
    [
      3.683260546285262e-65,
      1.5285546004237746e-51,
      1.0,
      2.488628424279601e-71,
      3.3318097385000525e-80,
      1.0566115245539597e-58
    ],
    [
      4.866411367943049e-60,
      0.9999999999970219,
      8.078664236589646e-43,
      4.894241494303476e-13,
      2.488899848217668e-12,
      1.3893758986285883e-52
    ],
    [
      0.34004613516731236,
      8.79101426295827e-48,
      4.678835051671748e-50,
      1.4382482610479377e-21,
      3.5694528628602897e-26,
      0.6599538648326874
    ],
    [
      2.321495736788624e-60,
      3.904673069303901e-39,
      1.0,
      2.86219680588257e-59,
      1.1589627756102647e-65,
      1.5827465531930284e-53
    ],
    [
      7.527681076127079e-65,
      7.19533010442181e-65,
      1.0,
      1.1874723505322055e-81,
      3.000464411983957e-93,
      3.202532908217012e-59
    ],
    [
      1.8366380206816625e-58,
      0.9999999999999992,
      1.0506933643886179e-30,
      1.1680274411519038e-16,
      3.958455411037966e-16,
      1.0936281497980111e-50
    ],
    [
      0.4532591289006577,
      1.2598086562956322e-53,
      1.7470902307772034e-46,
      1.6129191667770043e-27,
      4.015653286999415e-33,
      0.5467408710993423
    ],
    [
      1.0516170403539072e-64,
      2.169785104150164e-58,
      1.0,
      1.541348283715656e-76,
      1.0051663180727665e-86,
      1.0970693765625871e-58
    ],
    [
      0.38396343701351043,
      6.328550949707468e-48,
      9.72828733214698e-52,
      5.271447517701735e-21,
      1.0667904350834168e-25,
      0.6160365629864892
    ],
    [
      5.56254024883591e-56,
      3.815248416174506e-47,
      1.0,
      8.760708690525235e-64,
      3.1608909359948637e-71,
      6.634612743965407e-50
    ],
    [
      2.4364011252222015e-52,
      1.2585468623156723e-51,
      1.0,
      1.0763609473909055e-65,
      8.128102650453649e-74,
      8.684092791367636e-47
    ],
    [
      3.663371604074817e-59,
      0.9999999999975406,
      2.0633359816385985e-41,
      3.62115343444704e-13,
      2.0973829280768184e-12,
      1.0271002366350603e-51
    ],
    [
      1.2372727601558327e-34,
      9.96726270470159e-09,
      1.00983900354108e-60,
      0.19679228489854853,
      0.8032077051341889,
      4.017605891292232e-30
    ],
    [
      1.65962937116497e-72,
      0.9999999999991465,
      1.6120748197539452e-57,
      6.591398957474988e-13,
      1.9418277768018143e-13,
      8.767381716218823e-65
    ],
    [
      1.3009374683582547e-22,
      3.5854004434165385e-12,
      1.820397405456822e-53,
      0.16864731345393724,
      0.831352686542477,
      7.159490914024325e-19
    ],
    [
      1.9333659477689014e-67,
      7.639827424602743e-56,
      1.0,
      9.786277777654635e-76,
      1.3346390710618976e-85,
      4.434672540209469e-61
    ],
    [
      0.5762595731578222,
      2.126942351104647e-56,
      1.4983022296357947e-47,
      2.9375948515143486e-29,
      2.02300579229473e-35,
      0.42374042684217766
    ],
    [
      1.0231732563002875e-28,
      4.057158951523997e-07,
      1.9064849928380168e-48,
      0.04398707992557873,
      0.9560125143585264,
      4.7027097365483405e-24
    ],
    [
      6.677260996531893e-65,
      1.2138854976308718e-61,
      1.0,
      3.6148616227640334e-79,
      4.6938720440641535e-90,
      4.5477300772622535e-59
    ],
    [
      0.6414781426790257,
      1.531780314988975e-54,
      3.085633063959894e-53,
      1.278539837622144e-25,
      1.6097311128990113e-31,
      0.35852185732097414
    ],
    [
      4.218006393935483e-64,
      2.0272331391602816e-48,
      1.0,
      2.2287805549693862e-68,
      1.326384025542675e-76,
      1.553554022572632e-57
    ],
    [
      8.186822131447787e-29,
      8.22428328230189e-15,
      4.914543061020253e-68,
      0.7032765212839138,
      0.2967234787160781,
      2.2997840856959394e-25
    ],
    [
      3.385224107330313e-76,
      1.0,
      1.1948015358428317e-51,
      9.640463130801857e-17,
      1.946029155125946e-17,
      5.495476808645479e-68
    ],
    [
      1.7291984042468402e-71,
      1.0,
      1.7758821494004896e-42,
      4.170568030521151e-18,
      2.2656798668694123e-18,
      3.023339365413138e-63
    ],
    [
      7.662157236294033e-72,
      0.999999999997546,
      6.236492119780445e-58,
      1.862534923521516e-12,
      5.918992284122753e-13,
      3.50099130330428e-64
    ],
    [
      9.468066459494818e-64,
      0.9999999695418099,
      8.480031225402272e-59,
      1.56522843353272e-08,
      1.4805905687337308e-08,
      1.0805547320335922e-56
    ],
    [
      0.26206419054569274,
      1.0057713198317246e-51,
      4.11791904634448e-40,
      1.8647184717153124e-28,
      9.922082536673354e-34,
      0.7379358094543071
    ],
    [
      9.320547440519847e-27,
      2.5238702198837005e-11,
      8.669135866682087e-57,
      0.17667751863830736,
      0.8233224813364541,
      8.55101881996852e-23
    ],
    [
      7.993967851103732e-61,
      0.9999999999827973,
      5.891131848734574e-46,
      3.231113759356738e-12,
      1.397149690386048e-11,
      1.9597806545323137e-53
    ],
    [
      5.352700996448219e-51,
      1.1440902585599971e-42,
      1.0,
      5.527094105427572e-58,
      2.4332686706616362e-64,
      5.1521052386850777e-45
    ],
    [
      0.15860368324146595,
      8.062021449020788e-49,
      9.225269150790506e-38,
      4.0876978493228246e-27,
      7.481862869655034e-32,
      0.8413963167585341
    ],
    [
      2.9014130991396906e-61,
      1.3488234463790599e-53,
      1.0,
      3.0334159667464294e-71,
      3.061737509931168e-80,
      3.382458790779068e-55
    ],
    [
      0.5497042546429756,
      2.3145344203882744e-56,
      2.0694789823323103e-46,
      1.1672317585391059e-29,
      8.164735500616012e-36,
      0.4502957453570245
    ],
    [
      6.026098471132271e-60,
      0.9999999999999983,
      3.951497923069873e-34,
      4.092890107158257e-16,
      1.4570133771569484e-15,
      3.476528820270082e-52
    ],
    [
      8.867223338859198e-35,
      5.532034946641431e-15,
      1.4036723357786537e-75,
      0.9080737414657817,
      0.09192625853421317,
      3.127968126663638e-31
    ],
    [
      0.15596189079402178,
      2.0634521785157e-44,
      2.0120264089840023e-44,
      3.59345179220903e-21,
      4.601851162119547e-25,
      0.8440381092059783
    ],
    [
      3.6987559061791215e-35,
      3.8362190090332275e-13,
      4.5138798616718314e-72,
      0.7763961766212336,
      0.2236038233783833,
      2.4939112096691592e-31
    ],
    [
      5.970785098113482e-54,
      0.9999999992754178,
      4.701069556825319e-41,
      5.488764330272148e-11,
      6.696948262932752e-10,
      7.453206701123774e-47
    ],
    [
      0.3982891706158792,
      3.207951704659544e-54,
      5.008581737705639e-43,
      2.8028868227889514e-29,
      5.098558666587443e-35,
      0.6017108293841208
    ],
    [
      0.46323051034885965,
      4.903706226194674e-51,
      9.79480100525788e-51,
      7.48346815388097e-24,
      4.8363647004492743e-29,
      0.5367694896511402
    ],
    [
      0.8836785501190186,
      3.503675123820622e-66,
      5.223232625047628e-51,
      1.5844434642412652e-35,
      8.601182643240174e-44,
      0.11632144988098118
    ],
    [
      1.2472889649515014e-67,
      0.9999999999133173,
      7.022543817856894e-57,
      5.05695009335029e-11,
      3.6112931573012384e-11,
      3.238035594670034e-60
    ],
    [
      2.2994393776394856e-57,
      0.999999999958284,
      2.5934336902965676e-42,
      4.831321254048009e-12,
      3.688479944704799e-11,
      4.469439265612936e-50
    ],
    [
      3.288971858442515e-26,
      4.5950008312382717e-10,
      9.372273038503499e-53,
      0.09795779342389051,
      0.9020422061166095,
      4.68392480846625e-22
    ],
    [
      2.6934130627507978e-36,
      4.201869925560892e-09,
      6.144969216340178e-64,
      0.30846060704466405,
      0.6915393887534658,
      8.03984911205364e-32
    ],
    [
      1.4827823185757188e-66,
      1.0,
      8.070293744830155e-33,
      2.1346316991181913e-19,
      1.6497428952355469e-19,
      2.6165910270503768e-58
    ],
    [
      5.306196630393177e-40,
      9.075338284993248e-05,
      6.853813493417689e-58,
      0.1313423426767658,
      0.8685669039403845,
      8.516877633152987e-35
    ],
    [
      1.922746246712336e-64,
      0.9999999999999383,
      3.634267956620245e-44,
      1.815678531027031e-14,
      4.379241506514004e-14,
      9.805956437482927e-57
    ],
    [
      7.571409734678961e-66,
      2.265235037761013e-46,
      1.0,
      1.7072017335703056e-67,
      1.6665955247449044e-75,
      4.800311368175799e-59
    ],
    [
      3.450067019850429e-69,
      0.9999999999999983,
      3.528233000991559e-46,
      8.853621001759577e-16,
      8.624868673339413e-16,
      3.097419604732106e-61
    ],
    [
      2.7924953952376443e-67,
      0.9999999959448963,
      7.271092776002436e-61,
      2.8185542468388044e-09,
      1.236549567176594e-09,
      4.5726844540341984e-60
    ],
    [
      4.7122698070382555e-59,
      0.9999999999921925,
      1.270954623481174e-42,
      1.1262103903158647e-12,
      6.6815311823751334e-12,
      1.1691137354363364e-51
    ],
    [
      1.5924477447394834e-59,
      0.9999999998473875,
      8.597178979476838e-47,
      2.5069429047241662e-11,
      1.2754305052132497e-10,
      2.9364136520101266e-52
    ],
    [
      5.57347536753499e-66,
      1.9829760949120715e-40,
      1.0,
      9.571767537282516e-63,
      8.118702823165923e-70,
      7.72932310438685e-59
    ],
    [
      0.16769319167096966,
      3.3547788696545244e-46,
      1.0770953804767201e-42,
      3.099709723024237e-23,
      2.010587574565361e-27,
      0.8323068083290301
    ],
    [
      2.5364294997496215e-62,
      0.9999999999666964,
      8.968960921448287e-49,
      8.136733371828978e-12,
      2.516695033863635e-11,
      6.1143317859782195e-55
    ],
    [
      1.2199665918827254e-75,
      1.8796645965998533e-63,
      1.0,
      2.760117729952535e-85,
      2.4319406216069386e-97,
      3.5329304008133486e-69
    ],
    [
      1.955978020568052e-64,
      6.918486318891515e-55,
      1.0,
      1.1578771511071825e-73,
      4.011565290693406e-83,
      3.1747658340846703e-58
    ],
    [
      2.0099389397872685e-28,
      4.366723228315725e-12,
      5.551282885852721e-61,
      0.29885410604504936,
      0.701145893950584,
      1.4910598389460074e-24
    ],
    [
      0.7970431483782467,
      6.790266171664643e-60,
      1.1162848110681455e-53,
      1.2020611732480658e-29,
      1.3851910946990778e-36,
      0.20295685162175334
    ],
    [
      2.2330136095033106e-61,
      1.4014126156844659e-46,
      1.0,
      1.0239346560975055e-65,
      2.0583677982760305e-73,
      6.819780191220946e-55
    ],
    [
      0.20231606440868097,
      1.0231374166983164e-46,
      2.377484776118942e-44,
      5.429340378045278e-23,
      2.771192792765887e-27,
      0.7976839355913189
    ],
    [
      5.825122730710382e-56,
      0.9999858067334706,
      8.133336708248281e-56,
      3.3408777210386523e-06,
      1.0852388807929084e-05,
      2.487379023011011e-49
    ],
    [
      0.865039980526636,
      4.947946596645245e-62,
      1.064616836886617e-55,
      1.5284780454628208e-30,
      5.853835102246418e-38,
      0.13496001947336414
    ],
    [
      0.1900749054837696,
      3.334662776827115e-48,
      3.0712912037521223e-41,
      2.4492056822058027e-25,
      6.721934283320434e-30,
      0.8099250945162305
    ],
    [
      3.991999913996341e-68,
      4.184656277876309e-58,
      1.0,
      8.088402730275365e-78,
      3.485792145226829e-88,
      7.474418441835929e-62
    ],
    [
      2.3359018298694426e-65,
      3.621880329253763e-47,
      1.0,
      6.377205657148767e-68,
      4.996853754985505e-76,
      1.2362398444771102e-58
    ],
    [
      1.2124142735027335e-58,
      0.9999999999921974,
      4.567049896683925e-42,
      1.0670168283031907e-12,
      6.735981780834553e-12,
      2.956190418710196e-51
    ],
    [
      2.8758018754449544e-61,
      0.9999999937436047,
      1.2294677641594801e-53,
      1.8050536098589018e-09,
      4.451342219840393e-09,
      3.677333574275531e-54
    ],
    [
      0.4666413800941255,
      7.253602580620847e-55,
      4.147328917207697e-45,
      5.381495426832175e-29,
      7.536953634623816e-35,
      0.5333586199058743
    ],
    [
      0.03983992536173984,
      6.787732966204204e-39,
      8.149928515334822e-37,
      7.80355810995111e-20,
      9.058683294589658e-23,
      0.9601600746382604
    ],
    [
      5.776693793687314e-56,
      1.5612032647923647e-54,
      1.0,
      1.2939756634573065e-69,
      1.6807654592466995e-78,
      2.498700036378579e-50
    ],
    [
      0.6678762661711531,
      8.10430768359059e-58,
      1.2776925768714718e-49,
      1.4154471801529594e-29,
      4.902016167747905e-36,
      0.3321237338288467
    ],
    [
      1.2166339673332948e-63,
      0.9999999999971401,
      1.259458327971632e-47,
      7.868025462882943e-13,
      2.0731863599384146e-12,
      4.0216031539047904e-56
    ],
    [
      3.879454925728711e-58,
      0.9999999994059375,
      1.5907492603579363e-46,
      8.225772376192548e-11,
      5.11804819109946e-10,
      5.85711830405278e-51
    ],
    [
      8.704118284064711e-64,
      0.999999999998742,
      7.575259922390321e-47,
      3.4654727861394424e-13,
      9.117014685496552e-13,
      3.1589147025209212e-56
    ],
    [
      0.037460519092682595,
      1.015838634174016e-39,
      7.920825441867628e-35,
      3.142434197463781e-21,
      2.4924299461608224e-24,
      0.9625394809073171
    ],
    [
      0.18958911644054136,
      1.413737588289769e-47,
      3.442578954387787e-42,
      1.7165753184532313e-24,
      6.244771452380199e-29,
      0.8104108835594586
    ],
    [
      9.474440116661897e-62,
      4.1403477208302556e-61,
      1.0,
      2.3872926398983334e-77,
      6.17377343394685e-88,
      4.175066495699337e-56
    ],
    [
      1.0947095251331569e-47,
      0.9999999094960798,
      2.685383984415127e-38,
      3.4959348709364792e-09,
      8.700798533362843e-08,
      6.209211443607501e-41
    ],
    [
      0.7351143892676777,
      5.333685730759116e-53,
      1.3693246256724062e-59,
      7.560037935853926e-22,
      8.48901399882784e-28,
      0.2648856107323225
    ],
    [
      0.2751701740283676,
      2.2586930922995005e-48,
      4.040612593508701e-46,
      1.3780710735009435e-23,
      3.377847930847889e-28,
      0.7248298259716326
    ],
    [
      7.580793802839925e-61,
      7.190639648120419e-54,
      1.0,
      2.826743593978479e-71,
      2.675942660223832e-80,
      7.958870549412455e-55
    ],
    [
      1.3907369440469577e-70,
      0.9999999999999805,
      8.47991518512428e-51,
      1.1708092881046788e-14,
      7.922342666847526e-15,
      1.0269758145880159e-62
    ],
    [
      2.1993075385859298e-70,
      0.9999999999997106,
      1.0745286062314181e-53,
      1.812525932447521e-13,
      1.0883016263360949e-13,
      1.2026746512237455e-62
    ],
    [
      6.902435183164302e-35,
      1.5321148488064707e-09,
      3.7248004810224327e-63,
      0.2851263272578111,
      0.7148736712100742,
      1.674351710645989e-30
    ],
    [
      1.6281085333622467e-26,
      8.956276039326472e-10,
      2.0936202144010094e-52,
      0.09008164290931346,
      0.9099183561950589,
      2.6141488698188464e-22
    ],
    [
      4.161748764727218e-31,
      4.205393552996201e-06,
      4.704593606577329e-49,
      0.0422534386847322,
      0.9577423559217147,
      3.041388321934158e-26
    ],
    [
      6.084807393485025e-70,
      5.799749232473488e-63,
      1.0,
      2.01301141782762e-82,
      6.267857832974653e-94,
      7.702598946140365e-64
    ],
    [
      2.9074662608680678e-62,
      1.661760098462871e-48,
      1.0,
      1.2096083565840797e-67,
      9.528807573432189e-76,
      7.915421113418267e-56
    ],
    [
      0.27169076072690507,
      1.3056698150510002e-51,
      7.280372148069697e-41,
      4.33693067642494e-28,
      2.513541102633375e-33,
      0.728309239273095
    ],
    [
      0.06246164027803913,
      3.4156176380108146e-37,
      4.304976979618735e-44,
      1.2384410713853755e-15,
      2.1694116521910513e-18,
      0.9375383597219592
    ],
    [
      1.9892412185107915e-31,
      1.501179341755029e-11,
      1.297999809379024e-63,
      0.3601876125125276,
      0.6398123874724604,
      2.0299637738863746e-27
    ],
    [
      7.77750720123624e-64,
      0.999999999999349,
      3.928593095034997e-46,
      1.7842403509068947e-13,
      4.726104778223556e-13,
      3.0323537977032163e-56
    ],
    [
      3.754724878665626e-25,
      1.952186069407379e-10,
      2.6033570612933064e-52,
      0.10247422317642506,
      0.8975257766283566,
      4.4382499868741985e-21
    ],
    [
      4.0774089046118745e-50,
      0.9999999994359818,
      1.3001746923949568e-35,
      2.945168125855195e-11,
      5.345665746252462e-10,
      4.338279110289126e-43
    ],
    [
      7.814802136643296e-61,
      1.2252274744571931e-55,
      1.0,
      1.1608296400998136e-72,
      4.8551491412483856e-82,
      6.410971532517474e-55
    ],
    [
      1.0177555434940688e-74,
      9.884225898025256e-65,
      1.0,
      6.90031101416411e-86,
      3.900027757858913e-98,
      2.132373085817167e-68
    ],
    [
      5.129879298281307e-44,
      0.999900843011245,
      1.0777595510824604e-41,
      3.132903723619286e-06,
      9.60240850315316e-05,
      1.1577801826797778e-37
    ],
    [
      1.702319573662422e-64,
      0.9999999999934613,
      9.43045250676366e-50,
      2.111329211812954e-12,
      4.427615877755528e-12,
      5.305260311699053e-57
    ],
    [
      0.7274600260545903,
      2.7453271497054854e-57,
      1.9141674751719808e-53,
      1.0731391610372695e-27,
      4.066994475633123e-34,
      0.27253997394541
    ],
    [
      0.4575649191338809,
      4.117607174410963e-51,
      2.1372025037450632e-50,
      4.796192624250078e-24,
      3.073078012813443e-29,
      0.5424350808661192
    ],
    [
      7.119948914231108e-55,
      1.1507182205895317e-45,
      1.0,
      4.118787808397462e-62,
      3.214983598578766e-69,
      8.65057036437048e-49
    ],
    [
      3.869375933097624e-33,
      2.769892204918045e-08,
      1.626417636470622e-57,
      0.12538964560131233,
      0.8746103266997655,
      1.405759788447214e-28
    ],
    [
      0.24185156210482328,
      6.83762174131413e-46,
      7.149105331040544e-48,
      5.859274473339737e-21,
      3.5383701137452527e-25,
      0.7581484378951766
    ],
    [
      2.9037570912202156e-53,
      1.4017656080066403e-40,
      1.0,
      2.549869141782071e-57,
      1.9113064235747393e-63,
      5.312750252912462e-47
    ],
    [
      8.272204340764811e-67,
      0.999999999999993,
      9.307459802030235e-45,
      2.8213960098161323e-15,
      4.380673794713726e-15,
      5.804632550829307e-59
    ],
    [
      1.7866032328517652e-74,
      0.9999999999999992,
      2.038615859665495e-51,
      4.2719784975423163e-16,
      1.27066748727148e-16,
      2.275812965819996e-66
    ],
    [
      3.2239211172101982e-52,
      5.935690800909032e-50,
      1.0,
      2.5429319611077784e-64,
      4.2071057110728635e-72,
      1.4190080559087569e-46
    ],
    [
      4.883958020408789e-33,
      1.6221515969520774e-12,
      4.896961327616954e-68,
      0.5883732198397943,
      0.4116267801585837,
      3.7416927869942596e-29
    ],
    [
      2.4500278607183394e-29,
      1.8911895452528907e-11,
      1.4138422668886432e-60,
      0.2597407959646587,
      0.7402592040164294,
      2.3905086721648976e-25
    ],
    [
      9.703543356353745e-63,
      0.9999999999366085,
      4.16804241682058e-50,
      1.7142105250878977e-11,
      4.6249509757258095e-11,
      2.2093466661723496e-55
    ],
    [
      3.479373475823831e-56,
      0.9999999999992442,
      4.728661864018138e-36,
      8.55989660230887e-14,
      6.700064137978876e-13,
      9.50537996027829e-49
    ],
    [
      8.543840071324351e-38,
      2.1455548357945614e-08,
      3.6676317387917913e-64,
      0.31141317084991127,
      0.6885868076945405,
      3.4650243334307065e-33
    ],
    [
      6.8532061513322545e-37,
      6.315648834373195e-12,
      1.86318960448945e-71,
      0.722783858312324,
      0.27721614168136094,
      7.603905265283873e-33
    ],
    [
      1.2879883351481134e-69,
      3.105251811360701e-47,
      1.0,
      8.237204918642549e-70,
      2.694320092672747e-78,
      1.3090769820925008e-62
    ],
    [
      1.8610173701330031e-62,
      7.905316518171818e-60,
      1.0,
      1.148807643139025e-76,
      5.134050751030025e-87,
      1.103590423590189e-56
    ],
    [
      1.3599603504364735e-46,
      6.0305415512908325e-37,
      1.0,
      2.0801284732734066e-51,
      1.4556163493857826e-56,
      1.3443487307320975e-40
    ],
    [
      8.893948206791009e-35,
      1.687018670875163e-12,
      3.629885428016608e-70,
      0.6819370241015567,
      0.3180629758967566,
      7.378906356001653e-31
    ],
    [
      5.364062336946617e-61,
      0.9999999971882235,
      2.6391100839032437e-52,
      7.197845776982911e-10,
      2.0919918714200555e-09,
      7.473448583475689e-54
    ],
    [
      1.7106113496556507e-23,
      1.4577556952304738e-16,
      2.3949868183323646e-65,
      0.7420945676974952,
      0.2579054323025051,
      1.9915629151903954e-20
    ],
    [
      3.152412085608873e-29,
      8.810781280473285e-11,
      1.0560607884524293e-58,
      0.19295302577622153,
      0.8070469741356708,
      3.9269915986323382e-25
    ],
    [
      2.7253979530720124e-45,
      0.9999992379628804,
      1.3457718491309087e-37,
      2.3782240520167606e-08,
      7.382548790517905e-07,
      1.1022866485320818e-38
    ],
    [
      2.171789018998778e-67,
      0.9999999999999041,
      1.433267812413466e-48,
      4.106399426726614e-14,
      5.4829262552730696e-14,
      1.1916607467441014e-59
    ],
    [
      4.791094011486557e-26,
      3.2655027105717115e-18,
      5.394240723787888e-72,
      0.9259393791414576,
      0.07406062085854258,
      3.620517977260829e-23
    ],
    [
      0.6481183480614002,
      1.2698257379675557e-52,
      3.9416663105787383e-56,
      5.945281041241243e-23,
      1.2336047445884618e-28,
      0.3518816519385999
    ],
    [
      8.081800526555216e-30,
      1.3748404925006474e-10,
      5.3340723409359075e-59,
      0.1933735643885466,
      0.8066264354739695,
      1.1074828468372006e-25
    ],
    [
      3.111049242491534e-67,
      6.209368302216333e-65,
      1.0,
      9.221699805356831e-83,
      1.6219330238723142e-94,
      1.9283304920935822e-61
    ],
    [
      4.208574866976451e-58,
      6.663728886650427e-44,
      1.0,
      3.9365889207758606e-62,
      3.926661804357567e-69,
      1.0853704815319319e-51
    ],
    [
      6.204433829726097e-65,
      0.9999999995050315,
      1.788625271551773e-55,
      2.2070727554299376e-10,
      2.742611644284729e-10,
      1.2000072719001277e-57
    ],
    [
      1.2636471778823837e-53,
      0.9999999979511133,
      7.659127273568759e-42,
      1.5039467795122466e-10,
      1.8984923072894866e-09,
      1.3954799067863374e-46
    ],
    [
      2.0516783978632618e-72,
      6.4052593177965995e-62,
      1.0,
      1.0972684188721385e-82,
      3.6886716941819035e-94,
      4.444363368934871e-66
    ],
    [
      1.7160188869700788e-39,
      1.286799300338023e-07,
      1.7549947421350374e-64,
      0.3247162629518738,
      0.6752836083681961,
      9.72235886233888e-35
    ],
    [
      6.245862706471515e-63,
      2.1734080154133013e-68,
      1.0,
      1.6688872206692744e-83,
      8.073663598199629e-96,
      1.161353701089054e-57
    ],
    [
      1.9490543526084492e-30,
      8.060314856281763e-12,
      5.580768487467926e-63,
      0.3490130727690888,
      0.6509869272228511,
      1.7316961385089687e-26
    ],
    [
      1.3998992218357793e-32,
      3.9390063402146445e-12,
      1.5340389967051714e-66,
      0.5054051936771639,
      0.4945948063188972,
      1.2088780480115742e-28
    ],
    [
      1.0927287952756309e-67,
      0.9999999999076419,
      5.0214181098959807e-57,
      5.444858431985854e-11,
      3.790921848384993e-11,
      2.8219183059100665e-60
    ],
    [
      2.775458998544814e-57,
      2.0942526795151377e-57,
      1.0,
      1.8637488398888346e-72,
      5.192667705258031e-82,
      9.958803501668338e-52
    ],
    [
