{
  "dataset": "circles",
  "algorithm": "gmm",
  "params": {
    "n_components": 4,
    "covariance_type": "full"
  },
  "labels": [
    0,
    3,
    0,
    1,
    0,
    1,
    0,
    0,
    3,
    1,
    2,
    1,
    1,
    0,
    0,
    1,
    2,
    3,
    3,
    1,
    2,
    2,
    3,
    0,
    0,
    2,
    2,
    2,
    0,
    0,
    2,
    0,
    1,
    1,
    2,
    0,
    1,
    3,
    2,
    3,
    1,
    0,
    2,
    1,
    3,
    3,
    2,
    2,
    1,
    3,
    0,
    1,
    0,
    1,
    1,
    3,
    1,
    3,
    1,
    0,
    2,
    2,
    0,
    2,
    0,
    3,
    2,
    3,
    2,
    1,
    0,
    0,
    3,
    3,
    3,
    3,
    3,
    3,
    1,
    2,
    1,
    0,
    2,
    1,
    3,
    0,
    1,
    1,
    3,
    3,
    0,
    2,
    0,
    3,
    1,
    0,
    0,
    3,
    1,
    2,
    2,
    1,
    3,
    3,
    0,
    3,
    3,
    2,
    0,
    0,
    0,
    1,
    0,
    3,
    2,
    3,
    2,
    2,
    0,
    3,
    2,
    1,
    3,
    1,
    2,
    2,
    1,
    1,
    0,
    0,
    3,
    0,
    2,
    3,
    0,
    3,
    1,
    3,
    3,
    2,
    3,
    1,
    2,
    0,
    2,
    3,
    3,
    2,
    2,
    1,
    2,
    0,
    3,
    3,
    2,
    0,
    2,
    2,
    1,
    3,
    0,
    3,
    1,
    3,
    1,
    2,
    3,
    2,
    1,
    0,
    3,
    1,
    2,
    0,
    0,
    1,
    0,
    1,
    1,
    0,
    0,
    1,
    1,
    3,
    1,
    1,
    0,
    3,
    2,
    1,
    2,
    0,
    1,
    3,
    0,
    2,
    1,
    0,
    1,
    0,
    2,
    0,
    2,
    1,
    1,
    1,
    2,
    0,
    2,
    0,
    2,
    0,
    3,
    3,
    2,
    0,
    1,
    2,
    0,
    2,
    0,
    3,
    3,
    1,
    1,
    0,
    2,
    1,
    3,
    3,
    0,
    0,
    1,
    2,
    0,
    0,
    0,
    1,
    1,
    1,
    1,
    1,
    1,
    2,
    1,
    0,
    0,
    3,
    3,
    1,
    2,
    3,
    2,
    1,
    3,
    1,
    1,
    1,
    1,
    2,
    3,
    0,
    0,
    0,
    1,
    2,
    1,
    0,
    1,
    0,
    1,
    1,
    2,
    3,
    3,
    0,
    1,
    0,
    3,
    0,
    3,
    2,
    1,
    2,
    0,
    1,
    3,
    1,
    1,
    3,
    0,
    3,
    1,
    0,
    0,
    1,
    3,
    1,
    2,
    2,
    1,
    2,
    3,
    1,
    0,
    1,
    2,
    2,
    0,
    0,
    0,
    2,
    1,
    1,
    0,
    3,
    1,
    0,
    0,
    0,
    0,
    1,
    3,
    2,
    3,
    3,
    0,
    2,
    1,
    0,
    1,
    2,
    3,
    3,
    1,
    1,
    1,
    0,
    2,
    0,
    3,
    2,
    2,
    0,
    1,
    3,
    2,
    1,
    2,
    3,
    2,
    1,
    2,
    2,
    1,
    0,
    2,
    1,
    2,
    1,
    0,
    3,
    2,
    3,
    3,
    3,
    3,
    0,
    1,
    1,
    3,
    1,
    2,
    2,
    3,
    1,
    1,
    0,
    3,
    0,
    0,
    2,
    2,
    0,
    2,
    3,
    3,
    2,
    1,
    3,
    0,
    2,
    0,
    2,
    3,
    1,
    1,
    0,
    2,
    2,
    2,
    3,
    1,
    2,
    2,
    2,
    3,
    0,
    3,
    1,
    1,
    3,
    2,
    1,
    1,
    3,
    2,
    0,
    3,
    1,
    2,
    1,
    2,
    3,
    1,
    0,
    1,
    3,
    3,
    1,
    0,
    0,
    0,
    2,
    3,
    0,
    2,
    2,
    3,
    3,
    0,
    1,
    3,
    1,
    0,
    2,
    1,
    3,
    2,
    3,
    2,
    3,
    0,
    3,
    2,
    1,
    1,
    1,
    2,
    1,
    1,
    3,
    3,
    0,
    2,
    2,
    3,
    3,
    1,
    1,
    3,
    1,
    1,
    1,
    3,
    1,
    0,
    2,
    3,
    1,
    0,
    1,
    0,
    0,
    0,
    0,
    1,
    0,
    2,
    2,
    0,
    2,
    3,
    1,
    0,
    0,
    2,
    0,
    1,
    0
  ],
  "means": [
    {
      "x": -0.6236412064509156,
      "y": 0.32373631874529113
    },
    {
      "x": -0.2600007501225225,
      "y": -0.6302446041695481
    },
    {
      "x": 0.6765210140291996,
      "y": -0.22730122136651837
    },
    {
      "x": 0.326061580752081,
      "y": 0.6312623010997864
    }
  ],
  "probabilities": [
    [
      0.9962802415317273,
      0.002517090863939565,
      1.635007758284935e-08,
      0.0012026512542556932
    ],
    [
      0.13193014224186028,
      9.167086847009482e-11,
      3.6958321667700837e-07,
      0.8680694880832521
    ],
    [
      0.9277284187828109,
      0.0721704631714075,
      3.819767149804406e-07,
      0.00010073606906661864
    ],
    [
      0.029320013868977358,
      0.9706774181274999,
      2.56792589265401e-06,
      7.76300440524317e-11
    ],
    [
      0.9947055607146099,
      1.1462908729498435e-05,
      5.331191019007899e-13,
      0.005282976376127566
    ],
    [
      0.21018498968024474,
      0.7898074477152481,
      6.971684086829158e-06,
      5.90920420183167e-07
    ],
    [
      0.9625911559335963,
      0.0372462924942433,
      1.6590143550270872e-07,
      0.0001623856707251527
    ],
    [
      0.9720539125259869,
      0.027944162664644466,
      3.2264666192133524e-12,
      1.9248061422811097e-06
    ],
    [
      0.348650666633584,
      4.276009772557871e-09,
      8.435548607866883e-08,
      0.6513492447349201
    ],
    [
      1.1736429895858631e-05,
      0.8769162608230507,
      0.1230718092486896,
      1.934983638673446e-07
    ],
    [
      1.3017338261981848e-09,
      1.1272469615987278e-07,
      0.7951725283689025,
      0.20482735760466728
    ],
    [
      9.855808625603532e-09,
      0.7797180231834586,
      0.220281966889019,
      7.171381459164527e-11
    ],
    [
      0.006326841378832937,
      0.9929127615505007,
      0.0007603008461770408,
      9.622448947599775e-08
    ],
    [
      0.9681058011061247,
      1.044396892482988e-06,
      1.0884893451587679e-11,
      0.031893154486098
    ],
    [
      0.9315571603429738,
      0.06734345322595062,
      1.0514837744923696e-05,
      0.0010888715933305606
    ],
    [
      0.4158393033999739,
      0.5841524978725847,
      4.547267204791622e-06,
      3.6514602367141884e-06
    ],
    [
      7.039516648206702e-07,
      0.0009458659485899345,
      0.9769470616694035,
      0.022106368430342044
    ],
    [
      5.718696990817261e-06,
      1.2986945668480344e-11,
      0.07086971717964849,
      0.9291245641103736
    ],
    [
      0.03907466654177538,
      2.350938171789095e-05,
      0.004369118220166069,
      0.9565327058563408
    ],
    [
      0.021032063327674582,
      0.9776909083234397,
      0.0012741615643551963,
      2.866784530700157e-06
    ],
    [
      8.752529838579227e-07,
      0.003561653599015878,
      0.9879045755255096,
      0.008532895622490788
    ],
    [
      7.864169415603237e-08,
      0.00025440174605560246,
      0.9751047999243497,
      0.02464071968790054
    ],
    [
      0.0030093459357309555,
      1.4946054853232974e-06,
      0.013962141132976169,
      0.9830270183258076
    ],
    [
      0.9852583602680041,
      0.0006822991050565017,
      2.889826244247853e-07,
      0.014059051644315217
    ],
    [
      0.7849920827747198,
      1.4496418828408029e-07,
      3.674841852180629e-09,
      0.21500776858625023
    ],
    [
      0.00029878181978086876,
      0.05337182214283451,
      0.9285246272336996,
      0.01780476880368523
    ],
    [
      1.7554414107169225e-05,
      0.005584579765971766,
      0.9689948412779028,
      0.025403024542018367
    ],
    [
      4.735524633282221e-10,
      0.25892621559624973,
      0.7410733575638075,
      4.2636639053778403e-07
    ],
    [
      0.9924746197543035,
      4.103234746396183e-06,
      4.776143051675988e-14,
      0.007521277010902433
    ],
    [
      0.9465734859932095,
      4.822564067440076e-05,
      1.0482563181276982e-07,
      0.053378183540484146
    ],
    [
      2.2823214349284902e-07,
      0.041177068543806886,
      0.9585102662301186,
      0.00031243699393098594
    ],
    [
      0.9758651418677864,
      4.653335882634867e-05,
      1.077041716891179e-08,
      0.024088314002969943
    ],
    [
      1.791791879412545e-05,
      0.6359063705509279,
      0.36406564381694567,
      1.0067713332363617e-05
    ],
    [
      0.0004445516753626762,
      0.9989655735204465,
      0.0005898748015049164,
      2.6861115925069924e-12
    ],
    [
      1.5544308478076302e-09,
      1.6275122145091352e-07,
      0.8056347777490653,
      0.19436505794528222
    ],
    [
      0.9592857879654146,
      0.0004331488781998157,
      1.3728586705308197e-06,
      0.04027969029771496
    ],
    [
      0.08007989363382259,
      0.9199158798991116,
      4.21286008721698e-06,
      1.3606978660202657e-08
    ],
    [
      0.14577042528142434,
      1.0773213012602782e-10,
      2.892070361394306e-07,
      0.8542292854038074
    ],
    [
      6.7870321499341235e-09,
      0.3558930855569593,
      0.6441065697660058,
      3.3789000286685847e-07
    ],
    [
      0.08035449121286414,
      6.549409094616718e-12,
      6.7510989200843e-07,
      0.9196448336706945
    ],
    [
      0.30846129192594485,
      0.6915121402122786,
      2.0309346381400638e-05,
      6.258515395089527e-06
    ],
    [
      0.9979857600874927,
      2.7022465857712324e-05,
      1.2521507017228911e-14,
      0.0019872174466373186
    ],
    [
      1.2306648279461348e-05,
      0.005201543432970708,
      0.9724705675625012,
      0.02231558235624877
    ],
    [
      5.815808768847705e-06,
      0.9825988308180567,
      0.01739535337307299,
      1.0167105343258501e-13
    ],
    [
      1.8962484121132304e-05,
      1.3775400895487547e-09,
      0.06182273394205222,
      0.9381583021962865
    ],
    [
      0.3086417753572272,
      6.177778178698963e-10,
      4.019590834206187e-08,
      0.6913581838290866
    ],
    [
      8.106661842685842e-11,
      5.41843486706021e-07,
      0.8918165205810858,
      0.10818293749436061
    ],
    [
      1.6943088249445693e-09,
      9.71147677272477e-10,
      0.6151968418356207,
      0.38480315549892263
    ],
    [
      0.004494167992856795,
      0.9953418087720204,
      0.00016402201491946185,
      1.220203578650603e-09
    ],
    [
      1.1066374717474371e-06,
      1.2795980819850409e-09,
      0.2126140915831185,
      0.7873848004998116
    ],
    [
      0.7222333718129927,
      6.756809979692431e-10,
      1.3693084042908774e-11,
      0.2777666274976331
    ],
    [
      0.0003464573175941587,
      0.9988747147224,
      0.0007788279568657138,
      3.140257839416221e-12
    ],
    [
      0.7782807412112455,
      0.22171924361003417,
      9.830889199489543e-12,
      1.5168889601571583e-08
    ],
    [
      0.04214727089759839,
      0.9578074917415071,
      4.515918064860724e-05,
      7.81802460312504e-08
    ],
    [
      5.360608166427436e-07,
      0.9276683217580367,
      0.0723311421410697,
      4.007708398993254e-11
    ],
    [
      0.04387592523914132,
      6.758920605913787e-13,
      2.205821847609993e-06,
      0.9561218689383354
    ],
    [
      0.1399661581097277,
      0.8600338096415163,
      3.218497011067558e-08,
      6.378583206750354e-11
    ],
    [
      2.61690585233835e-07,
      7.975320854416642e-09,
      0.38548785623043275,
      0.6145118741036611
    ],
    [
      3.4757730211774535e-08,
      0.7328197524490956,
      0.26718021011260046,
      2.68057388283939e-09
    ],
    [
      0.7318343566413444,
      7.529697211442632e-10,
      1.1521418461058128e-11,
      0.26816564259416414
    ],
    [
      2.06861762282178e-06,
      0.0036972188713898717,
      0.984071663403551,
      0.012229049107436421
    ],
    [
      0.0001213926766519258,
      0.0003358080385984608,
      0.6667441063491598,
      0.3327986929355898
    ],
    [
      0.6031638424391219,
      8.10484859156922e-06,
      4.2918559392657895e-06,
      0.3968237608563475
    ],
    [
      4.96618160383515e-07,
      0.042765638065223495,
      0.9567954752115219,
      0.00043839010509427056
    ],
    [
      0.8445543981055339,
      1.0323274275233053e-08,
      9.384105220219098e-12,
      0.15544559156180743
    ],
    [
      0.00018578970330382214,
      1.970523495647848e-12,
      0.0057226347166626865,
      0.9940915755780633
    ],
    [
      7.240635473669309e-06,
      0.47186455617613593,
      0.5281105022584293,
      1.770092996118227e-05
    ],
    [
      0.00480602547558466,
      1.2698614895025857e-11,
      0.0001657781496677153,
      0.9950281963620491
    ],
    [
      1.3548007016579757e-12,
      0.000246652008377487,
      0.992621399502949,
      0.00713194848731881
    ],
    [
      0.35439185436167064,
      0.6456012827809895,
      4.731884825487093e-06,
      2.130972514387357e-06
    ],
    [
      0.9840698793938043,
      0.0035714368254100484,
      3.271738899288962e-06,
      0.012355412041886556
    ],
    [
      0.8941274700754972,
      0.00024665604180259496,
      5.287224074544967e-06,
      0.10562058665862566
    ],
    [
      0.0004980359273987552,
      1.6910248494490393e-06,
      0.062386885514743924,
      0.9371133875330079
    ],
    [
      0.0011694390734077683,
      1.689973136499394e-09,
      0.002615504551712957,
      0.9962150546849062
    ],
    [
      0.15057805548450962,
      8.501621155484454e-07,
      5.0953573081550624e-05,
      0.8493701407802933
    ],
    [
      0.0027935446344963762,
      1.2271188008384498e-08,
      0.0019497665371780034,
      0.9952566765571379
    ],
    [
      0.00013377639120950907,
      5.543814526124807e-07,
      0.09476410276324689,
      0.905101566464091
    ],
    [
      0.40350253454077967,
      3.6731248727245913e-09,
      3.5564694698395145e-08,
      0.5964974262214008
    ],
    [
      1.4051494986938519e-05,
      0.7981043570739847,
      0.2018804305630934,
      1.16086793490214e-06
    ],
    [
      9.315290682115276e-07,
      0.13233593806696722,
      0.8675601983176573,
      0.00010293208630715681
    ],
    [
      0.20901135865558304,
      0.7909886411867529,
      1.5764702245221128e-10,
      1.6985366611806206e-14
    ],
    [
      0.8241249145306856,
      1.0443052014387278e-08,
      2.4201245315602532e-11,
      0.17587507500206115
    ],
    [
      2.7706510344412935e-05,
      0.003013256319817915,
      0.9451694434943291,
      0.05178959367550853
    ],
    [
      0.00010025022090562379,
      0.9973154183152636,
      0.002584331459356398,
      4.474291474045319e-12
    ],
    [
      0.11227532395148639,
      3.837700864963988e-07,
      5.3884617247508735e-05,
      0.8876704076611797
    ],
    [
      0.9405756853846142,
      2.210417145758851e-07,
      8.876391448643288e-12,
      0.05942409356479487
    ],
    [
      5.115284973922093e-05,
      0.9950131298892688,
      0.004935717250218063,
      1.0774032816774273e-11
    ],
    [
      0.06722742820198174,
      0.9315105540037598,
      0.001237687477683358,
      2.4330316575247115e-05
    ],
    [
      0.0806220377207394,
      1.811996717483765e-06,
      0.0002776667987577084,
      0.9190984834837854
    ],
    [
      0.004289516963221623,
      7.776608315118513e-08,
      0.0025244693826304726,
      0.9931859358880649
    ],
    [
      0.8668796547671225,
      0.13310650050166795,
      1.0265739333812126e-07,
      1.3742073815982257e-05
    ],
    [
      1.8381218313972923e-08,
      0.006399944499808281,
      0.9925001999180496,
      0.0010998372009238617
    ],
    [
      0.9973104166793983,
      0.0012059590066253924,
      4.924958655392395e-09,
      0.0014836193890176228
    ],
    [
      0.32379917802700237,
      1.2408823170092993e-06,
      9.68925858651453e-06,
      0.6761898918320941
    ],
    [
      0.008864587553023695,
      0.990045641290138,
      0.0010893780842057504,
      3.9307263266552843e-07
    ],
    [
      0.9904748333274024,
      0.003968892040148457,
      9.00748405930852e-07,
      0.005555373884043331
    ],
    [
      0.9650489535295058,
      8.813828824259515e-06,
      1.6870641556288547e-09,
      0.03494223095460559
    ],
    [
      0.1510512385309762,
      5.618826635801945e-09,
      1.917072185873399e-06,
      0.8489468387780111
    ],
    [
      8.331243791357924e-06,
      0.8213434238105464,
      0.17864783120628472,
      4.1373937741161467e-07
    ],
    [
      2.7049080095570112e-09,
      1.7784498947827243e-08,
      0.6962004978729629,
      0.3037994816376301
    ],
    [
      1.6040686960973017e-11,
      2.441910175258154e-06,
      0.9365289724672184,
      0.06346858560656544
    ],
    [
      0.00025918755711150593,
      0.9721892886559533,
      0.027551151820543452,
      3.7196639186906983e-07
    ],
    [
      1.3759072239090913e-06,
      1.921146089598684e-09,
      0.20816792782120846,
      0.7918306943504216
    ],
    [
      0.4566613270932504,
      6.010230816898617e-07,
      1.4267929956490421e-06,
      0.5433366450906723
    ],
    [
      0.8619315546070881,
      3.406740075169343e-05,
      8.321592694921991e-07,
      0.1380335458328905
    ],
    [
      0.009201181847576418,
      6.1754413699767544e-15,
      6.43491214977502e-05,
      0.9907344690309196
    ],
    [
      0.004657086807105907,
      2.041080262270735e-07,
      0.0035388399476716714,
      0.9918038691371962
    ],
    [
      4.62713560583556e-11,
      0.01614183394533032,
      0.9837427193087321,
      0.00011544669966601026
    ],
    [
      0.9000647121695706,
      4.6011339143846995e-05,
      5.169586819502851e-07,
      0.0998887595326036
    ],
    [
      0.6347282938332108,
      0.3652716132272363,
      5.392083237956517e-09,
      8.75474697775337e-08
    ],
    [
      0.5345083144198809,
      0.4654916853894183,
      6.829039491943312e-12,
      1.8387172592166277e-10
    ],
    [
      0.0022487120144177083,
      0.9952762347949646,
      0.002474948885071477,
      1.0430554645322502e-07
    ],
    [
      0.7546542325269507,
      3.361058661168095e-05,
      4.098041745456774e-06,
      0.2453080588446923
    ],
    [
      1.0791914624422248e-07,
      4.178144087845009e-10,
      0.35117852151776674,
      0.6488213701452727
    ],
    [
      7.67229146104127e-08,
      0.031168678462809667,
      0.9685521030972977,
      0.0002791417169780924
    ],
    [
      0.0001448977285993203,
      2.105294041205945e-06,
      0.1432195153358109,
      0.8566334816415484
    ],
    [
      7.389617063901796e-11,
      1.9578916451128947e-06,
      0.9271209180240708,
      0.07287712401038803
    ],
    [
      1.0739524027295955e-10,
      0.00588853706458725,
      0.9936905070102251,
      0.00042095581779260575
    ],
    [
      0.9769162412057533,
      0.023081228121251882,
      2.5403713215641647e-12,
      2.5306704546349697e-06
    ],
    [
      0.00014047367476380913,
      1.0511849374124085e-10,
      0.010260814756107068,
      0.9895987114640107
    ],
    [
      5.141189432122188e-09,
      0.11880712756884602,
      0.8811836612232554,
      9.206066709202338e-06
    ],
    [
      8.439601106251136e-05,
      0.9971595340048816,
      0.0027560699840426376,
      1.3549300200668376e-14
    ],
    [
      0.11710309853373622,
      1.988453780439334e-05,
      0.0008155986265777714,
      0.8820614183018817
    ],
    [
      0.008180492254837562,
      0.9917960528688636,
      2.3454823598886325e-05,
      5.2699880013218163e-11
    ],
    [
      7.430397560183233e-11,
      0.00033208608531599786,
      0.9942684761345919,
      0.005399437705788004
    ],
    [
      1.3351579801326538e-11,
      0.00046850923278971495,
      0.9955293118313734,
      0.004002178922485279
    ],
    [
      0.008952488407906177,
      0.9909994207123378,
      4.8090242941941556e-05,
      6.368143099476419e-10
    ],
    [
      2.3336505964164075e-08,
      0.5101546588237595,
      0.4898452191038279,
      9.873590680933996e-08
    ],
    [
      0.6838860659268143,
      0.3161139295001921,
      2.073229660637855e-11,
      4.5522612030404576e-09
    ],
    [
      0.6118028011090267,
      1.974807282491212e-05,
      9.82080295617989e-06,
      0.3881676300151923
    ],
    [
      3.5670702739407967e-06,
      8.409116400444289e-09,
      0.1854465343540275,
      0.8145498901665823
    ],
    [
      0.9967888224188275,
      0.00316216460186042,
      3.2521690117175163e-12,
      4.901297605995104e-05
    ],
    [
      2.2239584148343715e-08,
      0.013697679557356431,
      0.9858056222867826,
      0.0004966759162768722
    ],
    [
      2.204248596528696e-05,
      2.3433738097584346e-07,
      0.18190811790576675,
      0.818069605270887
    ],
    [
      0.7797784639083929,
      0.2202215307305348,
      5.932887576181019e-13,
      5.360478724491699e-09
    ],
    [
      0.03688958664484742,
      7.1767091805231875e-12,
      4.474412299353605e-06,
      0.9631059389356765
    ],
    [
      9.996864938820113e-08,
      0.8710395347657485,
      0.12896036521033555,
      5.52668153703201e-11
    ],
    [
      1.7659574116003257e-08,
      1.570852920540772e-11,
      0.42105529842126876,
      0.5789446839034481
    ],
    [
      6.058658467474185e-08,
      2.3819360925163338e-09,
      0.4454748559624489,
      0.5545250810690304
    ],
    [
      3.609935934025891e-06,
      3.2724962892955997e-06,
      0.554190298435225,
      0.4458028191325516
    ],
    [
      0.0777450632425142,
      3.535154281805953e-09,
      7.518846845483352e-06,
      0.922247414375486
    ],
    [
      1.1311997008745951e-09,
      0.648092330326057,
      0.35190766796296413,
      5.797791745966639e-10
    ],
    [
      4.410243496704497e-08,
      0.0001692600215201375,
      0.9731379585057818,
      0.026692737370263054
    ],
    [
      0.9916860473812643,
      2.2169771526868184e-05,
      5.5194842080732824e-11,
      0.008291782792014271
    ],
    [
      6.775350322027722e-09,
      1.4345876637165483e-05,
      0.9391843431887943,
      0.06080130415921818
    ],
    [
      3.4976968603353996e-05,
      6.9372380634070365e-06,
      0.37367722724189195,
      0.6262808585514414
    ],
    [
      2.1910665829670938e-07,
      4.4831007610401423e-11,
      0.2614545727980196,
      0.7385452080504911
    ],
    [
      2.052474855255217e-11,
      0.03185144242099355,
      0.9681066982134954,
      4.185934498673125e-05
    ],
    [
      1.8215529368086943e-06,
      1.1213790299560654e-05,
      0.724784997248634,
      0.2752019674081298
    ],
    [
      0.00148669167809,
      0.9898235520286677,
      0.008689141464019664,
      6.148292227045115e-07
    ],
    [
      2.2634539522245325e-10,
      4.2080957325090174e-08,
      0.7957142709917433,
      0.20428568670095412
    ],
    [
      0.9915500517148483,
      0.008443344741031483,
      1.0868905455283292e-13,
      6.603544011556655e-06
    ],
    [
      0.00023029393181109452,
      6.128592278660146e-11,
      0.006243509677367707,
      0.9935261963295354
    ],
    [
      6.510281245837716e-08,
      1.357807079281949e-09,
      0.42095543885064585,
      0.5790444946887348
    ],
    [
      2.2610046718915936e-07,
      0.03016738758797641,
      0.9693572914692511,
      0.0004750948423056015
    ],
    [
      0.9840890005628924,
      0.006497446242708608,
      5.2289115633699016e-06,
      0.00940832428283583
    ],
    [
      4.767448510940017e-10,
      1.2477284536307696e-07,
      0.8211316134920629,
      0.17886826125834698
    ],
    [
      1.504749596529973e-07,
      0.14570901320639548,
      0.8542620282526805,
      2.8808065964319127e-05
    ],
    [
      0.2832069189065833,
      0.7167923982599312,
      5.845013565756753e-07,
      9.833212908492133e-08
    ],
    [
      0.019945294386155093,
      3.965830096272506e-09,
      9.635707558256031e-05,
      0.9799583445724322
    ],
    [
      0.9986600217017955,
      0.001286537834698816,
      1.5790976469079303e-16,
      5.344046350573852e-05
    ],
    [
      0.08386369023583273,
      5.3966422689771335e-06,
      0.0005481958905725838,
      0.9155827172313259
    ],
    [
      0.003961454757531279,
      0.9945659014846695,
      0.0014725209067663978,
      1.2285103284406836e-07
    ],
    [
      5.988504541101033e-06,
      4.795195002977274e-12,
      0.06691912053457161,
      0.933074890956092
    ],
    [
      0.0009060883413995908,
      0.9113666121743768,
      0.08770099562085733,
      2.630386336664574e-05
    ],
    [
      2.6752654278440684e-07,
      0.011733552131143682,
      0.9866796878632073,
      0.0015864924791063116
    ],
    [
      1.5844055797029076e-06,
      5.036283470804134e-10,
      0.16860058884973714,
      0.8313978262410547
    ],
    [
      5.698846105456197e-09,
      3.6002520160669727e-09,
      0.6020852723068072,
      0.39791471839409476
    ],
    [
      4.276193093105153e-05,
      0.6891988156323796,
      0.3107435534436074,
      1.4868993081906016e-05
    ],
    [
      0.9984297604577383,
      0.0015271777568840832,
      4.2808299844482226e-16,
      4.306178537727762e-05
    ],
    [
      1.1532137258352032e-06,
      9.120902207215027e-12,
      0.14457908462883245,
      0.855419762148321
    ],
    [
      0.002925893619361826,
      0.9968900764845476,
      0.00018402955124004037,
      3.4485082119190573e-10
    ],
    [
      0.0001470917705553514,
      0.053090457856318995,
      0.9358059904397013,
      0.010956459933424317
    ],
    [
      0.9985434738430575,
      0.0013236293288638897,
      3.034524199598179e-12,
      0.0001328968250441884
    ],
    [
      0.9990657194868209,
      0.0007612750572338246,
      5.879312609800768e-13,
      0.00017300545535747213
    ],
    [
      0.0006335228935885065,
      0.9990378061399368,
      0.00032867096636663085,
      1.0798482194085203e-13
    ],
    [
      0.8894698134644056,
      0.11052834247411575,
      2.1526916350565153e-09,
      1.8419087869530095e-06
    ],
    [
      1.4076215790981831e-05,
      0.9861133290037704,
      0.01387259475007502,
      3.036374451330993e-11
    ],
    [
      0.12207897132707184,
      0.8779209910656641,
      3.7573880116876846e-08,
      3.3383675994700584e-11
    ],
    [
      0.9745480089035343,
      0.025411399260568977,
      4.817213069945657e-09,
      4.05870186837567e-05
    ],
    [
      0.7802404926794313,
      0.21975302658923754,
      1.7147159934132203e-07,
      6.309259731692078e-06
    ],
    [
      3.565156042044051e-07,
      0.9090583128133531,
      0.09094133058848683,
      8.255578134462929e-11
    ],
    [
      0.037092149917341326,
      0.9628372903250274,
      7.044708742282092e-05,
      1.1267020831985537e-07
    ],
    [
      0.0009144178842127975,
      6.665295444817258e-05,
      0.20137405970994887,
      0.7976448694513902
    ],
    [
      1.0400457583761484e-06,
      0.5738759177027623,
      0.42612186479834613,
      1.1774531333118969e-06
    ],
    [
      0.1832138100569512,
      0.8167861547849025,
      3.478075753105786e-08,
      3.773887385361578e-10
    ],
    [
      0.9623226530644433,
      0.03740251223905153,
      3.960590936713799e-07,
      0.0002744386374112544
    ],
    [
      0.3114394956525346,
      2.7119952333050505e-10,
      2.3145286017298585e-08,
      0.6885604809309799
    ],
    [
      1.40573795542337e-10,
      0.2488109725299481,
      0.751188655923269,
      3.7140620897819465e-07
    ],
    [
      0.0035500374131445574,
      0.9963961429574927,
      5.381962053036047e-05,
      8.832596069515916e-12
    ],
    [
      1.1126499679154475e-07,
      0.00028653303021897674,
      0.9742235987830665,
      0.025489756921717722
    ],
    [
      0.9183801935293165,
      0.08160189566799429,
      3.531838032856416e-08,
      1.7875484308860747e-05
    ],
    [
      0.1769972474238025,
      0.8229940742144467,
      8.251457013030466e-06,
      4.269047377780666e-07
    ],
    [
      0.0005524897648160433,
      5.103800767103272e-06,
      0.09170954797876538,
      0.9077328584556513
    ],
    [
      0.9992226250755702,
      0.0006455566352108133,
      2.1019331772938996e-14,
      0.00013181828919805045
    ],
    [
      3.48223295962858e-10,
      2.6757150878938434e-05,
      0.9716659975804893,
      0.028307244920408613
    ],
    [
      0.1938202445964941,
      0.806179743017842,
      1.227166452953403e-08,
      1.1399933472532942e-10
    ],
    [
      0.9546603460883194,
      1.7930612677377185e-05,
      1.377077722216702e-08,
      0.045321709528225916
    ],
    [
      0.13051129476172696,
      0.869488642448084,
      6.265824152038904e-08,
      1.31947424152576e-10
    ],
    [
      0.9346441286149256,
      0.06533281777657579,
      2.7775241511553815e-08,
      2.3025833257018825e-05
    ],
    [
      1.8296536245557251e-06,
      0.43351686038053777,
      0.5664737224862072,
      7.5874796304148545e-06
    ],
    [
      0.7032888314035755,
      6.269439867697804e-08,
      6.515389493719791e-09,
      0.29671109938663626
    ],
    [
      3.332319617174259e-11,
      0.0005136241343904095,
      0.995718536271039,
      0.0037678395612476194
    ],
    [
      0.030649011695120746,
      0.9693499774401639,
      1.0108582583840106e-06,
      6.456874080763001e-12
    ],
    [
      0.01208335706951906,
      0.987905654595001,
      1.0988297881109092e-05,
      3.759887706088004e-11
    ],
    [
      2.5974021812155323e-09,
      0.6671608346596692,
      0.3328391619800877,
      7.628408077431892e-10
    ],
    [
      1.5292305440919512e-12,
      0.00020974634404254412,
      0.991943259969192,
      0.007846993685236536
    ],
    [
      0.8557310083929277,
      7.867898725513361e-06,
      1.4415941197947422e-07,
      0.1442609795489347
    ],
    [
      1.82691351481933e-06,
      0.01758246548832901,
      0.9798437694138589,
      0.0025719381842973996
    ],
    [
      0.9939220962476111,
      0.005661562931949457,
      1.061283776094844e-08,
      0.0004163302076019182
    ],
    [
      2.1070369502196835e-05,
      0.0001358050924264078,
      0.7491872748903157,
      0.2506558496477557
    ],
    [
      0.9904072800192036,
      0.009585930965301557,
      3.8260527466434907e-13,
      6.78901511203033e-06
    ],
    [
      0.021929242884512423,
      2.8500582425892998e-05,
      0.00972968728524248,
      0.9683125692478194
    ],
    [
      0.02850645990756981,
      2.3372678192447488e-06,
      0.0015067459603943622,
      0.9699844568642165
    ],
    [
      1.1803409561427416e-08,
      2.322793560991287e-06,
      0.8658663646593924,
      0.13413130074363686
    ],
    [
      0.9698591619174048,
      0.02893841191116261,
      2.427725696616744e-06,
      0.0011999984457358788
    ],
    [
      0.3046211358160183,
      0.6953641933187165,
      1.1415280452233776e-05,
      3.255584813031516e-06
    ],
    [
      1.8392827364245264e-11,
      0.006298800099391262,
      0.9933370830046007,
      0.0003641168776153838
    ],
    [
      0.9953089613726487,
      0.0013598745809893249,
      4.3259900397558546e-08,
      0.0033311207864617936
    ],
    [
      6.352554884730183e-10,
      0.009084903789419311,
      0.9905944859718809,
      0.0003206096034445191
    ],
    [
      0.5519975456801829,
      0.4479981460644992,
      1.109493652666058e-06,
      3.1987616653032127e-06
    ],
    [
      2.75693028125e-05,
      2.5929016117745117e-07,
      0.16935126791767136,
      0.830620903489355
    ],
    [
      1.0254349085462199e-05,
      3.123644136557416e-13,
      0.051287843868547164,
      0.9487019017820549
    ],
    [
      2.2734721970936527e-07,
      0.8021790110903005,
      0.19782075621284181,
      5.3496377863911405e-09
    ],
    [
      0.29541822776833704,
      0.70458176532175,
      6.217751060004153e-09,
      6.921619134789036e-10
    ],
    [
      0.9850257350227504,
      0.014802568179073588,
      1.8986922527490924e-08,
      0.00017167781125362958
    ],
    [
      5.096225649591168e-10,
      8.891328811523185e-06,
      0.9508469831660376,
      0.049144124995528095
    ],
    [
      0.001363400547599748,
      0.9715208690114651,
      0.027110833140249674,
      4.8973006855259655e-06
    ],
    [
      0.0013754666171843643,
      1.5475412887245055e-07,
      0.010476019315946503,
      0.9881483593127403
    ],
    [
      0.028158511857196,
      2.0368237022771905e-10,
      1.8067574770102262e-05,
      0.9718234203643514
    ],
    [
      0.9981320903797769,
      0.0018096717361142604,
      2.684552414602409e-13,
      5.823788384063937e-05
    ],
    [
      0.9848219940591837,
      8.533578376288069e-06,
      6.071544623955815e-11,
      0.015169472301724603
    ],
    [
      3.459902867057265e-05,
      0.8154120257731634,
      0.18455076658165845,
      2.608616507621295e-06
    ],
    [
      1.8180698424409655e-08,
      2.0764948875772343e-08,
      0.6144273324818769,
      0.385572628572476
    ],
    [
      0.9677212926497099,
      0.03182807495944882,
      6.19455509946254e-07,
      0.0004500129353314684
    ],
    [
      0.996072549647274,
      0.0006020558225879496,
      7.856199897367506e-09,
      0.003325386673938203
    ],
    [
      0.8775383494683278,
      2.37752975687874e-05,
      3.753964211229019e-07,
      0.12243749983768225
    ],
    [
      0.017052155960018106,
      0.9829421104362364,
      5.7335686629839055e-06,
      3.508252818252224e-11
    ],
    [
      0.060085805268815476,
      0.9399136016158156,
      5.929935512460111e-07,
      1.2181776281395114e-10
    ],
    [
      0.00030850673104938737,
      0.9988912068108011,
      0.0008002864569230004,
      1.2265042208698223e-12
    ],
    [
      0.04308124351756046,
      0.9569129110587616,
      5.842872534849119e-06,
      2.551142976883606e-09
    ],
    [
      3.0085198084921774e-05,
      0.9923590643836726,
      0.007610850403233605,
      1.500905379008229e-11
    ],
    [
      2.437266378625201e-05,
      0.8637009620171543,
      0.13627395864010158,
      7.066789580912437e-07
    ],
    [
      2.1151188291447556e-10,
      8.464786963085144e-08,
      0.821118393913969,
      0.1788815212266496
    ],
    [
      0.43036024049676747,
      0.5696327227743049,
      3.6698075346439547e-06,
      3.3669213930499558e-06
    ],
    [
      0.9923063793911282,
      8.554468138722122e-05,
      1.11034524483073e-09,
      0.007608074817139406
    ],
    [
      0.7577774699859753,
      3.464451657885471e-09,
      4.556464488850997e-11,
      0.24222252650400866
    ],
    [
      0.0002874944094738677,
      4.366248080694661e-13,
      0.0037898736152526705,
      0.995922631974837
    ],
    [
      0.09268556399482981,
      9.903885668476397e-07,
      0.00014562183106785624,
      0.9071678237855353
    ],
    [
      0.006830027884931252,
      0.9931466250538635,
      2.3347043184409433e-05,
      1.8021175904930436e-11
    ],
    [
      1.3567553094736691e-06,
      0.04631066187627244,
      0.9530118488099378,
      0.0006761325584802744
    ],
    [
      0.00240654313704552,
      8.345143494669389e-08,
      0.0047759342490797585,
      0.9928174391624397
    ],
    [
      2.3926062979923826e-07,
      0.021132585562267683,
      0.9781015948678847,
      0.00076558030921777
    ],
    [
      2.4857904012211806e-08,
      0.8049541998291082,
      0.1950457751877689,
      1.2521877315910712e-10
    ],
    [
      0.004873303501655092,
      9.136060542244514e-06,
      0.022543959986932035,
      0.9725736004508707
    ],
    [
      0.005394934964318542,
      0.9939423914332549,
      0.0006626233731859527,
      5.022924063341881e-08
    ],
    [
      0.10445929568641944,
      0.8955406732878863,
      3.101923772371772e-08,
      6.4564713522159504e-12
    ],
    [
      0.43475320239806337,
      0.5652467520766288,
      2.131550033899036e-08,
      2.4209807505766673e-08
    ],
    [
      0.12764296350520038,
      0.8723570325806461,
      3.914046526286279e-09,
      1.0720463677694282e-13
    ],
    [
      9.867442944051175e-05,
      0.47875460203504355,
      0.5209693734844185,
      0.00017735005109748348
    ],
    [
      0.003176055107609215,
      8.438566984422055e-07,
      0.010099857785650765,
      0.9867232432500418
    ],
    [
      0.8867103555589886,
      0.11328957230856238,
      1.7982953754758202e-12,
      7.213065069646609e-08
    ],
    [
      0.9916594458972574,
      0.007419410437102753,
      1.0013353116232621e-07,
      0.0009210435321085574
    ],
    [
      0.9966105821248995,
      1.8469399655705772e-05,
      1.9179412883527266e-13,
      0.0033709484752529697
    ],
    [
      0.2922144962941369,
      0.7077854744843862,
      2.585579825063668e-08,
      3.365678671699547e-09
    ],
    [
      2.4028213427384974e-11,
      1.5116767127623095e-05,
      0.9691114664235312,
      0.030873416785313055
    ],
    [
      5.257860968803312e-05,
      0.6112154419436561,
      0.38869544947398404,
      3.6529972671605533e-05
    ],
    [
      0.9962095265003432,
      3.0561257195880825e-05,
      3.677402487493885e-12,
      0.0037599122387833904
    ],
    [
      0.023864101436464422,
      0.9760616763365562,
      7.418477952413066e-05,
      3.744745528764454e-08
    ],
    [
      0.8943876196458252,
      0.1056123496672207,
      1.1054235635465393e-14,
      3.068694291727787e-08
    ],
    [
      6.220759304367575e-06,
      0.9814964038881986,
      0.0184973753479278,
      4.569179507479093e-12
    ],
    [
      2.2616566940646794e-08,
      0.684004741175552,
      0.3159952310610133,
      5.146867581754103e-09
    ],
    [
      3.837931706699372e-12,
      8.589717700147226e-06,
      0.9602422813561459,
      0.03974912892231614
    ],
    [
      0.006306339076004653,
      4.679094716233432e-05,
      0.044045722051840736,
      0.9496011479249923
    ],
    [
      0.0012721412085070277,
      2.180896599469456e-09,
      0.002576560459733033,
      0.9961512961508635
    ],
    [
      0.9760836450403041,
      0.02143405805848764,
      4.355455852293204e-06,
      0.0024779414453561174
    ],
    [
      0.4955159392839588,
      0.504460037013066,
      9.487330435672232e-06,
      1.4536372539539647e-05
    ],
    [
      0.7012997076525055,
      0.29870009609635534,
      5.155350442213972e-09,
      1.9109578881623372e-07
    ],
    [
      3.122927741196225e-05,
      5.029436720257831e-06,
      0.3567990168947147,
      0.6431647243911532
    ],
    [
      0.9719410986396865,
      0.02805742570573136,
      1.2292402884245321e-12,
      1.4756533532096354e-06
    ],
    [
      0.003108656774081613,
      8.966852018232668e-09,
      0.001546987769195993,
      0.9953443464898706
    ],
    [
      5.6276710436536484e-08,
      0.09025734974029015,
      0.9096976610945338,
      4.493288846565544e-05
    ],
    [
      0.020704198864801605,
      0.9788581831318535,
      0.0004370982512209653,
      5.197521240435326e-07
    ],
    [
      1.0072927676124123e-10,
      0.06692664622667611,
      0.9330612073196377,
      1.2146352957025639e-05
    ],
    [
      0.7879357640147822,
      0.21206419033925308,
      6.834977544052311e-11,
      4.5577615073334385e-08
    ],
    [
      0.0025642229590782956,
      0.9964653161286803,
      0.000970442858186425,
      1.8054055366587196e-08
    ],
    [
      0.013229054423964187,
      3.843455771675269e-07,
      0.001449734772893964,
      0.9853208264575648
    ],
    [
      0.00013769995080678646,
      0.9571095602670108,
      0.04275235231104269,
      3.87471139695967e-07
    ],
    [
      0.4324426383229747,
      0.5675547850200495,
      1.3176168786751646e-06,
      1.2590400970201588e-06
    ],
    [
      0.029640565413150726,
      3.6754041971272577e-06,
      0.001887033217384581,
      0.9684687259652676
    ],
    [
      0.9925156311830696,
      0.0006890531355524518,
      5.808758554868002e-08,
      0.0067952575937924396
    ],
    [
