{
  "dataset": "circles",
  "algorithm": "gmm",
  "params": {
    "n_components": 6,
    "covariance_type": "tied"
  },
  "labels": [
    0,
    3,
    4,
    4,
    0,
    4,
    4,
    4,
    3,
    1,
    5,
    1,
    1,
    0,
    4,
    4,
    2,
    5,
    3,
    1,
    2,
    2,
    3,
    0,
    0,
    2,
    2,
    2,
    0,
    0,
    2,
    0,
    1,
    1,
    5,
    0,
    4,
    3,
    2,
    3,
    4,
    0,
    2,
    1,
    5,
    3,
    5,
    5,
    1,
    5,
    0,
    1,
    4,
    4,
    1,
    3,
    4,
    5,
    1,
    0,
    2,
    5,
    0,
    2,
    0,
    3,
    2,
    3,
    2,
    4,
    0,
    0,
    5,
    3,
    3,
    3,
    5,
    3,
    1,
    2,
    4,
    0,
    2,
    1,
    3,
    0,
    1,
    4,
    3,
    3,
    4,
    2,
    0,
    3,
    1,
    0,
    0,
    3,
    1,
    5,
    5,
    1,
    5,
    3,
    0,
    3,
    3,
    2,
    0,
    4,
    4,
    1,
    0,
    5,
    2,
    5,
    5,
    2,
    4,
    3,
    2,
    1,
    3,
    1,
    2,
    2,
    1,
    1,
    4,
    0,
    5,
    0,
    2,
    5,
    4,
    3,
    1,
    5,
    5,
    5,
    3,
    1,
    2,
    0,
    5,
    5,
    5,
    2,
    5,
    1,
    5,
    0,
    3,
    5,
    2,
    0,
    5,
    2,
    4,
    3,
    0,
    3,
    1,
    5,
    1,
    2,
    5,
    5,
    1,
    0,
    5,
    1,
    2,
    0,
    0,
    1,
    4,
    1,
    4,
    4,
    4,
    1,
    4,
    5,
    1,
    4,
    4,
    3,
    2,
    1,
    2,
    4,
    4,
    5,
    0,
    5,
    4,
    0,
    4,
    4,
    2,
    0,
    2,
    4,
    1,
    1,
    2,
    0,
    2,
    0,
    5,
    0,
    3,
    3,
    5,
    0,
    4,
    2,
    0,
    2,
    4,
    5,
    3,
    1,
    4,
    0,
    5,
    1,
    3,
    3,
    0,
    0,
    1,
    5,
    0,
    0,
    0,
    4,
    4,
    1,
    4,
    1,
    1,
    5,
    4,
    0,
    0,
    3,
    3,
    1,
    2,
    3,
    2,
    1,
    3,
    1,
    4,
    4,
    4,
    2,
    3,
    4,
    0,
    0,
    4,
    5,
    1,
    0,
    4,
    4,
    1,
    1,
    5,
    3,
    3,
    0,
    4,
    4,
    5,
    4,
    3,
    2,
    1,
    2,
    4,
    1,
    3,
    1,
    4,
    3,
    0,
    3,
    4,
    0,
    0,
    1,
    3,
    1,
    2,
    2,
    1,
    2,
    3,
    1,
    4,
    1,
    5,
    2,
    4,
    4,
    0,
    2,
    4,
    4,
    4,
    3,
    4,
    0,
    4,
    0,
    4,
    1,
    3,
    2,
    3,
    5,
    0,
    2,
    1,
    4,
    1,
    5,
    3,
    5,
    1,
    4,
    1,
    0,
    2,
    0,
    3,
    2,
    2,
    4,
    1,
    3,
    5,
    1,
    2,
    3,
    2,
    4,
    5,
    5,
    1,
    0,
    2,
    1,
    2,
    1,
    0,
    3,
    2,
    3,
    3,
    5,
    5,
    0,
    1,
    1,
    5,
    1,
    2,
    5,
    3,
    1,
    1,
    4,
    3,
    4,
    4,
    2,
    5,
    0,
    2,
    3,
    3,
    5,
    4,
    3,
    4,
    2,
    4,
    2,
    5,
    1,
    1,
    0,
    2,
    2,
    2,
    3,
    1,
    5,
    2,
    2,
    3,
    0,
    5,
    1,
    1,
    3,
    2,
    4,
    1,
    3,
    5,
    0,
    3,
    4,
    5,
    1,
    2,
    3,
    1,
    0,
    1,
    3,
    5,
    1,
    4,
    0,
    0,
    2,
    3,
    0,
    5,
    5,
    5,
    3,
    0,
    4,
    5,
    1,
    0,
    5,
    4,
    3,
    2,
    3,
    5,
    3,
    0,
    3,
    2,
    1,
    1,
    1,
    5,
    1,
    1,
    3,
    3,
    0,
    2,
    5,
    5,
    3,
    1,
    4,
    5,
    1,
    1,
    4,
    3,
    1,
    0,
    5,
    3,
    4,
    4,
    4,
    0,
    0,
    4,
    0,
    1,
    0,
    2,
    2,
    4,
    5,
    5,
    1,
    0,
    0,
    5,
    0,
    1,
    0
  ],
  "means": [
    {
      "x": -0.5796604046705792,
      "y": 0.4902689227786932
    },
    {
      "x": -0.07860088625362543,
      "y": -0.7394288587949565
    },
    {
      "x": 0.6249203355307822,
      "y": -0.41104153173950714
    },
    {
      "x": 0.16919144419659152,
      "y": 0.7305601999129444
    },
    {
      "x": -0.6795003060495731,
      "y": -0.258086095632819
    },
    {
      "x": 0.7282469722541619,
      "y": 0.27421930803964945
    }
  ],
  "probabilities": [
    [
      0.8907543267705745,
      8.515399370552575e-05,
      8.895184790710438e-07,
      0.0031150510014695005,
      0.10604141828573833,
      3.1604300328508606e-06
    ],
    [
      0.03736015583914077,
      1.1228330863533835e-10,
      1.6815030458106015e-08,
      0.962208031218914,
      3.02011270929316e-07,
      0.0004314940033605479
    ],
    [
      0.30448421865281033,
      0.004027811951068088,
      1.2570805210104822e-05,
      0.00045345371244194993,
      0.6910189363690098,
      3.0085094596509416e-06
    ],
    [
      0.00011217605117350562,
      0.26299681434664146,
      9.105895898768793e-06,
      4.342303489092117e-09,
      0.7368818979161488,
      1.4478341908508717e-09
    ],
    [
      0.9969718212809102,
      9.849195745167209e-09,
      8.27347234559209e-11,
      0.0014097059962059882,
      0.001618448341943717,
      1.4449009636410743e-08
    ],
    [
      0.00839336826016925,
      0.07695545482530848,
      5.248920735889324e-05,
      4.375857584526543e-06,
      0.9145939480653404,
      3.637842382843562e-07
    ],
    [
      0.4467015027829775,
      0.0019742890080711724,
      7.343571504707386e-06,
      0.0007319906044591796,
      0.5505818054375218,
      3.068595465793826e-06
    ],
    [
      0.3873669782313059,
      4.663786980234605e-05,
      2.905872190687656e-09,
      7.75946616575735e-06,
      0.6125786206273361,
      8.995176766792134e-10
    ],
    [
      0.23088264362269184,
      1.925417504167306e-09,
      3.537512077437512e-08,
      0.7688856918362341,
      8.394720096872906e-06,
      0.00022323252043919846
    ],
    [
      7.021082071474602e-07,
      0.9183005388733759,
      0.07949115157865386,
      1.1898679259279432e-07,
      0.0021787350724499148,
      2.8753380520432723e-05
    ],
    [
      8.250309474141527e-09,
      2.1076041555823708e-07,
      0.0329708762120487,
      0.0013229074035204607,
      1.335426750767771e-10,
      0.965705997240163
    ],
    [
      9.026067227504799e-11,
      0.9571572350358637,
      0.04281368780604446,
      1.536119526978485e-11,
      2.8849236275776662e-05,
      2.2781619429091066e-07
    ],
    [
      0.000266600948604347,
      0.7661665305581583,
      0.0021361022867854274,
      8.865088829555726e-07,
      0.23142757140680484,
      2.3082907640956922e-06
    ],
    [
      0.9876137407301633,
      4.897021205922778e-09,
      3.626406337763348e-10,
      0.011983752364585435,
      0.0004022705527365775,
      2.3109285326993676e-07
    ],
    [
      0.44003042575049983,
      0.0092645672426676,
      0.00015946269946468777,
      0.0038142860429771605,
      0.5466632469579612,
      6.801130642955813e-05
    ],
    [
      0.025217335382828627,
      0.03901033675857512,
      4.2295060438302496e-05,
      1.8394273538949436e-05,
      0.9357108525727659,
      7.859518531856427e-07
    ],
    [
      3.5872410960379747e-06,
      0.0020387370717850867,
      0.6834420033804172,
      0.001449838857062098,
      5.013137465546936e-06,
      0.3130608203121741
    ],
    [
      3.4494098686110726e-06,
      4.38397841505727e-10,
      9.75481272578352e-05,
      0.31743667221310223,
      1.34950174219308e-10,
      0.6824623296764233
    ],
    [
      0.05103676193978005,
      4.422838760687487e-05,
      0.0016985523847090238,
      0.8485129575079424,
      0.00033043795104875477,
      0.09837706182891282
    ],
    [
      0.002114388620567057,
      0.6206534983084833,
      0.004882471190233931,
      1.6928222371372524e-05,
      0.37230983810093476,
      2.2875557409742424e-05
    ],
    [
      3.294767440407506e-06,
      0.006207444702221682,
      0.8418233231048493,
      0.0005831458202581769,
      1.2668614675965681e-05,
      0.15137012299055436
    ],
    [
      6.067582800726842e-07,
      0.0005322893260940159,
      0.6013543648102883,
      0.0008654381827186517,
      5.803579206829911e-07,
      0.3972467205646983
    ],
    [
      0.0052015157380527295,
      7.101541916669811e-06,
      0.002166078591374182,
      0.7273194012901302,
      1.5379771592445488e-05,
      0.26529052306693374
    ],
    [
      0.9422153436514024,
      5.381609967991675e-05,
      4.342213773470747e-06,
      0.025061799122298528,
      0.03261557525737627,
      4.91236554694611e-05
    ],
    [
      0.8072218894322776,
      1.1073395030407617e-08,
      1.4470912046424651e-08,
      0.19262239163759912,
      0.00013371428111085218,
      2.197910470548329e-05
    ],
    [
      0.000362715206552851,
      0.07220300409923995,
      0.7997459918274252,
      0.004310064936696469,
      0.0015935157789643468,
      0.12178470815112086
    ],
    [
      4.729254005619048e-05,
      0.010894093679323227,
      0.7421859568548024,
      0.0035666302847730414,
      9.260101797426155e-05,
      0.2432134256230711
    ],
    [
      2.6957921707250736e-10,
      0.13429181278511124,
      0.8655375065733907,
      5.564532941765141e-09,
      1.7989644322280035e-06,
      0.00016887584295386353
    ],
    [
      0.9982608376369126,
      1.3475905437740438e-09,
      1.0043315234083812e-11,
      0.0010779759155026285,
      0.0006611811406442775,
      3.949306606528398e-09
    ],
    [
      0.9315293755609257,
      3.539731255227528e-06,
      8.821748850090889e-07,
      0.0633142200100065,
      0.0050976336789461205,
      5.434884398148042e-05
    ],
    [
      3.5001695569894747e-07,
      0.03922231558865399,
      0.947652153339462,
      1.4684601281582111e-05,
      2.1974478932993548e-05,
      0.013088521974713678
    ],
    [
      0.9685646271831289,
      1.6427173170529059e-06,
      1.731761278358625e-07,
      0.02596637442832537,
      0.0054569519622058105,
      1.023053289528548e-05
    ],
    [
      3.8909702518099866e-06,
      0.6636024088535216,
      0.33379373148453123,
      3.357030553202954e-06,
      0.001941846870663267,
      0.0006547647904787944
    ],
    [
      2.5275587061574366e-07,
      0.9683696542127888,
      0.00011701380965701176,
      6.016323689791578e-11,
      0.031513077846199423,
      1.3153210633691837e-09
    ],
    [
      1.0231361653583304e-08,
      3.049336259256714e-07,
      0.0386089845494175,
      0.0013399767371967217,
      1.97510649021067e-10,
      0.9600507233508875
    ],
    [
      0.9163247408471233,
      5.344120406670824e-05,
      1.1023166801513224e-05,
      0.06306846733478648,
      0.020352581147717326,
      0.00018974629950469312
    ],
    [
      0.001352541112101014,
      0.1374777682864936,
      2.645145650489233e-05,
      2.3467304908605775e-07,
      0.8611429683825346,
      3.6089316795610405e-08
    ],
    [
      0.04375124336827092,
      1.2132167323512816e-10,
      1.553255844751573e-08,
      0.9558641065505042,
      3.6707287600281153e-07,
      0.00038426735446867033
    ],
    [
      2.4661942177318872e-09,
      0.31225292797791054,
      0.6875836243451863,
      1.5512765544522693e-08,
      1.4341662242027836e-05,
      0.00014908803570103435
    ],
    [
      0.011729095377494529,
      1.3822497164809166e-11,
      7.157913187738132e-09,
      0.9877842341975944,
      3.322493108225728e-08,
      0.0004866300282444467
    ],
    [
      0.022105996648078666,
      0.07561737970421117,
      0.0001479538806041446,
      3.1081624966906754e-05,
      0.9020950391498399,
      2.548992299200851e-06
    ],
    [
      0.9975806413735038,
      3.778564402047288e-09,
      6.898271586442507e-12,
      0.00028052513342633877,
      0.0021388287971502522,
      9.104570705214972e-10
    ],
    [
      3.470819249449065e-05,
      0.01015104867302961,
      0.7548015826484976,
      0.002911156521169778,
      7.304624354038646e-05,
      0.23202845772126826
    ],
    [
      4.4355693443944194e-10,
      0.9989396695698772,
      0.00028899383844169696,
      4.108917756865283e-13,
      0.0007713358460126868,
      3.0170089070981153e-10
    ],
    [
      2.4566535381247143e-05,
      2.2449791085437165e-08,
      0.0006077196202748644,
      0.311203134544374,
      6.851874380158715e-09,
      0.6881645499983046
    ],
    [
      0.1647123369159179,
      3.293926564765586e-10,
      1.0190366192704288e-08,
      0.8351334040134462,
      2.3474689883199516e-06,
      0.00015190108188863877
    ],
    [
      1.1505621059328804e-09,
      5.697796655925499e-07,
      0.10372745144764779,
      0.0002683279334423668,
      7.170426270065884e-11,
      0.896003649616978
    ],
    [
      4.2205759109805255e-09,
      3.3248815510557226e-09,
      0.0032364484436157546,
      0.0033154235279244278,
      5.3244386670184785e-12,
      0.9934481204776778
    ],
    [
      4.702342767093717e-05,
      0.7669983443603128,
      0.00032696833095370673,
      2.6646827449952466e-08,
      0.23262756686716024,
      7.036707494890424e-08
    ],
    [
      1.4437677499773694e-06,
      1.313347844642479e-08,
      0.0012470856225394262,
      0.0772440536079074,
      6.607215016435143e-10,
      0.9215074032076033
    ],
    [
      0.7984406586844401,
      2.9229042598670064e-11,
      6.254217988974525e-11,
      0.20155169220087316,
      6.079585827660191e-06,
      1.5694370878599846e-06
    ],
    [
      2.0373815401404653e-07,
      0.9741452711630842,
      0.0001430065801759421,
      6.003068276560832e-11,
      0.025711516863058153,
      1.5954970481354474e-09
    ],
    [
      0.027441216871822223,
      0.0002743363014153563,
      2.2032932727258753e-09,
      9.629648733569739e-08,
      0.9722843482879032,
      3.9078751518486603e-11
    ],
    [
      0.0014497826477158345,
      0.31487645117191565,
      0.00023958411189251195,
      1.0692029519198982e-06,
      0.6834326726607499,
      4.4020477390276177e-07
    ],
    [
      1.3319796807415891e-09,
      0.9920745478875589,
      0.007646619295128522,
      3.14081123738404e-11,
      0.0002787735625685738,
      5.789135636157837e-08
    ],
    [
      0.0032406163046249546,
      2.6435985936762028e-12,
      5.060215120421289e-09,
      0.9960256859217388,
      4.090383853142007e-09,
      0.0007336886203936216
    ],
    [
      0.00035036760760331903,
      0.03020147565336623,
      2.3620526320998046e-07,
      2.3543187960618583e-09,
      0.9694479180993006,
      8.014794722443095e-11
    ],
    [
      4.698644316661831e-07,
      4.449334955562487e-08,
      0.003811454835363273,
      0.026981544280532323,
      6.949447162771454e-10,
      0.9692064858313786
    ],
    [
      1.304345804602425e-09,
      0.8854173002657251,
      0.11451262592259889,
      5.290656531942758e-10,
      6.679785151147681e-05,
      3.2741267528563615e-06
    ],
    [
      0.8138719524041785,
      2.9301303507886945e-11,
      5.69313698665411e-11,
      0.18612022930249045,
      6.4412055978155345e-06,
      1.377001500465679e-06
    ],
    [
      7.26899535810515e-06,
      0.006912957290693645,
      0.8089109171670472,
      0.0010531017125679613,
      2.1626953416149197e-05,
      0.18309412788091672
    ],
    [
      0.0002780119015093631,
      0.0007856669220297145,
      0.190054636738011,
      0.0543721263945037,
      3.576625922744582e-05,
      0.7544737917847189
    ],
    [
      0.5562150152375558,
      2.3883267043791078e-06,
      6.7040779337709315e-06,
      0.4415908032031285,
      0.0010011183852641386,
      0.0011839707694132576
    ],
    [
      7.391333072584688e-07,
      0.044169506785134635,
      0.9396677637977996,
      2.6015168308004507e-05,
      3.650470965760939e-05,
      0.016099470405792803
    ],
    [
      0.9265997871367088,
      1.566651714509017e-10,
      9.514496701814542e-11,
      0.07337251192669891,
      2.7010690360662788e-05,
      6.899944213360745e-07
    ],
    [
      4.3014921369764066e-05,
      6.990236331652141e-11,
      4.792900042358062e-06,
      0.8693548648852423,
      3.6763532984320814e-10,
      0.13059732685580813
    ],
    [
      2.2622474189384447e-06,
      0.49794621453932925,
      0.49993055027122796,
      4.001723417339027e-06,
      0.0009135280582444408,
      0.0012034431603621322
    ],
    [
      0.0009093171050277109,
      1.1609273756858558e-10,
      5.325314506582308e-07,
      0.9863280046168921,
      8.483754512419432e-09,
      0.012762137146782496
    ],
    [
      2.96611698542736e-11,
      3.2812514105341676e-05,
      0.8880318889479741,
      1.7898801029152244e-06,
      1.8740315301235624e-10,
      0.11193350844075332
    ],
    [
      0.018597002583936144,
      0.045591452260236406,
      4.156141509022712e-05,
      1.178153168393078e-05,
      0.9357576182805489,
      5.839285042620475e-07
    ],
    [
      0.8803607248944301,
      0.0004963200084278026,
      4.054925446056762e-05,
      0.028134078056429486,
      0.09079801440293524,
      0.00017031338331688974
    ],
    [
      0.84320904906379,
      4.531731407310804e-05,
      2.317544216443388e-05,
      0.1444857680765912,
      0.011610792349250798,
      0.0006258977541306534
    ],
    [
      0.001014023855066953,
      9.300261692212067e-06,
      0.007107660069286667,
      0.413808855213649,
      4.7936600002005885e-06,
      0.578055366940305
    ],
    [
      0.0009370958835156798,
      1.7897378854202482e-08,
      4.982703746792199e-05,
      0.8915341337395197,
      1.2283172490544805e-07,
      0.10747880261039307
    ],
    [
      0.12540796980834326,
      7.875884546261636e-07,
      1.827870854679082e-05,
      0.8672940516586058,
      9.75582300804028e-05,
      0.007181354005969019
    ],
    [
      0.0026652360972959565,
      8.416522144616866e-08,
      8.190878298749568e-05,
      0.9094341574392222,
      7.38991846360129e-07,
      0.08781787452342656
    ],
    [
      0.0002710908367161894,
      3.4749425351047252e-06,
      0.006625163043322345,
      0.2858974113965174,
      9.672138479219068e-07,
      0.7072018925670609
    ],
    [
      0.28725688113315284,
      1.3660184168232852e-09,
      1.955073883408485e-08,
      0.7125935403441435,
      9.002261020335892e-06,
      0.00014055534492602486
    ],
    [
      1.5525352464522429e-06,
      0.8388711536704764,
      0.158846175150534,
      5.435683511063457e-07,
      0.002159859447619012,
      0.00012071562777290424
    ],
    [
      7.630273136991868e-07,
      0.13140909793495145,
      0.8630186584209719,
      8.854226285374365e-06,
      0.00011049234915924939,
      0.005452134041318236
    ],
    [
      2.7027033432457988e-05,
      0.007561541699383123,
      9.039481369011602e-10,
      2.8914898955021155e-12,
      0.9924114303603179,
      2.7205216186232025e-14
    ],
    [
      0.9014805096333193,
      2.363059080172569e-10,
      1.9101481620408426e-10,
      0.09848994456967933,
      2.824108905064715e-05,
      1.304280630116498e-06
    ],
    [
      7.876288514612307e-05,
      0.006423277003799386,
      0.6153711870452169,
      0.007759791766108444,
      7.94961405376681e-05,
      0.3702874851591915
    ],
    [
      6.035622450457163e-08,
      0.9902246550805573,
      0.00031542688256855746,
      4.2679383716973195e-11,
      0.009459854706524742,
      2.931445522264634e-09
    ],
    [
      0.08967033309103653,
      4.2418414834459613e-07,
      1.4569203800617931e-05,
      0.9025190026748511,
      5.038328565689743e-05,
      0.007745287560506582
    ],
    [
      0.9780384026156226,
      1.358835250419345e-09,
      2.0173499046497359e-10,
      0.021806642789476135,
      0.00015464571500929336,
      3.073193218710404e-07
    ],
    [
      4.5467085900582486e-08,
      0.9934777944783503,
      0.0006212544427025121,
      6.497262014177983e-11,
      0.005900898610669894,
      6.936218829868936e-09
    ],
    [
      0.009700097837447156,
      0.43176129003648317,
      0.005391563558211061,
      0.00010764450206279753,
      0.5529684968942483,
      7.090717154747266e-05
    ],
    [
      0.07641664153870059,
      2.4343299803803657e-06,
      8.516554011714749e-05,
      0.9034825257177659,
      0.00010619406647027268,
      0.01990703880696572
    ],
    [
      0.004990112774107688,
      4.1095502922016355e-07,
      0.00019706176769047348,
      0.8940632955682862,
      3.084664053154818e-06,
      0.1007460342708332
    ],
    [
      0.14555421170927646,
      0.004039959226701992,
      3.7190245220977947e-06,
      6.665034021613721e-05,
      0.8503350906520792,
      3.690472038889109e-07
    ],
    [
      6.833720668677798e-08,
      0.005606509408879894,
      0.9573667663582671,
      2.0237705255194108e-05,
      1.4355543284011902e-06,
      0.0370049826360626
    ],
    [
      0.9338211195246235,
      2.802521762421026e-05,
      2.99538595572849e-07,
      0.0030653227950978488,
      0.06308345220627308,
      1.7807177857388867e-06
    ],
    [
      0.27385174866288226,
      6.617470667415678e-07,
      6.362644140155505e-06,
      0.7234021103950881,
      0.00020633277597185322,
      0.0025327837748511544
    ],
    [
      0.0005533950222298965,
      0.7365773728612057,
      0.0034232667674819004,
      2.9129095344285806e-06,
      0.25943652121206584,
      6.531227482255587e-06
    ],
    [
      0.8732253092875322,
      0.00040203697664273526,
      1.7081397699299536e-05,
      0.014189557726314753,
      0.11210789248517888,
      5.812212663197621e-05
    ],
    [
      0.9701767966379512,
      2.0422413160530416e-07,
      2.7031383847291056e-08,
      0.02801803417586332,
      0.0018005440160029982,
      4.393914667159045e-06
    ],
    [
      0.07944973858239707,
      5.297135479601805e-09,
      2.8606288995982513e-07,
      0.9193499779723912,
      4.647638230357123e-06,
      0.0011953444469559413
    ],
    [
      6.99917119875077e-07,
      0.8726538992693741,
      0.12562672199816075,
      1.9769004265802555e-07,
      0.0016599450485452775,
      5.853607675718411e-05
    ],
    [
      1.0616856712189893e-08,
      4.420542834161157e-08,
      0.011914883851828395,
      0.0025773799272755388,
      5.5357967157235595e-11,
      0.9855076813432531
    ],
    [
      3.766022456963742e-10,
      1.6465305033293955e-06,
      0.24628042406131936,
      8.47150803774692e-05,
      7.33325691417801e-11,
      0.7536332138778652
    ],
    [
      1.4462059498062073e-05,
      0.9541324895979025,
      0.02763817037978998,
      6.481855026040854e-07,
      0.018191982170264406,
      2.2247607042548196e-05
    ],
    [
      1.8785193711383353e-06,
      1.8918514898777955e-08,
      0.00143741208663197,
      0.08082931166764888,
      1.0053765011544379e-09,
      0.9177313778024565
    ],
    [
      0.39667682197888793,
      2.1806457774239017e-07,
      1.352661359262149e-06,
      0.6023003832126071,
      0.00018162892645468977,
      0.0008395951561131024
    ],
    [
      0.8323341873897668,
      4.898192367280027e-06,
      3.385027902331903e-06,
      0.16395172185243795,
      0.0034310938643114506,
      0.0002747136732141313
    ],
    [
      0.00014463119690517163,
      1.051629965352705e-13,
      4.398583024086387e-09,
      0.997111481516969,
      3.889826966410082e-11,
      0.0027438828485395906
    ],
    [
      0.006067904835359847,
      9.933877721894395e-07,
      0.0003638978524219245,
      0.8715787878372813,
      5.939407278909708e-06,
      0.12198247667988597
    ],
    [
      1.5581213748890085e-10,
      0.00281689400959715,
      0.9920836939016506,
      1.4353344960388931e-07,
      3.0652207364178506e-08,
      0.0050992377472832695
    ],
    [
      0.8743978312540918,
      5.506001214320492e-06,
      2.6702191468440176e-06,
      0.12099635296344857,
      0.004418661455108093,
      0.0001789781069900397
    ],
    [
      0.01820735416616404,
      0.003212749225853911,
      1.8790549615984945e-07,
      5.895385499644397e-07,
      0.9785791167974836,
      2.366452554099525e-09
    ],
    [
      0.00319507121146308,
      0.0005035057577249177,
      6.931293568203436e-10,
      2.314627830961841e-09,
      0.9963014200214014,
      1.653683589974325e-12
    ],
    [
      9.110935434883375e-05,
      0.8899658554826472,
      0.004616997353269995,
      6.219784038740208e-07,
      0.1053215256746965,
      3.8901566337681845e-06
    ],
    [
      0.7098107386036948,
      7.581405916585206e-06,
      1.0191428257529373e-05,
      0.286483705660033,
      0.0028230247356464825,
      0.000864758166451572
    ],
    [
      1.364087356355224e-07,
      3.453705027187952e-09,
      0.0011542741348301898,
      0.02812295802333827,
      5.550536257084581e-11,
      0.9707226279238856
    ],
    [
      1.37250246722257e-07,
      0.02662995126330246,
      0.9608010114907433,
      8.998976872435383e-06,
      9.235751732796061e-06,
      0.01255066526710229
    ],
    [
      0.00029992522072400254,
      1.0268962158505742e-05,
      0.01310951279446496,
      0.22688626497506117,
      2.080692062657215e-06,
      0.7596919473555289
    ],
    [
      1.326752310991231e-09,
      1.9197403134644735e-06,
      0.19439051146010713,
      0.0001852174758058172,
      1.8358836970761118e-10,
      0.8054223498134331
    ],
    [
      5.385391083413687e-10,
      0.001534641469392108,
      0.983611237450328,
      7.918459384841862e-07,
      3.270782703954853e-08,
      0.014853295987975487
    ],
    [
      0.443285348399218,
      3.6523439068140206e-05,
      2.5167887817200306e-09,
      9.557095166328951e-06,
      0.5566685675875689,
      9.62189517330839e-10
    ],
    [
      9.669751567613482e-05,
      2.4692667172663686e-09,
      5.30959393795446e-05,
      0.7430313779706137,
      5.423136563086774e-09,
      0.25681882068192713
    ],
    [
      4.774397342529813e-09,
      0.06766556079941576,
      0.9311206516620156,
      1.626944873689524e-07,
      4.00673949702096e-06,
      0.0012096133301868022
    ],
    [
      2.1160150648572954e-09,
      0.9955033887495786,
      4.1017015777079245e-05,
      2.4297707480638185e-13,
      0.004455592083636824,
      3.474957556625414e-11
    ],
    [
      0.12239386875555883,
      2.2397645211348866e-05,
      0.000404122191902083,
      0.8440238864318091,
      0.0005416636955287368,
      0.032614061279989996
    ],
    [
      2.8855164805622373e-05,
      0.616601660119924,
      4.452630655214503e-05,
      2.770279893562596e-09,
      0.3833249518528327,
      3.7856058236734575e-09
    ],
    [
      1.0646716588267212e-09,
      0.00015504402897736566,
      0.8705477309546864,
      1.1255544962628267e-05,
      5.442052510281725e-09,
      0.12928596296464934
    ],
    [
      1.9883533736599503e-10,
      0.00011679918100804142,
      0.9138185226694485,
      3.2626168684735487e-06,
      1.6897104769283173e-09,
      0.08606141364412923
    ],
    [
      7.86325385187368e-05,
      0.6120670556375928,
      0.00012611875762313194,
      2.021444748408912e-08,
      0.3877281459837183,
      2.6868099551669268e-08
    ],
    [
      4.4222777202743985e-09,
      0.5655134225641033,
      0.4343856082854746,
      9.59599954817372e-09,
      4.2992388577142486e-05,
      5.7962743567783014e-05
    ],
    [
      0.012688350104356092,
      0.0004691451833759459,
      2.7111456829046917e-09,
      3.519335536511045e-08,
      0.9868424667843527,
      2.3414282781937135e-11
    ],
    [
      0.562770050496509,
      6.192023616249534e-06,
      1.5747493772921683e-05,
      0.43377479450333223,
      0.001668145095813021,
      0.0017650703869566912
    ],
    [
      5.629301840540361e-06,
      7.299561942793148e-08,
      0.002327178984507955,
      0.10256310689649224,
      5.1751379942903645e-09,
      0.8951040066464019
    ],
    [
      0.8617320216843208,
      5.61881991138014e-06,
      2.2098074691806043e-09,
      8.948230871422914e-05,
      0.13817286932994569,
      5.6473002354585005e-09
    ],
    [
      5.982355460511867e-08,
      0.01079036054580563,
      0.9693672992020907,
      9.813855883074092e-06,
      2.501007348871905e-06,
      0.019829965565317128
    ],
    [
      4.339170621481325e-05,
      1.394168879957519e-06,
      0.007449232792770072,
      0.13895775238921187,
      1.4615544350100222e-07,
      0.85354808278748
    ],
    [
      0.02682913503411707,
      0.00010216093157647546,
      3.0011597790316526e-10,
      3.1682134017899866e-08,
      0.9730686720469391,
      5.117581588278128e-12
    ],
    [
      0.005036281319956556,
      2.4422816322549676e-11,
      2.6438159143174796e-08,
      0.9936036571883727,
      1.968243054733033e-08,
      0.0013600153466584695
    ],
    [
      4.221035424912158e-10,
      0.9832217581672854,
      0.0166738861083831,
      2.4057326058897948e-11,
      0.00010424509692566236,
      1.1018124527600161e-07
    ],
    [
      1.4811968348166279e-08,
      1.7515645841763168e-10,
      0.00036367304842670065,
      0.018295721775505064,
      1.7302532070391552e-12,
      0.9813405901872131
    ],
    [
      1.0642396992542587e-07,
      1.2916417875463344e-08,
      0.002808763570840864,
      0.01597038415634023,
      1.1301086434107076e-10,
      0.9812207328194203
    ],
    [
      9.643821288380725e-06,
      1.0333693971942331e-05,
      0.042137810423921084,
      0.030529598277406325,
      1.9892462893396978e-07,
      0.9273124148587834
    ],
    [
      0.03655982992819639,
      5.235004533778544e-09,
      6.013756809155521e-07,
      0.9608937968808913,
      2.1421438181050983e-06,
      0.0025436244364084506
    ],
    [
      5.673103197031114e-11,
      0.8126457531183344,
      0.18734291654760155,
      5.1839000474756736e-11,
      9.480326504994176e-06,
      1.8498989889836863e-06
    ],
    [
      3.7818878722497123e-07,
      0.0003481125649430062,
      0.5662170912080403,
      0.0007826211326747539,
      3.103745823944942e-07,
      0.43265148653097224
    ],
    [
      0.9917405397850769,
      1.236414297725941e-07,
      3.0472839096878424e-09,
      0.005032284381563699,
      0.003226760479460535,
      2.8866518552590344e-07
    ],
    [
      7.252650267015828e-08,
      2.8069780566846377e-05,
      0.2809939391786907,
      0.000883768029104494,
      1.6321546762274592e-08,
      0.7180941341635888
    ],
    [
      7.741469717080263e-05,
      2.367491502170351e-05,
      0.03626749402592309,
      0.08292160253383395,
      1.4050960676889168e-06,
      0.8807084087319826
    ],
    [
      1.8157860126881167e-07,
      6.608007348717006e-10,
      0.000377609044597536,
      0.05571459449406144,
      2.2491604963620274e-11,
      0.9439076141994475
    ],
    [
      5.240701912003476e-11,
      0.004133326278833278,
      0.9936074650752746,
      3.6624022862854985e-08,
      2.5128664710736034e-08,
      0.0022591468407974166
    ],
    [
      6.313862062575724e-06,
      3.125234916716854e-05,
      0.09171337945913852,
      0.016065768083768577,
      3.180150576604517e-07,
      0.8921829682308053
    ],
    [
      9.750442063997262e-05,
      0.9203006003147597,
      0.014268838307144538,
      2.0088799018653634e-06,
      0.06531092423241726,
      2.012384513652496e-05
    ],
    [
      1.625925069748845e-09,
      6.299629626425361e-08,
      0.025711242824275556,
      0.0007092879643920846,
      2.0214513524154328e-11,
      0.9735794045688967
    ],
    [
      0.7395986176855219,
      3.969054596341792e-06,
      2.5287792656863173e-10,
      1.2013093411632953e-05,
      0.2603853996073498,
      3.062427728799463e-10
    ],
    [
      0.0001270554386870664,
      1.3922914023497149e-09,
      2.6856463416592784e-05,
      0.8212050089439612,
      5.005711673323882e-09,
      0.17864107275593186
    ],
    [
      1.0396689957708868e-07,
      8.232506598322688e-09,
      0.0021443991888332654,
      0.01813885770066712,
      8.244233309896934e-11,
      0.9797166308286511
    ],
    [
      4.0136569525471885e-07,
      0.029869236620311806,
      0.9522513938473887,
      2.1617832054150446e-05,
      1.81104911868806e-05,
      0.017839239843363195
    ],
    [
      0.8405849776265139,
      0.000987239391049208,
      6.728645029401279e-05,
      0.02362351346620774,
      0.13454796735989463,
      0.00018901570604053434
    ],
    [
      3.708186968945166e-09,
      1.9690273239515634e-07,
      0.039975366457360446,
      0.000817366775607317,
      7.515434334050631e-11,
      0.9592070660809586
    ],
    [
      1.1629284879222424e-07,
      0.12727471698554985,
      0.8701797651259467,
      1.6135545869978951e-06,
      4.008373281860827e-05,
      0.002503704308248937
    ],
    [
      0.00634574080284905,
      0.031354047592971675,
      5.846472308414936e-06,
      8.511184794072974e-07,
      0.9622934846903416,
      2.9323049878763787e-08
    ],
    [
      0.01058456128706333,
      1.2408511735032443e-08,
      4.229551839346508e-06,
      0.9776353646089396,
      1.0046359628701873e-06,
      0.011774827507683223
    ],
    [
      0.9736875849610709,
      2.0617468528407944e-08,
      1.0983108138952813e-12,
      8.730133929594685e-06,
      0.026303664272797518,
      1.3635283523609622e-11
    ],
    [
      0.08584376362590809,
      7.145131081758205e-06,
      0.000203418281790087,
      0.8852468291022936,
      0.00020887304015060928,
      0.028489970818775936
    ],
    [
      0.00017461362525433445,
      0.8359264121126391,
      0.003436664058702615,
      8.933354899291645e-07,
      0.16045786546088564,
      3.551407028258554e-06
    ],
    [
      2.8959370455343487e-06,
      1.944033542409122e-10,
      6.012143534569192e-05,
      0.35448181711376126,
      7.115210359632677e-11,
      0.6454551652482923
    ],
    [
      0.00015567278350548378,
      0.855131142879618,
      0.11592938523434147,
      2.7599793685147835e-05,
      0.02819892404757267,
      0.0005572752612771212
    ],
    [
      7.080295975183873e-07,
      0.013941705850376913,
      0.9416329700190473,
      7.377873114163665e-05,
      1.174826920529992e-05,
      0.04433908910063158
    ],
    [
      1.8129068818560118e-06,
      6.698897535347121e-09,
      0.0007541459408499818,
      0.10772213189976046,
      4.960877393900178e-10,
      0.8915219020575224
    ],
    [
      1.4857938777772583e-08,
      1.2435363649165679e-08,
      0.004973008222873959,
      0.004768744058483347,
      2.96635853739016e-11,
      0.9902582203956768
    ],
    [
      8.934455600786062e-06,
      0.702253360931066,
      0.2936271388641742,
      6.035028967929747e-06,
      0.003362944047070704,
      0.0007415866731202994
    ],
    [
      0.9648557124956657,
      4.209967150698399e-08,
      2.477269835204273e-12,
      1.0097063288105784e-05,
      0.03513414831540227,
      2.3495286585658394e-11
    ],
    [
      6.698978191093172e-07,
      2.5620123992687004e-10,
      0.00013241844488552304,
      0.15695586730374328,
      2.9573835339124824e-11,
      0.8429110440677771
    ],
    [
      1.846635979681179e-05,
      0.8273706173895036,
      0.0002584500454785943,
      8.239773965997467e-09,
      0.17235242688115274,
      3.10842941101233e-08
    ],
    [
      0.00018298961560183136,
      0.07212610825664258,
      0.8288728574002757,
      0.0023750353619577825,
      0.001095803214688196,
      0.09534720615083375
    ],
    [
      0.9325820655163746,
      2.1443071015379745e-06,
      1.566551281195705e-09,
      0.00016758646167883533,
      0.06724819378586358,
      8.362430227555901e-09
    ],
    [
      0.9606262672880984,
      5.996835249302084e-07,
      3.896465073908557e-10,
      0.0001391088920177994,
      0.03923402026930701,
      3.477405535494167e-09
    ],
    [
      7.424335612240797e-08,
      0.9671753795935463,
      2.8736122178056366e-05,
      4.686258998478928e-12,
      0.03279580993634238,
      9.989074954979709e-11
    ],
    [
      0.11960127045500527,
      0.0010744543428809323,
      2.008081891379576e-07,
      1.0038801095447954e-05,
      0.879314019878184,
      1.5714645134149417e-08
    ],
    [
      2.0715914987209397e-08,
      0.995879843161092,
      0.0017165469186135932,
      8.753853828938477e-11,
      0.0024035675078303187,
      2.1609010762569646e-08
    ],
    [
      0.00025028969331138183,
      0.03643469549986788,
      2.421057523946757e-07,
      1.4832120045598163e-09,
      0.9633147711571514,
      6.070505109740805e-11
    ],
    [
      0.4627264133414141,
      0.0005164453240830839,
      5.565773579704926e-07,
      0.00019549594106260473,
      0.5365608484270432,
      2.4038903899802626e-07
    ],
    [
      0.08248703069816746,
      0.006446934031539985,
      4.438257603227283e-06,
      3.0416700829008645e-05,
      0.9110309345497313,
      2.457621290095633e-07
    ],
    [
      1.377730560714212e-09,
      0.9877561791596227,
      0.012016633895832093,
      5.1394121550925194e-11,
      0.0002270715718135132,
      1.1394360730552703e-07
    ],
    [
      0.0014594187911472483,
      0.35907646003529914,
      0.00036011130570201094,
      1.43636307316533e-06,
      0.63910186253891,
      7.109658683348922e-07
    ],
    [
      0.0017520854078487407,
      0.00019694941617594066,
      0.04467956060884645,
      0.25242425314236067,
      4.954488109432646e-05,
      0.7008976065436738
    ],
    [
      1.9977022743374765e-07,
      0.6360430599243465,
      0.36336372963760805,
      2.43906345398879e-07,
      0.00038144132992810436,
      0.00021132543154476412
    ],
    [
      0.0007945771805778392,
      0.0228954693390708,
      3.238108585428947e-07,
      8.956365664724564e-09,
      0.9763096204810828,
      2.3204418847390268e-10
    ],
    [
      0.4720487917088951,
      0.0025189709249927913,
      1.4013257045342486e-05,
      0.0011786194419849685,
      0.5242331210413876,
      6.483625694211653e-06
    ],
    [
      0.1544412007538254,
      1.466280424331782e-10,
      5.1700712965766945e-09,
      0.8454442023934499,
      1.4456092545359924e-06,
      0.00011314592677096452
    ],
    [
      8.893103405539083e-11,
      0.09866522924560005,
      0.901188514387169,
      2.7725284126117114e-09,
      7.360906675144701e-07,
      0.0001455174151039139
    ],
    [
      5.381810537414873e-06,
      0.7991223120015131,
      4.660098814145755e-05,
      4.810608152386747e-10,
      0.20082570317327794,
      1.5454691691620494e-09
    ],
    [
      8.126544059068774e-07,
      0.0006131234641635962,
      0.6010368181078388,
      0.0009929182042692746,
      7.744212714341878e-07,
      0.397355553148051
    ],
    [
      0.21630057759887217,
      0.0021597351774330855,
      1.9490766109747403e-06,
      8.994343056227972e-05,
      0.7814474956284448,
      2.990880764588336e-07
    ],
    [
      0.006726161541954735,
      0.0911372019010602,
      5.959587881479671e-05,
      3.459714276144671e-06,
      0.9020732391461167,
      3.4181777721694135e-07
    ],
    [
      0.0011314176483946281,
      2.322704718957001e-05,
      0.012824030763264984,
      0.35294274215065574,
      9.210422544778628e-06,
      0.6330693719679505
    ],
    [
      0.9735229276295645,
      1.1241996345066897e-07,
      3.190083366042688e-11,
      5.377672442572455e-05,
      0.026423182787706178,
      4.0643949714110865e-10
    ],
    [
      6.146549768651628e-09,
      3.0512252520061822e-05,
      0.48919161948038165,
      0.0001458960205776956,
      3.743904560978201e-09,
      0.5106319623560662
    ],
    [
      0.000568359847443894,
      0.01684419658628625,
      1.2087381084816625e-07,
      3.2325916205547595e-09,
      0.9825873193971085,
      6.27589023804407e-11
    ],
    [
      0.9521014025714163,
      7.802540387394965e-07,
