{
  "dataset": "circles",
  "algorithm": "gmm",
  "params": {
    "n_components": 3,
    "covariance_type": "spherical"
  },
  "labels": [
    0,
    0,
    0,
    1,
    0,
    1,
    0,
    0,
    0,
    1,
    2,
    1,
    1,
    0,
    0,
    1,
    2,
    2,
    0,
    1,
    2,
    2,
    2,
    0,
    0,
    2,
    2,
    2,
    0,
    0,
    2,
    0,
    1,
    1,
    2,
    0,
    1,
    0,
    1,
    0,
    1,
    0,
    2,
    1,
    2,
    0,
    2,
    2,
    1,
    2,
    0,
    1,
    0,
    1,
    1,
    0,
    1,
    2,
    1,
    0,
    2,
    2,
    0,
    2,
    0,
    2,
    1,
    0,
    2,
    1,
    0,
    0,
    2,
    0,
    0,
    0,
    2,
    0,
    1,
    2,
    1,
    0,
    2,
    1,
    0,
    0,
    1,
    1,
    0,
    0,
    0,
    2,
    0,
    0,
    1,
    0,
    0,
    0,
    1,
    2,
    2,
    1,
    2,
    0,
    0,
    0,
    0,
    2,
    0,
    1,
    1,
    1,
    0,
    2,
    2,
    2,
    2,
    2,
    0,
    2,
    2,
    1,
    0,
    1,
    2,
    2,
    1,
    1,
    1,
    0,
    2,
    0,
    2,
    2,
    0,
    0,
    1,
    2,
    2,
    2,
    0,
    1,
    2,
    0,
    2,
    2,
    2,
    2,
    2,
    1,
    2,
    0,
    2,
    2,
    2,
    0,
    2,
    2,
    1,
    0,
    0,
    0,
    1,
    2,
    1,
    2,
    2,
    2,
    1,
    0,
    2,
    1,
    2,
    0,
    0,
    1,
    0,
    1,
    1,
    0,
    1,
    1,
    1,
    2,
    1,
    1,
    0,
    0,
    2,
    1,
    2,
    0,
    1,
    2,
    0,
    2,
    1,
    0,
    1,
    0,
    1,
    0,
    2,
    1,
    1,
    1,
    2,
    0,
    2,
    0,
    2,
    0,
    0,
    0,
    2,
    0,
    1,
    2,
    0,
    2,
    1,
    2,
    2,
    1,
    1,
    0,
    2,
    1,
    2,
    0,
    0,
    0,
    1,
    2,
    0,
    0,
    0,
    1,
    1,
    1,
    1,
    1,
    1,
    2,
    1,
    0,
    0,
    2,
    0,
    1,
    2,
    2,
    2,
    1,
    2,
    1,
    1,
    1,
    1,
    1,
    2,
    0,
    0,
    0,
    1,
    2,
    1,
    0,
    1,
    0,
    1,
    1,
    2,
    2,
    0,
    0,
    1,
    1,
    2,
    0,
    0,
    2,
    1,
    2,
    0,
    1,
    0,
    1,
    1,
    0,
    0,
    0,
    1,
    0,
    0,
    1,
    0,
    1,
    2,
    2,
    1,
    2,
    0,
    1,
    1,
    1,
    2,
    2,
    0,
    0,
    0,
    2,
    1,
    1,
    0,
    2,
    1,
    0,
    0,
    0,
    1,
    1,
    2,
    1,
    0,
    2,
    0,
    2,
    1,
    1,
    1,
    2,
    2,
    2,
    1,
    1,
    1,
    0,
    2,
    0,
    0,
    2,
    2,
    0,
    1,
    2,
    2,
    1,
    1,
    2,
    2,
    1,
    2,
    2,
    1,
    0,
    2,
    1,
    2,
    1,
    0,
    2,
    2,
    0,
    0,
    2,
    2,
    0,
    1,
    1,
    2,
    1,
    2,
    2,
    2,
    1,
    1,
    1,
    0,
    1,
    1,
    2,
    2,
    0,
    1,
    0,
    0,
    2,
    1,
    2,
    0,
    2,
    1,
    2,
    2,
    1,
    1,
    0,
    2,
    1,
    2,
    2,
    1,
    2,
    2,
    2,
    0,
    0,
    2,
    1,
    1,
    0,
    2,
    1,
    1,
    0,
    2,
    0,
    0,
    1,
    2,
    1,
    2,
    0,
    1,
    0,
    1,
    2,
    2,
    1,
    0,
    0,
    0,
    2,
    0,
    0,
    2,
    2,
    2,
    0,
    0,
    1,
    2,
    1,
    0,
    2,
    1,
    0,
    2,
    0,
    2,
    0,
    0,
    0,
    2,
    1,
    1,
    1,
    2,
    1,
    1,
    0,
    0,
    0,
    2,
    2,
    2,
    0,
    1,
    1,
    2,
    1,
    1,
    1,
    0,
    1,
    0,
    2,
    0,
    1,
    0,
    1,
    0,
    0,
    0,
    0,
    1,
    0,
    1,
    2,
    0,
    2,
    2,
    1,
    0,
    0,
    2,
    0,
    1,
    0
  ],
  "means": [
    {
      "x": -0.3471860995288489,
      "y": 0.4944328619631815
    },
    {
      "x": -0.2508519775382358,
      "y": -0.5692449858708073
    },
    {
      "x": 0.6386463458401228,
      "y": 0.048300785775520196
    }
  ],
  "probabilities": [
    [
      0.9171037590819668,
      0.07506661329419002,
      0.007829627623843075
    ],
    [
      0.9763704277890322,
      0.00046083451888331443,
      0.02316873769208463
    ],
    [
      0.6596603644040775,
      0.3273680785472349,
      0.012971557048687578
    ],
    [
      0.026263608009518935,
      0.9722111067108432,
      0.0015252852796377987
    ],
    [
      0.9961608254399121,
      0.0033272290733238593,
      0.0005119454867641935
    ],
    [
      0.16882937986866006,
      0.8215995709230153,
      0.009571049208324675
    ],
    [
      0.7385986457517518,
      0.24978178572415827,
      0.01161956852408994
    ],
    [
      0.8626859969653909,
      0.1365894580067837,
      0.0007245450278250528
    ],
    [
      0.9854406872949947,
      0.0009823359923404093,
      0.013576976712664944
    ],
    [
      0.010495447458681594,
      0.8924020008090127,
      0.09710255173230575
    ],
    [
      0.005441928355444402,
      0.0010961928533063476,
      0.9934618787912494
    ],
    [
      0.0008891578488435122,
      0.9524927116271312,
      0.0466181305240252
    ],
    [
      0.03981440933115918,
      0.9415906904134017,
      0.018594900255439067
    ],
    [
      0.9969451629500727,
      0.0019489951038734964,
      0.0011058419460539825
    ],
    [
      0.6619908974607353,
      0.3060864023925889,
      0.031922700146676065
    ],
    [
      0.2723191338124596,
      0.7157243047733157,
      0.011956561414224671
    ],
    [
      0.022545641989375847,
      0.045914087157766084,
      0.9315402708528578
    ],
    [
      0.10829653879902285,
      0.0004244730480365553,
      0.8912789881529407
    ],
    [
      0.634973343125952,
      0.029799908335706792,
      0.3352267485383412
    ],
    [
      0.08478951896832218,
      0.8796376242320912,
      0.03557285679958657
    ],
    [
      0.02294742125315039,
      0.08000899648527456,
      0.897043582261575
    ],
    [
      0.013191172567726082,
      0.023641975574425135,
      0.9631668518578488
    ],
    [
      0.4169411569250507,
      0.015258804519102305,
      0.567800038555847
    ],
    [
      0.9343633128526275,
      0.048525839877625376,
      0.017110847269747122
    ],
    [
      0.9929215362346457,
      0.0018355003455632264,
      0.00524296341979125
    ],
    [
      0.0820261686774232,
      0.23757627079164245,
      0.6803975605309341
    ],
    [
      0.0478270328072801,
      0.10256158228730847,
      0.8496113849054113
    ],
    [
      0.002394142007795403,
      0.4900680425502907,
      0.5075378154419139
    ],
    [
      0.998102369211231,
      0.0016343649931583302,
      0.00026326579561072557
    ],
    [
      0.9698552653629068,
      0.016836802108084588,
      0.013307932529008708
    ],
    [
      0.014293494118024079,
      0.2276843247442398,
      0.7580221811377362
    ],
    [
      0.9781686913849037,
      0.01454916355562789,
      0.007282145059468488
    ],
    [
      0.020401421031693408,
      0.7334126071269584,
      0.24618597184134833
    ],
    [
      0.0035600887022173427,
      0.9941963022313669,
      0.0022436090664157186
    ],
    [
      0.005637107895562594,
      0.0012524881279944913,
      0.9931104039764431
    ],
    [
      0.9316682557563383,
      0.04247072537155447,
      0.025861018872107382
    ],
    [
      0.0773360335979985,
      0.9181184808480203,
      0.004545485553981172
    ],
    [
      0.9782657177331305,
      0.00046186027417257166,
      0.021272421992697035
    ],
    [
      0.003626875244543136,
      0.6281843297514418,
      0.3681887950040151
    ],
    [
      0.9713614856312683,
      0.00025762370022090666,
      0.028380890668510874
    ],
    [
      0.23736995512154646,
      0.7457865743559665,
      0.016843470522487202
    ],
    [
      0.9969967807690776,
      0.0028143054410449757,
      0.00018891378987741263
    ],
    [
      0.04390263082451063,
      0.09938725771515347,
      0.8567101114603358
    ],
    [
      0.0006910853437608574,
      0.996532918302097,
      0.0027759963541423866
    ],
    [
      0.13058877059231272,
      0.0016057880649638957,
      0.8678054413427233
    ],
    [
      0.988528054584097,
      0.0005368821860872953,
      0.010935063229815653
    ],
    [
      0.002484966635850295,
      0.001162349156137827,
      0.9963526842080119
    ],
    [
      0.006994565237016583,
      0.0003091866310395771,
      0.9926962481319439
    ],
    [
      0.019489684722907286,
      0.974570402410289,
      0.005939912866803763
    ],
    [
      0.048762959079424295,
      0.0009415170873706266,
      0.9502955238332049
    ],
    [
      0.9987611962318227,
      0.0001942769745328597,
      0.0010445267936443601
    ],
    [
      0.003419773051837999,
      0.9940953040154792,
      0.002484922932682876
    ],
    [
      0.541109812074377,
      0.4583030535411944,
      0.000587134384428507
    ],
    [
      0.07188917993062514,
      0.9184049547301879,
      0.00970586533918699
    ],
    [
      0.0014108751655851827,
      0.9792383833271434,
      0.019350741507271268
    ],
    [
      0.9581479020685187,
      0.0001712947580923926,
      0.04168080317338869
    ],
    [
      0.06030010137410991,
      0.938962475944454,
      0.0007374226814361461
    ],
    [
      0.027737877643457715,
      0.0011551112040787566,
      0.9711070111524636
    ],
    [
      0.0020560235515857564,
      0.9047268769044595,
      0.09321709954395452
    ],
    [
      0.9988068383547982,
      0.00019602848438249774,
      0.000997133160819545
    ],
    [
      0.028454279056641787,
      0.08356067459128468,
      0.8879850463520733
    ],
    [
      0.09112832701292023,
      0.039836923361920226,
      0.8690347496251595
    ],
    [
      0.950230984458059,
      0.01175457792135195,
      0.038014437620588905
    ],
    [
      0.017219313052164596,
      0.23494102291857388,
      0.7478396640292614
    ],
    [
      0.9986015297657252,
      0.00041688146954165455,
      0.000981588764733149
    ],
    [
      0.3877503591946805,
      0.00046312734087656387,
      0.6117865134644429
    ],
    [
      0.019049195141645825,
      0.6551820221688026,
      0.3257687826895514
    ],
    [
      0.7829826807977043,
      0.0007065071508632386,
      0.21631081205143254
    ],
    [
      0.0007836335701003852,
      0.005209812971179386,
      0.9940065534587202
    ],
    [
      0.24093420265948284,
      0.7480311023099001,
      0.011034695030617284
    ],
    [
      0.8714765027638884,
      0.09784030590826405,
      0.03068319132784736
    ],
    [
      0.9270178695106697,
      0.03578559319838302,
      0.037196537290947296
    ],
    [
      0.23121843333438027,
      0.01306006742745627,
      0.7557214992381635
    ],
    [
      0.5062556702340899,
      0.002839884241954124,
      0.49090444552395596
    ],
    [
      0.895359661162097,
      0.008769653491874028,
      0.09587068534602902
    ],
    [
      0.5695223861372153,
      0.00471124523345393,
      0.4257663686293307
    ],
    [
      0.1632926124479563,
      0.00848511057793202,
      0.8282222769741118
    ],
    [
      0.9887946085226139,
      0.0008407714331396121,
      0.010364620044246514
    ],
    [
      0.01427900423900861,
      0.8358301520892184,
      0.14989084367177297
    ],
    [
      0.017001687807645702,
      0.39077791283910707,
      0.5922203993532471
    ],
    [
      0.03137220854643063,
      0.9685629070556214,
      6.488439794782245e-05
    ],
    [
      0.9982573310301516,
      0.000469481281272745,
      0.0012731876885758058
    ],
    [
      0.055166033882078,
      0.08100191296295296,
      0.8638320531549689
    ],
    [
      0.0026536962347153527,
      0.9936740083798238,
      0.003672295385460905
    ],
    [
      0.8896601439537318,
      0.007365805696826496,
      0.10297405034944175
    ],
    [
      0.9978689610836925,
      0.001112372222598065,
      0.0010186666937095756
    ],
    [
      0.0026585894049471924,
      0.9919911505080841,
      0.0053502600869687125
    ],
    [
      0.14722740762465897,
      0.8058767396907491,
      0.04689585268459192
    ],
    [
      0.8216303767464468,
      0.012992080106224371,
      0.16537754314732872
    ],
    [
      0.5689588469993923,
      0.007496983086535245,
      0.4235441699140725
    ],
    [
      0.572315427360596,
      0.4198082148991328,
      0.007876357740271097
    ],
    [
      0.008560307065040546,
      0.08468482775476427,
      0.9067548651801951
    ],
    [
      0.9423944408601178,
      0.05177366658189535,
      0.00583189255798691
    ],
    [
      0.9391366120072752,
      0.007733420207719771,
      0.053129967785005214
    ],
    [
      0.05249380259363703,
      0.9220455757368494,
      0.025460621669513645
    ],
    [
      0.8771278210741196,
      0.10099630932303706,
      0.02187586960284325
    ],
    [
      0.9887707534443041,
      0.006836463298532843,
      0.004392783257163127
    ],
    [
      0.9600150768380049,
      0.0016567141084288417,
      0.038328209053566265
    ],
    [
      0.011137590252631073,
      0.8622573958532811,
      0.1266050138940877
    ],
    [
      0.007107294874501611,
      0.0007230160472174854,
      0.9921696890782811
    ],
    [
      0.0015719585713205209,
      0.0014531095972222469,
      0.9969749318314575
    ],
    [
      0.02141600778549754,
      0.9178015176485631,
      0.060782474565939416
    ],
    [
      0.05124514463440152,
      0.001077744888354043,
      0.9476771104772445
    ],
    [
      0.9653316961285351,
      0.005121139523961183,
      0.029547164347504
    ],
    [
      0.9601876048122372,
      0.01659071122066906,
      0.023221683967093818
    ],
    [
      0.8812269631229477,
      7.811510866253331e-05,
      0.11869492176838962
    ],
    [
      0.5464540862743731,
      0.00955999192721961,
      0.44398592179840735
    ],
    [
      0.0019118415946847084,
      0.07252883687656296,
      0.9255593215287524
    ],
    [
      0.961657471363613,
      0.017969480249503483,
      0.020373048386883627
    ],
    [
      0.3554084437223322,
      0.6423727325490025,
      0.0022188237286655172
    ],
    [
      0.2922910999057318,
      0.7074251249469242,
      0.00028377514734380204
    ],
    [
      0.03018492335475643,
      0.9446108536108435,
      0.02520422303440004
    ],
    [
      0.9458689697182137,
      0.018052266126633933,
      0.0360787641551524
    ],
    [
      0.02441827449844298,
      0.00048173713830469624,
      0.9750999883632524
    ],
    [
      0.011240135234880141,
      0.19357937337233047,
      0.7951804913927893
    ],
    [
      0.14824013752089796,
      0.011487991896545383,
      0.8402718705825567
    ],
    [
      0.0023492559885611233,
      0.001736123580414995,
      0.995914620431024
    ],
    [
      0.002375681407416208,
      0.047946588442270316,
      0.9496777301503138
    ],
    [
      0.8783687685414554,
      0.12093699102702185,
      0.000694240431522935
    ],
    [
      0.30628167156648395,
      0.0012126191138207025,
      0.6925057093196956
    ],
    [
      0.005020083456138083,
      0.3426025810249768,
      0.6523773355188851
    ],
    [
      0.0008403405293219776,
      0.9981941477926581,
      0.0009655116780200156
    ],
    [
      0.7787687472688248,
      0.025011740480550625,
      0.19621951225062442
    ],
    [
      0.014847554258583126,
      0.9830376626590243,
      0.0021147830823925865
    ],
    [
      0.002188972525154045,
      0.011963288127848092,
      0.985847739346998
    ],
    [
      0.001406864574316377,
      0.010513994440947689,
      0.9880791409847359
    ],
    [
      0.02226811556748589,
      0.9736934085254675,
      0.004038475907046737
    ],
    [
      0.00362136939147681,
      0.7572924387661828,
      0.23908619184234045
    ],
    [
      0.4266879731443236,
      0.5727459487906577,
      0.0005660780650186643
    ],
    [
      0.936565071113687,
      0.016273954127312956,
      0.04716097475899991
    ],
    [
      0.06452707168179862,
      0.0018026168903205056,
      0.9336703114278808
    ],
    [
      0.9534712673142867,
      0.04570282011385743,
      0.0008259125718559425
    ],
    [
      0.008732804258464993,
      0.1229989128678336,
      0.8682682828737013
    ],
    [
      0.09420435264266697,
      0.005258939426926563,
      0.9005367079304064
    ],
    [
      0.5999033509218206,
      0.3997940885720439,
      0.00030256050613539315
    ],
    [
      0.9431478389905139,
      0.0003599868819503753,
      0.05649217412753559
    ],
    [
      0.0011597515357703754,
      0.9700052182259539,
      0.028835030238276
    ],
    [
      0.0160879379959333,
      0.00015711786108028658,
      0.9837549441429866
    ],
    [
      0.018872434990071695,
      0.0006784417500178266,
      0.9804491232599105
    ],
    [
      0.04362338491510785,
      0.007788533596350946,
      0.9485880814885411
    ],
    [
      0.934727355602623,
      0.001836337540061567,
      0.06343630685731531
    ],
    [
      0.000999439522087543,
      0.8871495471522673,
      0.11185101332564533
    ],
    [
      0.011439651046376063,
      0.019221081886445366,
      0.9693392670671785
    ],
    [
      0.9910395942689281,
      0.007175471470666221,
      0.0017849342604057594
    ],
    [
      0.007350998297208611,
      0.006382244471787994,
      0.9862667572310033
    ],
    [
      0.08333418290867974,
      0.01243102448203655,
      0.9042347926092837
    ],
    [
      0.03371774236297051,
      0.0003133028504933296,
      0.9659689547865361
    ],
    [
      0.0015542148436586284,
      0.09492327650974687,
      0.9035225086465943
    ],
    [
      0.0335147190933242,
      0.010310071430197907,
      0.9561752094764779
    ],
    [
      0.03453187787953926,
      0.9190029805032112,
      0.04646514161724971
    ],
    [
      0.0035221066875745985,
      0.0006333560362007233,
      0.9958445372762248
    ],
    [
      0.948598119130036,
      0.05107576145416854,
      0.00032611941579549855
    ],
    [
      0.3685493869512497,
      0.0011243153729486523,
      0.6303262976758016
    ],
    [
      0.019801181357811996,
      0.0005955188500213452,
      0.9796032997921666
    ],
    [
      0.014671106677772446,
      0.19717247576317679,
      0.7881564175590509
    ],
    [
      0.8423427180185152,
      0.12402130540732309,
      0.03363597657416174
    ],
    [
      0.004143707615418194,
      0.0009745936152609632,
      0.9948816987693209
    ],
    [
      0.010639549843054092,
      0.40853860769700984,
      0.5808218424599361
    ],
    [
      0.17633047053335602,
      0.8190220601123944,
      0.004647469354249593
    ],
    [
      0.8356149208191653,
      0.002772112649986991,
      0.16161296653084747
    ],
    [
      0.9924025154621635,
      0.007538029272552482,
      5.9455265284223854e-05
    ],
    [
      0.7900670935277839,
      0.017938516547691172,
      0.19199438992452494
    ],
    [
      0.03599600058155973,
      0.9412850038243225,
      0.022718995594117834
    ],
    [
      0.114344768354954,
      0.00033493494518062393,
      0.8853202966998651
    ],
    [
      0.0489288412407031,
      0.8032435271187717,
      0.14782763164052531
    ],
    [
      0.016259871714021337,
      0.12889562044019778,
      0.8548445078457808
    ],
    [
      0.05793026170333963,
      0.0008039153222749484,
      0.9412658229743853
    ],
    [
      0.009327680780381068,
      0.0005259306527475296,
      0.9901463885668714
    ],
    [
      0.025011271120925143,
      0.7427771204578486,
      0.23221160842122626
    ],
    [
      0.9902333661458946,
      0.009689003008207353,
      7.763084589786017e-05
    ],
    [
      0.06250830495743652,
      0.00028654624977709933,
      0.9372051487927865
    ],
    [
      0.014059638219051285,
      0.9811869767031683,
      0.004753385077780586
    ],
    [
      0.06888718592723456,
      0.2431666150257358,
      0.6879461990470295
    ],
    [
      0.9690175213691787,
      0.030155924004033552,
      0.0008265546267878307
    ],
    [
      0.9799502290853738,
      0.019511998585169048,
      0.0005377723294572208
    ],
    [
      0.0021722905798267494,
      0.9968847060305644,
      0.0009430033896088391
    ],
    [
      0.6213320700419508,
      0.3756936065693673,
      0.0029743233886820025
    ],
    [
      0.0024291840495597257,
      0.9883096659040843,
      0.009261150046356028
    ],
    [
      0.05104061352287958,
      0.9482991830876415,
      0.0006602033894786802
    ],
    [
      0.7971644456443143,
      0.19800038731423786,
      0.0048351670414477875
    ],
    [
      0.4808993487728211,
      0.5114248447093868,
      0.00767580651779225
    ],
    [
      0.0015136894188610673,
      0.9733443363536038,
      0.025141974227534995
    ],
    [
      0.07147611731170482,
      0.9172175166067117,
      0.011306366081583396
    ],
    [
      0.1939112987944654,
      0.031261095648756045,
      0.7748276055567784
    ],
    [
      0.00939240287673421,
      0.7533851177627733,
      0.23722247936049246
    ],
    [
      0.08694463235726443,
      0.9119896639593364,
      0.0010657036833991496
    ],
    [
      0.7342545718157142,
      0.251134276750933,
      0.014611151433352945
    ],
    [
      0.990396301734507,
      0.0004008370924917942,
      0.009202861173001162
    ],
    [
      0.0018949992359776225,
      0.4482732258287759,
      0.5498317749352463
    ],
    [
      0.0082878459295787,
      0.9899996968306132,
      0.0017124572398081934
    ],
    [
      0.014397088270985596,
      0.025444228246606124,
      0.9601586834824084
    ],
    [
      0.6511482004145337,
      0.34215075833107894,
      0.006701041254387375
    ],
    [
      0.1518059712999449,
      0.8388469606890463,
      0.009347068011008893
    ],
    [
      0.21452117494350675,
      0.016791392281307677,
      0.7686874327751855
    ],
    [
      0.9880056780516461,
      0.011773133853839116,
      0.00022118809451488505
    ],
    [
      0.0033472825536499866,
      0.005489730709652382,
      0.9911629867366976
    ],
    [
      0.08152876094960368,
      0.9177469110834905,
      0.0007243279669056583
    ],
    [
      0.981912156569182,
      0.010356305564319554,
      0.007731537866498401
    ],
    [
      0.06210743970169399,
      0.9369515346671264,
      0.0009410256311795063
    ],
    [
      0.6826502804181293,
      0.31075886790479407,
      0.006590851677076555
    ],
    [
      0.013559872433714383,
      0.6534362891307792,
      0.33300383843550624
    ],
    [
      0.9923358400481918,
      0.001511818637886485,
      0.006152341313921777
    ],
    [
      0.0017782377856369626,
      0.012746703653562069,
      0.985475058560801
    ],
    [
      0.018671225258875147,
      0.9805544040306474,
      0.000774370710477615
    ],
    [
      0.016333183827593297,
      0.9819609787815446,
      0.0017058373908619812
    ],
    [
      0.0011663649950795101,
      0.8939744614798206,
      0.10485917352509995
    ],
    [
      0.0008089517110753866,
      0.004986744831884373,
      0.9942043034570405
    ],
    [
      0.9764126640560994,
      0.009069480454893286,
      0.014517855489007317
    ],
    [
      0.02556053365690862,
      0.161505843980676,
      0.8129336223624154
    ],
    [
      0.8885278309979747,
      0.10472670547898998,
      0.006745463523035268
    ],
    [
      0.05892148505484493,
      0.027107376651174013,
      0.913971138293981
    ],
    [
      0.9363644072946214,
      0.06318465967482942,
      0.00045093303054900494
    ],
    [
      0.5489873697568706,
      0.032080157407396226,
      0.4189324728357333
    ],
    [
      0.693634185631054,
      0.016412947461875774,
      0.28995286690707034
    ],
    [
      0.008927608118928437,
      0.0036981979361644297,
      0.9873741939449072
    ],
    [
      0.7502786358068669,
      0.2253670488133503,
      0.02435431537978286
    ],
    [
      0.2271341979454622,
      0.7591249841698718,
      0.013740817884665886
    ],
    [
      0.0015252643845270557,
      0.038078226239098574,
      0.9603965093763746
    ],
    [
      0.9295264471628183,
      0.06019081844365614,
      0.010282734393525419
    ],
    [
      0.003680552772086083,
      0.07440352525811356,
      0.9219159219698004
    ],
    [
      0.33085801230345036,
      0.6598394963603622,
      0.009302491336187609
    ],
    [
      0.10087435735412852,
      0.005578594253260834,
      0.8935470483926106
    ],
    [
      0.14996167754223327,
      0.0001858376585818368,
      0.8498524847991848
    ],
    [
      0.0030304764101646013,
      0.9171204957161811,
      0.07984902787365411
    ],
    [
      0.13419699868164964,
      0.8648618287488599,
      0.000941172569490524
    ],
    [
      0.8301645175666289,
      0.16250816188308922,
      0.007327320550281951
    ],
    [
      0.003767129420779379,
      0.0038839186892085306,
      0.9923489518900122
    ],
    [
      0.04406335047359684,
      0.8706826327584443,
      0.08525401676795881
    ],
    [
      0.3981773369075916,
      0.008566190249787997,
      0.5932564728426204
    ],
    [
      0.9048459433450299,
      0.0010542088881875988,
      0.09409984776678239
    ],
    [
      0.9730001375182663,
      0.02656778822897231,
      0.00043207425276163834
    ],
    [
      0.9931634217173643,
      0.0050268768840015885,
      0.0018097013986341215
    ],
    [
      0.01888091239995911,
      0.8253376680125419,
      0.15578141958749891
    ],
    [
      0.012031763727774937,
      0.0009943635093975839,
      0.9869738727628274
    ],
    [
      0.7478828527696493,
      0.23531524118417976,
      0.016801906046171152
    ],
    [
      0.9537092765946891,
      0.039622243513667374,
      0.006668479891643645
    ],
    [
      0.9672127485792367,
      0.014030030426818415,
      0.018757220993944994
    ],
    [
      0.01855742598696633,
      0.9799504939622562,
      0.0014920800507775838
    ],
    [
      0.03928264510691838,
      0.959409121697966,
      0.001308233195115592
    ],
    [
      0.002792277457911299,
      0.9951781308957955,
      0.0020295916462932753
    ],
    [
      0.048889209947571,
      0.9475850144213658,
      0.0035257756310633124
    ],
    [
      0.0025086105180538608,
      0.9909343852857327,
      0.006557004196213417
    ],
    [
      0.01462120225493257,
      0.8668513784352705,
      0.11852741930979688
    ],
    [
      0.003380378346555145,
      0.0007679515435788615,
      0.9958516701098661
    ],
    [
      0.27724583949561116,
      0.7113657689707564,
      0.01138839153363242
    ],
    [
      0.9802209501303251,
      0.01577608542183012,
      0.004002964447844871
    ],
    [
      0.9981422110657912,
      0.0003639787025847177,
      0.0014938102316242351
    ],
    [
      0.45608185281310193,
      0.0003244843921449104,
      0.5435936627947533
    ],
    [
      0.8518847548061793,
      0.010453587298213366,
      0.13766165789560722
    ],
    [
      0.011734831350013063,
      0.986577386641336,
      0.0016877820086508859
    ],
    [
      0.02185844720019126,
      0.24578671557473836,
      0.7323548372250706
    ],
    [
      0.48894418116585114,
      0.007607614260856763,
      0.5034482045732922
    ],
    [
      0.015280672325593662,
      0.1677118985591904,
      0.817007429115216
    ],
    [
      0.0011154628880720942,
      0.9532920547367926,
      0.04559248237513512
    ],
    [
      0.40685290039502175,
      0.023751470221803232,
      0.5693956293831751
    ],
    [
      0.03486227977002509,
      0.9490166677617112,
      0.016121052468263786
    ],
    [
      0.037535837169622124,
      0.9620080798436067,
      0.0004560829867709745
    ],
    [
      0.22765842498587008,
      0.7701591538131873,
      0.002182421200942614
    ],
    [
      0.024591483081726668,
      0.9752655462366485,
      0.00014297068162494003
    ],
    [
      0.04000570293807315,
      0.6021307951569501,
      0.35786350190497673
    ],
    [
      0.4444307657371158,
      0.013392847661831688,
      0.5421763866010524
    ],
    [
      0.7155515796659196,
      0.28395222097162304,
      0.0004961993624574623
    ],
    [
      0.8620523688351138,
      0.12601039017718216,
      0.011937240987704168
    ],
    [
      0.9960866293908013,
      0.0035217125296212854,
      0.0003916580795776012
    ],
    [
      0.14638040235492733,
      0.8520602918649043,
      0.0015593057801683448
    ],
    [
      0.001688032168446822,
      0.0029491161838526114,
      0.9953628516477006
    ],
    [
      0.029262833096661552,
      0.6929039860186805,
      0.27783318088465797
    ],
    [
      0.9929845936245176,
      0.006146038537019947,
      0.0008693678384625238
    ],
    [
      0.05387063588432302,
      0.9366801378807182,
      0.009449226234958696
    ],
    [
      0.8310485136821544,
      0.1688053413909449,
      0.00014614492690090912
    ],
    [
      0.0014528696934838986,
      0.991698241220007,
      0.006848889086509122
    ],
    [
      0.002181078337766055,
      0.879809057978866,
      0.11800986368336787
    ],
    [
      0.0010609236222471816,
      0.0017399548143491599,
      0.9971991215634036
    ],
    [
      0.3719779116346196,
      0.03478286381732407,
      0.5932392245480563
    ],
    [
      0.5110644920991873,
      0.003033605607643218,
      0.4859019022931696
    ],
    [
      0.7715554555310956,
      0.19912830851399224,
      0.02931623595491204
    ],
    [
      0.32287067209988424,
      0.6603074353080619,
      0.01682189259205395
    ],
    [
      0.40919012548246614,
      0.5883071343046438,
      0.002502740212890062
    ],
    [
      0.08244698687195585,
      0.011322280012798409,
      0.9062307331152456
    ],
    [
      0.8737951292533099,
      0.12563932083100546,
      0.000565549915684449
    ],
    [
      0.5932891335121684,
      0.004334895126170764,
      0.40237597136166087
    ],
    [
      0.009224761513309214,
      0.3203468700037724,
      0.6704283684829185
    ],
    [
      0.06994656800688992,
      0.9085432203241488,
      0.021510211668961138
    ],
    [
      0.0022008298388026867,
      0.18353145246990174,
      0.8142677176912957
    ],
    [
      0.5240240359497185,
      0.47500744974253084,
      0.0009685143077505404
    ],
    [
      0.02443698763334663,
      0.9607878048558463,
      0.01477520751080718
    ],
    [
      0.6632267846515572,
      0.010775671043971626,
      0.32599754430447125
    ],
    [
      0.01879845751041882,
      0.9105604339419144,
      0.07064110854766666
    ],
    [
      0.2662111177354941,
      0.725591893172458,
      0.008196989092047916
    ],
    [
      0.680434926885961,
      0.018511760694247845,
      0.3010533124197913
    ],
    [
      0.9427223758049071,
      0.04602715163389878,
      0.011250472561194207
    ],
    [
      0.7708206440684922,
      0.008848582406210719,
      0.2203307735252971
    ],
    [
      0.10556503533075678,
      0.8885813408095447,
      0.005853623859698489
    ],
    [
      0.9783514099468895,
      0.01311696779994679,
      0.00853162225316374
    ],
    [
      0.9601452236027858,
      0.039276580044832934,
      0.0005781963523813816
    ],
    [
      0.004137229021328179,
      0.9888505200718843,
      0.007012250906787565
    ],
    [
      0.8080154444173998,
      0.009213558922267908,
      0.18277099666033217
    ],
    [
      0.016998499492498566,
      0.910776869388403,
      0.07222463111909828
    ],
    [
      0.013016184999623133,
      0.057601389081776755,
      0.9293824259186003
    ],
    [
      0.023945319465595163,
      0.14587999711050148,
      0.8301746834239034
    ],
    [
      0.06161876696020374,
      0.8934593613040619,
      0.044921871735734455
    ],
    [
      0.0012212284406559917,
      0.03851617155234901,
      0.960262600006995
    ],
    [
      0.8989570641383188,
      0.0015821701466541965,
      0.09946076571502689
    ],
    [
      0.002654489999651456,
      0.9968522744608996,
      0.0004932355394490012
    ],
    [
      0.2827226019480542,
      0.7165870741354975,
      0.0006903239164484925
    ],
    [
      0.00351362009908872,
      0.9118898015016857,
      0.08459657839922541
    ],
    [
      0.02380180495926458,
      0.005233316692367018,
      0.9709648783483684
    ],
    [
      0.002575322254005412,
      0.017543198147459985,
      0.9798814795985348
    ],
    [
      0.9162912502585603,
      0.08351163918086639,
      0.0001971105605734905
    ],
    [
      0.871401257316595,
      0.12824554282995138,
      0.00035319985345338284
    ],
    [
      0.9287741776009578,
      0.054220692636654,
      0.017005129762388233
    ],
    [
      0.0043786443918977964,
      0.10867803680917765,
      0.8869433187989244
    ],
    [
      0.11643321110670811,
      0.8748116935250766,
      0.008755095368215322
    ],
    [
      0.1548205158403989,
      0.8321542492877838,
      0.013025234871817408
    ],
    [
      0.7939756569588177,
      0.20543001638788755,
      0.0005943266532950395
    ],
    [
      0.3306825493683539,
      0.005694294598451869,
      0.6636231560331943
    ],
    [
      0.17501430974551985,
      0.7906826121832171,
      0.034303078071262955
    ],
    [
      0.9873735478816305,
      0.012077403134927943,
      0.0005490489834415544
    ],
    [
      0.7199716250896616,
      0.2616492540104272,
      0.0183791208999113
    ],
    [
      0.9497948942804523,
      0.016790673530109174,
      0.03341443218943855
    ],
    [
      0.2754843211055687,
      0.7241243449444996,
      0.0003913339499316272
    ],
    [
      0.013933106160581937,
      0.7584105950289813,
      0.22765629881043703
    ],
    [
      0.48586889352863094,
      0.0006743644236916051,
      0.5134567420476776
    ],
    [
      0.02722221820999403,
      0.4944995063092671,
      0.47827827548073887
    ],
    [
      0.9857529985179979,
      0.0002941174059087246,
      0.013952884076093422
    ],
    [
      0.1289537753908322,
      0.0036896471063668987,
      0.8673565775028008
    ],
    [
      0.9968450534479736,
      0.0018785296643546126,
      0.0012764168876720178
    ],
    [
      0.0020575448855644825,
      0.008729484015289087,
      0.9892129710991463
    ],
    [
      0.0022325870004017098,
      0.991439401692508,
      0.006328011307090534
    ],
    [
      0.4617255689602613,
      0.5302729544411375,
      0.008001476598601334
    ],
    [
      0.010062251404317837,
      0.988629548758393,
      0.001308199837289058
    ],
    [
      0.015469737808547379,
      0.0019781287822399486,
      0.9825521334092128
    ],
    [
      0.16107584150417126,
      0.0002853960625742396,
      0.8386387624332543
    ],
    [
      0.045296365162636826,
      0.0005308461693579052,
      0.9541727886680053
    ],
    [
      0.0072890839910435,
      0.9891097437280255,
      0.0036011722809309913
    ],
    [
      0.1369991072287832,
      0.862636581936581,
      0.0003643108346357918
    ],
    [
      0.08229156753484752,
      0.8933451680178146,
      0.024363264447337867
    ],
    [
      0.9879015477418784,
      0.008937992834162517,
      0.003160459423959032
    ],
    [
      0.001188435668699549,
      0.0977739004901179,
      0.9010376638411824
    ],
    [
      0.9901680968738132,
      0.008772307405675011,
      0.001059595720511764
    ],
    [
      0.8441371280264754,
      0.0002499114700136754,
      0.15561296050351092
    ],
    [
      0.003287003679644769,
      0.00739869203636738,
      0.9893143042839878
    ],
    [
      0.018402154503841393,
      0.05282966794873024,
      0.9287681775474284
    ],
    [
      0.505285833121763,
      0.48827636092834553,
      0.0064378059498913925
    ],
    [
      0.00204906968262784,
      0.9970118858211526,
      0.0009390444962194355
    ],
    [
      0.19701511929076773,
      0.0006336664874014614,
      0.802351214221831
    ],
    [
      0.049340533445201035,
      0.03406246143468501,
      0.916597005120114
    ],
    [
      0.048158319998937625,
      0.9190064038568013,
      0.03283527614426093
    ],
    [
      0.011198601378686949,
      0.6673481764658306,
      0.3214532221554825
    ],
    [
      0.40185890303332833,
      0.014650592745439889,
      0.5834905042212317
    ],
    [
      0.027730152484294595,
      0.035719657496274176,
      0.9365501900194312
    ],
    [
      0.05578236171412886,
      0.9339008709836768,
      0.010316767302194416
    ],
    [
      0.007681563540950547,
      0.0014629229045818714,
      0.9908555135544677
    ],
    [
      0.029472937142658348,
      0.03441465932438141,
      0.9361124035329603
    ],
    [
      0.0325241535479572,
      0.8692733473219095,
      0.09820249913013315
    ],
    [
      0.9953665311784095,
      0.004446520539471278,
      0.00018694828211946563
    ],
    [
      0.001267116971985686,
      0.0784641092320422,
      0.9202687737959719
    ],
    [
      0.008151051319102336,
      0.9629924623072,
      0.02885648637369776
    ],
    [
      0.002498172767224853,
      0.4035523041138328,
      0.5939495231189424
    ],
    [
      0.0019834759663983335,
      0.9970595190280737,
      0.0009570050055281746
    ],
    [
      0.9984419836613309,
      0.0013571646882105566,
      0.0002008516504589375
    ],
    [
      0.3378497788854642,
      0.004064077541203731,
      0.6580861435733322
    ],
    [
      0.00238093864843386,
      0.1771273601124914,
      0.8204917012390748
    ],
    [
      0.9625945032764633,
      0.0004764160416723708,
      0.0369290806818645
    ],
    [
      0.8195201816791571,
      0.0008492392901888314,
      0.17963057903065416
    ],
    [
      0.056530904581482196,
      0.00039256711572077657,
      0.9430765283027968
    ],
    [
      0.044476957376134996,
      0.00611888849638391,
      0.9494041541274809
    ],
    [
      0.9518844551202723,
      0.027145011884974507,
      0.020970532994753006
    ],
    [
      0.0027423891274892566,
      0.7984985635491826,
      0.19875904732332805
    ],
    [
      0.01679022259638214,
      0.8468691633692127,
      0.136340614034405
    ],
    [
      0.07273465575195381,
      0.00031853872187641633,
      0.9269468055261698
    ],
    [
      0.06321302464950011,
      0.8380343942292944,
      0.09875258112120541
    ],
    [
      0.001468487534228679,
      0.030615800623207817,
      0.9679157118425636
    ],
    [
      0.05112950154823551,
      0.010683500726598991,
      0.9381869977251656
    ],
    [
      0.3817547993956851,
      0.003831668893897882,
      0.614413531710417
    ],
    [
      0.006829036305078488,
      0.9904441996837309,
      0.002726764011190743
    ],
    [
      0.046369061905109886,
      0.8189459020181843,
      0.13468503607670576
    ],
    [
      0.44218450355460415,
      0.5570439113417084,
      0.0007715851036874179
    ],
    [
      0.8769326649853934,
      0.000671530283241957,
      0.12239580473136487
    ],
    [
      0.44357423049456196,
      0.5541218983547385,
      0.0023038711506996805
    ],
    [
      0.47312310347500325,
      0.5239035405300184,
      0.0029733559949781368
    ],
    [
      0.011842854237160708,
      0.38505763287821215,
      0.6030995128846272
    ],
    [
      0.004788834827821484,
      0.0006252730781601793,
      0.9945858920940184
    ],
    [
      0.9579796171634496,
      0.013056085305445463,
      0.02896429753110509
    ],
    [
      0.051852611991783724,
      0.522126304928479,
      0.42602108307973724
    ],
    [
      0.9930007935568713,
      4.074035308911567e-05,
      0.006958466090039505
    ],
    [
      0.6263654482611122,
