{
  "dataset": "circles",
  "algorithm": "gmm",
  "params": {
    "n_components": 4,
    "covariance_type": "tied"
  },
  "labels": [
    0,
    3,
    0,
    1,
    0,
    1,
    0,
    0,
    3,
    1,
    2,
    1,
    1,
    0,
    0,
    1,
    2,
    3,
    3,
    1,
    2,
    2,
    3,
    0,
    0,
    2,
    2,
    2,
    0,
    0,
    2,
    0,
    1,
    1,
    2,
    0,
    1,
    3,
    2,
    3,
    1,
    0,
    2,
    1,
    3,
    3,
    2,
    2,
    1,
    3,
    0,
    1,
    0,
    1,
    1,
    3,
    1,
    3,
    1,
    0,
    2,
    2,
    0,
    2,
    0,
    3,
    1,
    3,
    2,
    1,
    0,
    0,
    3,
    3,
    3,
    3,
    3,
    3,
    1,
    2,
    1,
    0,
    2,
    1,
    3,
    0,
    1,
    1,
    3,
    3,
    0,
    2,
    0,
    3,
    1,
    0,
    0,
    3,
    1,
    2,
    2,
    1,
    3,
    3,
    0,
    3,
    3,
    2,
    0,
    0,
    0,
    1,
    0,
    3,
    2,
    3,
    2,
    2,
    0,
    3,
    2,
    1,
    3,
    1,
    2,
    2,
    1,
    1,
    0,
    0,
    3,
    0,
    2,
    3,
    0,
    3,
    1,
    3,
    3,
    2,
    3,
    1,
    2,
    0,
    2,
    3,
    3,
    2,
    2,
    1,
    2,
    0,
    3,
    3,
    2,
    0,
    2,
    2,
    1,
    3,
    0,
    3,
    1,
    3,
    1,
    2,
    3,
    2,
    1,
    0,
    3,
    1,
    2,
    0,
    0,
    1,
    0,
    1,
    1,
    0,
    0,
    1,
    1,
    3,
    1,
    1,
    0,
    3,
    2,
    1,
    2,
    0,
    1,
    3,
    0,
    2,
    1,
    0,
    1,
    0,
    1,
    0,
    2,
    1,
    1,
    1,
    2,
    0,
    2,
    0,
    2,
    0,
    3,
    3,
    2,
    0,
    1,
    2,
    0,
    2,
    0,
    3,
    3,
    1,
    1,
    0,
    2,
    1,
    3,
    3,
    0,
    0,
    1,
    2,
    0,
    0,
    0,
    1,
    1,
    1,
    1,
    1,
    1,
    2,
    1,
    0,
    0,
    3,
    3,
    1,
    2,
    3,
    2,
    1,
    3,
    1,
    1,
    1,
    1,
    1,
    3,
    0,
    0,
    0,
    1,
    2,
    1,
    0,
    1,
    0,
    1,
    1,
    2,
    3,
    3,
    0,
    1,
    0,
    3,
    0,
    3,
    2,
    1,
    2,
    0,
    1,
    3,
    1,
    1,
    3,
    0,
    3,
    1,
    0,
    0,
    1,
    3,
    1,
    2,
    2,
    1,
    2,
    3,
    1,
    0,
    1,
    2,
    2,
    0,
    0,
    0,
    2,
    1,
    1,
    0,
    3,
    1,
    0,
    0,
    0,
    0,
    1,
    3,
    2,
    3,
    3,
    0,
    2,
    1,
    0,
    1,
    2,
    3,
    3,
    1,
    1,
    1,
    0,
    2,
    0,
    3,
    2,
    2,
    0,
    1,
    3,
    2,
    1,
    1,
    3,
    2,
    1,
    2,
    2,
    1,
    0,
    2,
    1,
    2,
    1,
    0,
    3,
    2,
    3,
    3,
    3,
    2,
    0,
    1,
    1,
    3,
    1,
    2,
    2,
    3,
    1,
    1,
    0,
    3,
    0,
    0,
    2,
    2,
    0,
    2,
    3,
    3,
    2,
    1,
    3,
    0,
    2,
    0,
    2,
    2,
    1,
    1,
    0,
    2,
    2,
    2,
    3,
    1,
    2,
    2,
    2,
    3,
    0,
    3,
    1,
    1,
    3,
    2,
    1,
    1,
    3,
    2,
    0,
    3,
    1,
    2,
    1,
    2,
    3,
    1,
    0,
    1,
    3,
    3,
    1,
    0,
    0,
    0,
    2,
    3,
    0,
    2,
    2,
    3,
    3,
    0,
    1,
    3,
    1,
    0,
    2,
    1,
    3,
    2,
    3,
    2,
    3,
    0,
    3,
    2,
    1,
    1,
    1,
    2,
    1,
    1,
    3,
    3,
    0,
    2,
    2,
    3,
    3,
    1,
    1,
    3,
    1,
    1,
    1,
    3,
    1,
    0,
    2,
    3,
    1,
    0,
    1,
    0,
    0,
    0,
    0,
    1,
    0,
    2,
    2,
    0,
    2,
    3,
    1,
    3,
    0,
    2,
    0,
    1,
    0
  ],
  "means": [
    {
      "x": -0.6313789743448395,
      "y": 0.3096867562059742
    },
    {
      "x": -0.24440806976105817,
      "y": -0.6343826816897021
    },
    {
      "x": 0.6798042521647449,
      "y": -0.2142966336429197
    },
    {
      "x": 0.31374519848500654,
      "y": 0.6378775679381044
    }
  ],
  "probabilities": [
    [
      0.9788923075533967,
      0.01149266156304612,
      0.00022117113828146016,
      0.009393859745275769
    ],
    [
      0.04889810258043707,
      3.02641521577419e-06,
      0.00021514704036350603,
      0.9508837239639837
    ],
    [
      0.8788225746253736,
      0.11671949841215401,
      0.0007748228567118616,
      0.0036831041057606047
    ],
    [
      0.018712990433808894,
      0.9811547114228644,
      0.0001294546348359896,
      2.8435084909531044e-06
    ],
    [
      0.9941811909940822,
      0.00013421549811867096,
      2.300799896186981e-06,
      0.005682292707903151
    ],
    [
      0.23139842469790728,
      0.7669257163478148,
      0.0013298608317594714,
      0.0003459981225185797
    ],
    [
      0.9234878119239844,
      0.0716506202315686,
      0.0005567629816098794,
      0.004304804862837146
    ],
    [
      0.9854881138141948,
      0.014376054285833125,
      3.550088483664387e-06,
      0.00013228181148839497
    ],
    [
      0.2221873879039166,
      2.3598164275694298e-05,
      0.00027971329778088964,
      0.777509300634027
    ],
    [
      0.0009363195141785091,
      0.9103620964867409,
      0.08857802831157237,
      0.00012355568750819636
    ],
    [
      1.0414640545850858e-05,
      3.834591714880451e-05,
      0.8444504608467619,
      0.15550077859554345
    ],
    [
      1.2037005721710207e-05,
      0.9506980165066747,
      0.04928867405734601,
      1.2724302577217456e-06
    ],
    [
      0.0184428960067938,
      0.9760838231584201,
      0.0053629506047005405,
      0.00011033023008556227
    ],
    [
      0.9667180865291961,
      8.922435646814901e-05,
      9.781015758279928e-06,
      0.03318290809857758
    ],
    [
      0.8452223254847496,
      0.13594002074133277,
      0.0038392822806776953,
      0.014998371493239935
    ],
    [
      0.4191795811633492,
      0.5784480003264024,
      0.0015075998536329758,
      0.000864818656615241
    ],
    [
      0.0004329839418707178,
      0.008191505127797987,
      0.9486549713987831,
      0.04272053953154821
    ],
    [
      7.618908524080042e-05,
      7.275579385417441e-07,
      0.02371537535308947,
      0.9762077080037312
    ],
    [
      0.08688934116054035,
      0.0025234521187848338,
      0.05128263571612194,
      0.8593045710045527
    ],
    [
      0.054648286556455795,
      0.9320521306064492,
      0.012584389993021578,
      0.0007151928440734118
    ],
    [
      0.0005205544647354134,
      0.017984905923077766,
      0.9562936104883046,
      0.025200929123882318
    ],
    [
      0.0001299944163113642,
      0.0029637822170288813,
      0.960955673957812,
      0.03595054940884796
    ],
    [
      0.016156287823853685,
      0.0005611822035822812,
      0.06616277392899368,
      0.9171197560435704
    ],
    [
      0.9419193650435692,
      0.00825249092048185,
      0.0009064434942729621,
      0.04892170054167597
    ],
    [
      0.7183223865660808,
      0.00010262349801738999,
      0.00012810771827794922,
      0.2814468822176239
    ],
    [
      0.010316290870932353,
      0.12554748022982998,
      0.8073752234369027,
      0.05676100546233489
    ],
    [
      0.002394269173077746,
      0.03014386057097401,
      0.9070715255973496,
      0.060390344658598584
    ],
    [
      1.342666669248717e-05,
      0.2159982062416741,
      0.7839077494957338,
      8.061759589962685e-05
    ],
    [
      0.9951630684546239,
      5.10832978937083e-05,
      8.03038009410158e-07,
      0.004785045209473161
    ],
    [
      0.8900044602234698,
      0.002035537211762663,
      0.0005952863161330678,
      0.10736471624863451
    ],
    [
      0.0002949687238380242,
      0.07722601135031512,
      0.9185529680055087,
      0.003926051920338106
    ],
    [
      0.9443928362677146,
      0.0014840518474305026,
      0.00021014081072453884,
      0.05391297107413036
    ],
    [
      0.0019895568716031763,
      0.691819907662311,
      0.30513100176027563,
      0.0010595337058101637
    ],
    [
      0.0005321851398837918,
      0.9991068844172014,
      0.0003606292412623699,
      3.0120165256754276e-07
    ],
    [
      1.164935861661668e-05,
      4.643725110722333e-05,
      0.853347198758703,
      0.146594714631573
    ],
    [
      0.8891739357252213,
      0.007720269623076519,
      0.0018829645913881496,
      0.10122283006031381
    ],
    [
      0.08344076636236933,
      0.9159800331694329,
      0.000531853023596486,
      4.734744460126981e-05
    ],
    [
      0.0555143966678265,
      3.314425193899939e-06,
      0.00020635171651076483,
      0.9442759371904689
    ],
    [
      4.793420327083093e-05,
      0.40450824137220287,
      0.5953322034826659,
      0.00011162094186018486
    ],
    [
      0.018527851087990824,
      7.086078657026446e-07,
      0.00014566004994640398,
      0.981325780254197
    ],
    [
      0.33126576608312785,
      0.664737606113021,
      0.002844563585006172,
      0.0011520642188450735
    ],
    [
      0.9983726970802865,
      8.71788961700241e-05,
      4.112868252522379e-07,
      0.0015397127367183785
    ],
    [
      0.002002923834674496,
      0.0282755654784658,
      0.9148943214028314,
      0.05482718928402835
    ],
    [
      2.4271483870722964e-05,
      0.999253873563592,
      0.0007218189771403299,
      3.597539703707561e-08
    ],
    [
      0.00039817582897406546,
      1.0376580199542604e-05,
      0.05559098184248663,
      0.9440004657483398
    ],
    [
      0.16305028520594034,
      8.546775111382123e-06,
      0.00015948501271459385,
      0.8367816830062335
    ],
    [
      2.500901918694078e-06,
      3.889574364541611e-05,
      0.9527155368293849,
      0.04724306652505114
    ],
    [
      7.679839248350445e-06,
      5.003537764634823e-06,
      0.5352107501961738,
      0.46477656642681336
    ],
    [
      0.0077365617837197535,
      0.9911641837670833,
      0.001088978660983876,
      1.0275788213071832e-05
    ],
    [
      0.00011698724295768888,
      9.100341740040918e-06,
      0.13923742434445646,
      0.8606364880708458
    ],
    [
      0.6774630916680431,
      5.344163696401112e-06,
      1.0611486616625747e-05,
      0.32252095268164394
    ],
    [
      0.00047965253555772193,
      0.9990952207585311,
      0.0004248047074233466,
      3.2199848787100463e-07
    ],
    [
      0.8842133809224099,
      0.1157565666015513,
      4.844151719642838e-06,
      2.520832431910494e-05
    ],
    [
      0.06068127965147417,
      0.9374654940566073,
      0.0017415974834605911,
      0.00011162880845779933
    ],
    [
      4.400484205440556e-05,
      0.9882297574522932,
      0.011725266045976604,
      9.716596757835e-07
    ],
    [
      0.0063796825441674995,
      1.9858796236706408e-07,
      0.00012438200318574524,
      0.9934957368646845
    ],
    [
      0.08462077842115305,
      0.9153409712475443,
      3.49619307284159e-05,
      3.2884005742717344e-06
    ],
    [
      9.331390807111778e-05,
      2.276847992681466e-05,
      0.3135423291093999,
      0.6863415885026023
    ],
    [
      4.365341990492745e-05,
      0.8844856979018564,
      0.11546052011435587,
      1.012856388278146e-05
    ],
    [
      0.6949402264276068,
      5.4484369253515934e-06,
      9.96804393307471e-06,
      0.30504435709153493
    ],
    [
      0.0008072733689068411,
      0.020052403941157714,
      0.9454440896411902,
      0.033696233048745194
    ],
    [
      0.005109347559212935,
      0.007349409600437619,
      0.6714526995627454,
      0.31608854327760394
    ],
    [
      0.5199090327507009,
      0.0012010128234598105,
      0.002749142204792298,
      0.47614081222104687
    ],
    [
      0.00043883226709841945,
      0.08480632188417161,
      0.9096224640944484,
      0.005132381754281599
    ],
    [
      0.8504175682782195,
      1.4503484014808374e-05,
      9.75832124514829e-06,
      0.14955816991652068
    ],
    [
      0.00024381712116945293,
      2.8534794916839684e-07,
      0.003534260716609201,
      0.9962216368142722
    ],
    [
      0.0014333278838967347,
      0.556420382538333,
      0.44077393415657823,
      0.0013723554211921246
    ],
    [
      0.002562136356120665,
      9.180183741975472e-07,
      0.00116324556141857,
      0.9962737000640864
    ],
    [
      3.157365627783935e-07,
      0.00021840137761129522,
      0.9981713143954956,
      0.0016099684903304102
    ],
    [
      0.3651374870487548,
      0.6327814513457155,
      0.0014182215602251333,
      0.0006628400453046803
    ],
    [
      0.9202139852716512,
      0.024583916310948674,
      0.0026820807321309304,
      0.052520017685268906
    ],
    [
      0.7969289591602592,
      0.006526903427166795,
      0.0034467118006923586,
      0.1930974256118813
    ],
    [
      0.006491544407831816,
      0.0005595709890118019,
      0.14197036511121072,
      0.8509785194919456
    ],
    [
      0.003203706230662373,
      1.3293873680531912e-05,
      0.010607572690768393,
      0.9861754272048887
    ],
    [
      0.15478304754026584,
      0.0004120948569940816,
      0.00566586653867917,
      0.8391389910640609
    ],
    [
      0.007513552704644672,
      4.0696206665999775e-05,
      0.013237764062080474,
      0.979207987026609
    ],
    [
      0.0029351814730152557,
      0.00029230085540885877,
      0.1609050685106082,
      0.8358674491609677
    ],
    [
      0.2643061693584513,
      2.1461923103926377e-05,
      0.00020660855296333026,
      0.7354657601654814
    ],
    [
      0.0013479788660951445,
      0.8385371023992946,
      0.1597837881757701,
      0.00033113055884017293
    ],
    [
      0.0006113754133552286,
      0.20266384745893543,
      0.7939398845379475,
      0.0027848925897617127
    ],
    [
      0.04564711785188858,
      0.9543517922740015,
      1.0335011873576217e-06,
      5.6372922127961307e-08
    ],
    [
      0.8150231056578995,
      1.710896399582382e-05,
      1.4630019581986276e-05,
      0.18494515535852274
    ],
    [
      0.0028871085267276318,
      0.021767758304280172,
      0.8821473118212313,
      0.09319782134776103
    ],
    [
      0.0002672596501700516,
      0.9989194614413677,
      0.000812920418999284,
      3.584894630664057e-07
    ],
    [
      0.11778184429164128,
      0.0002709737764270218,
      0.005210090135397053,
      0.8767370917965345
    ],
    [
      0.944617695949272,
      4.6253248531938606e-05,
      9.247434612166302e-06,
      0.055326803367584027
    ],
    [
      0.00023553473528081974,
      0.9983255165445128,
      0.001438387881271164,
      5.608389352232876e-07
    ],
    [
      0.1266418265243858,
      0.8537631563380114,
      0.017319727538654874,
      0.0022752895989478416
    ],
    [
      0.10841252491938035,
      0.0006312316174608077,
      0.012151383583106209,
      0.8788048598800526
    ],
    [
      0.012937321402852097,
      0.00011339630091574084,
      0.02006284580848154,
      0.9668864364877507
    ],
    [
      0.8351590900178237,
      0.16316227467867028,
      0.0003814908106940999,
      0.0012971444928118034
    ],
    [
      7.211342397146761e-05,
      0.01558384024323214,
      0.9794846173935571,
      0.004859428939239471
    ],
    [
      0.9840756662388602,
      0.006568119185086823,
      0.00013002536015038733,
      0.009226189215902654
    ],
    [
      0.28404960675547997,
      0.00048357915447723004,
      0.0031663162893465534,
      0.7123004978006965
    ],
    [
      0.02679800038541212,
      0.9647310106387315,
      0.008232161235013885,
      0.00023882774084244102
    ],
    [
      0.9443926993710435,
      0.023167688874781316,
      0.0014520328834269627,
      0.03098757887074818
    ],
    [
      0.939298690746557,
      0.00053175987374144,
      9.282642152465403e-05,
      0.06007672295817689
    ],
    [
      0.09707226555247762,
      2.775857967135747e-05,
      0.0008099055222903662,
      0.9020900703455608
    ],
    [
      0.0009240118777542148,
      0.8686081827343406,
      0.13028165428895366,
      0.0001861510989514847
    ],
    [
      1.3268121311377883e-05,
      1.9967589070356828e-05,
      0.7079637201158128,
      0.29200304417380546
    ],
    [
      1.067211407875947e-06,
      4.813999740189492e-05,
      0.9814211047423586,
      0.01852968804883169
    ],
    [
      0.004127585802225559,
      0.9580762744202737,
      0.03760047209737461,
      0.0001956676801264339
    ],
    [
      0.00013948332117583458,
      1.1453684224877318e-05,
      0.14487741240103957,
      0.8549716505935596
    ],
    [
      0.37710197758223296,
      0.00031494456333311263,
      0.0014367864674182866,
      0.6211462913870156
    ],
    [
      0.7739747397013682,
      0.0021452323801431296,
      0.0014880586953659213,
      0.22239196922312263
    ],
    [
      0.0004902396169603686,
      1.3546215320631145e-08,
      0.00011686268967889365,
      0.9993928841471456
    ],
    [
      0.015639496708527198,
      0.00019262236798856672,
      0.026966258949487912,
      0.9572016219739965
    ],
    [
      3.0105956737074473e-06,
      0.00887406315295972,
      0.9906704066978727,
      0.00045251955349391365
    ],
    [
      0.8205785874290464,
      0.002367714042485268,
      0.001214772226823101,
      0.17583892630164524
    ],
    [
      0.6626357236679218,
      0.3371794287222568,
      7.465918885310304e-05,
      0.0001101884209683945
    ],
    [
      0.6578991382186313,
      0.3420929756419658,
      3.130250416470148e-06,
      4.755888986667786e-06
    ],
    [
      0.010339765306784527,
      0.9805027397171239,
      0.009048829206338633,
      0.00010866576975285261
    ],
    [
      0.6578746816856548,
      0.0024047104109550556,
      0.002923379572817308,
      0.33679722833057296
    ],
    [
      3.653228214216208e-05,
      4.559749960574368e-06,
      0.2017651509651409,
      0.7981937570027562
    ],
    [
      0.00016638493794717557,
      0.05644943732726855,
      0.9402256688739817,
      0.0031585088608026834
    ],
    [
      0.0036325724395896374,
      0.000588562086808044,
      0.2286749157049778,
      0.7671039497686246
    ],
    [
      2.4776281896435785e-06,
      6.574398248003174e-05,
      0.970108811783054,
      0.029822966606276383
    ],
    [
      4.456112612214689e-06,
      0.005275933169503265,
      0.99368744700435,
      0.0010321637135347322
    ],
    [
      0.9878988583257794,
      0.011955663875457675,
      3.2255485438553062e-06,
      0.00014225225021890844
    ],
    [
      0.0005755209969313207,
      2.638367587258194e-06,
      0.011941716000301538,
      0.98748012463518
    ],
    [
      4.408049935170232e-05,
      0.12332099839506734,
      0.8761971796915788,
      0.00043774141400204083
    ],
    [
      5.0032411253791016e-05,
      0.9998105448583464,
      0.0001394089812052366,
      1.374919486311348e-08
    ],
    [
      0.1630187552805531,
      0.0022544010181161996,
      0.0243918094416523,
      0.8103350342596785
    ],
    [
      0.0065543583187431895,
      0.993202922610485,
      0.00024072363933634984,
      1.995431435611584e-06
    ],
    [
      3.0688095036971204e-06,
      0.0008165195012474632,
      0.9952747640731278,
      0.0039056476161211337
    ],
    [
      1.1964137620095e-06,
      0.0006236557516879712,
      0.9972610070417106,
      0.0021141407928396572
    ],
    [
      0.01089945174903402,
      0.988504175645296,
      0.0005886956008640267,
      7.67700480601029e-06
    ],
    [
      7.207156462791853e-05,
      0.624464123085826,
      0.3753941439095897,
      6.966143995630584e-05
    ],
    [
      0.8004833245864608,
      0.19949224035507243,
      6.248471639630206e-06,
      1.8186586827224528e-05
    ],
    [
      0.5307223570312398,
      0.0019426821295434158,
      0.0040598547684099736,
      0.46327510607080685
    ],
    [
      0.0002803676753438016,
      2.6505316180356776e-05,
      0.15993185200604285,
      0.839761275002433
    ],
    [
      0.996054496229222,
      0.003381543046095771,
      4.088267790643494e-06,
      0.0005598724568916888
    ],
    [
      8.337652136509675e-05,
      0.02679453498505407,
      0.969740146027218,
      0.0033819424663628734
    ],
    [
      0.0011136839641757413,
      0.00016989211006413672,
      0.22301803720508798,
      0.7756983867206719
    ],
    [
      0.9229131776088562,
      0.0770744764921313,
      1.3818385097493335e-06,
      1.0964060502783502e-05
    ],
    [
      0.009588043250912642,
      7.194322509812502e-07,
      0.00027383683130636946,
      0.9901374004855301
    ],
    [
      2.538516960600184e-05,
      0.9774961694695165,
      0.022477316165683072,
      1.1291951943657404e-06
    ],
    [
      8.684462585548019e-06,
      7.206756236253958e-07,
      0.1515291436982426,
      0.8484614511635483
    ],
    [
      4.1051799908279416e-05,
      1.1090138087039872e-05,
      0.3365179092166558,
      0.6634299488453488
    ],
    [
      0.0006694566238109216,
      0.0005667271281396816,
      0.575707075757606,
      0.42305674049044306
    ],
    [
      0.05270102167732421,
      2.1532771669774903e-05,
      0.0011865462962620023,
      0.9460908992547439
    ],
    [
      9.358128577868085e-06,
      0.8274652814455387,
      0.17252142586324892,
      3.93456263452412e-06
    ],
    [
      9.402777985482526e-05,
      0.0021782536615163888,
      0.9624090106333574,
      0.03531870792527137
    ],
    [
      0.9843642959453471,
      0.0004468929784921038,
      1.8763338294840356e-05,
      0.015170047737866002
    ],
    [
      3.1070412367092335e-05,
      0.00045476415172233296,
      0.9479337206854878,
      0.05158044475042273
    ],
    [
      0.002095801984818995,
      0.000982828759279041,
      0.4385205105593411,
      0.558400858696561
    ],
    [
      2.8365715971623616e-05,
      1.3613659354465702e-06,
      0.09644913874102862,
      0.9035211341770646
    ],
    [
      2.0327215036216292e-06,
      0.012374663072376696,
      0.987388903733232,
      0.0002344004728875388
    ],
    [
      0.0005336399773169029,
      0.0009583263054692737,
      0.727527817335385,
      0.27098021638182906
    ],
    [
      0.010598639342912136,
      0.9664955288813213,
      0.02262822987044708,
      0.0002776019053195146
    ],
    [
      3.950262153461375e-06,
      1.74697299668046e-05,
      0.8665676205127201,
      0.1334109594951597
    ],
    [
      0.9966833178254815,
      0.0031942359607831454,
      8.230952830633041e-07,
      0.00012162311845245565
    ],
    [
      0.0006523940644899711,
      1.9851630831203647e-06,
      0.008245417022908907,
      0.9911002037495181
    ],
    [
      3.8081857992195225e-05,
      8.325033418597102e-06,
      0.2954688677732394,
      0.7044847253353498
    ],
    [
      0.0002897013171549518,
      0.061786638996218564,
      0.9331352302496413,
      0.0047884294369853805
    ],
    [
      0.9155039667069579,
      0.035097660754014444,
      0.003264112104668717,
      0.04613426043435893
    ],
    [
      6.1716961163725145e-06,
      3.2280226210194534e-05,
      0.8822874486909732,
      0.11767409938670001
    ],
    [
      0.0002451026161155988,
      0.19981023428402103,
      0.7987091225651232,
      0.0012355405347402096
    ],
    [
      0.2840525871655127,
      0.7153930129893067,
      0.00041384599191530345,
      0.00014055385326545677
    ],
    [
      0.020306050282275587,
      2.2593925875332473e-05,
      0.003088761807888644,
      0.9765825939839604
    ],
    [
      0.9996971862423352,
      0.00021698993436671373,
      5.008186088210855e-08,
      8.57737414372391e-05
    ],
    [
      0.12154163041484335,
      0.0011345480767267395,
      0.01819735552837235,
      0.8591264659800577
    ],
    [
      0.014525933794107028,
      0.977905709255727,
      0.007445893096040272,
      0.00012246385412593037
    ],
    [
      5.959258783165262e-05,
      4.142137149095045e-07,
      0.01794864391712634,
      0.9819913492813271
    ],
    [
      0.012799796125105017,
      0.8577957287719841,
      0.12739391606044806,
      0.0020105590424630143
    ],
    [
      0.00030170127998895685,
      0.03315986487641782,
      0.9576465740014487,
      0.008891859842144481
    ],
    [
      0.00010993248241955121,
      5.495007883420663e-06,
      0.09783334521547796,
      0.902051227294219
    ],
    [
      1.583492689209102e-05,
      1.0820651559563643e-05,
      0.5431066280756184,
      0.4568667163459301
    ],
    [
      0.0030162877282818618,
      0.7219270939876143,
      0.27371858868544213,
      0.0013380295986616536
    ],
    [
      0.9995962986083349,
      0.0003079275757949731,
      7.691922856652051e-08,
      9.569689664192954e-05
    ],
    [
      3.5671502342658333e-05,
      5.725850327597982e-07,
      0.03788952493905293,
      0.9620742309735718
    ],
    [
      0.004714992086235739,
      0.9944475908211361,
      0.0008324048250066789,
      5.01226762125447e-06
    ],
    [
      0.007366944072165138,
      0.12495206658317423,
      0.8248218998647783,
      0.04285908947988244
    ],
    [
      0.9970791870392739,
      0.002011777625704644,
      4.150198632246491e-06,
      0.0009048851363893698
    ],
    [
      0.9981451328673355,
      0.0010697865347239056,
      2.0174601421731994e-06,
      0.0007830631377987535
    ],
    [
      0.00028506090409797277,
      0.9996064169553829,
      0.00010846986391275182,
      5.227660669327924e-08
    ],
    [
      0.8952659102928765,
      0.10431840696123419,
      6.342942095479915e-05,
      0.00035225332493436166
    ],
    [
      0.00016347888866303178,
      0.9964565721023672,
      0.00337901451384272,
      9.344951272627654e-07
    ],
    [
      0.06662650153717588,
      0.9333402803963659,
      3.091461911475074e-05,
      2.303447343199771e-06
    ],
    [
      0.9593292629889499,
      0.03905284287729315,
      0.00010697784062777662,
      0.0015109162931293688
    ],
    [
      0.753432769218419,
      0.2451694437651277,
      0.00044426723372712823,
      0.0009535197827261297
    ],
    [
      4.499999641510258e-05,
      0.9827612922086347,
      0.01719225510881863,
      1.4526861317859374e-06
    ],
    [
      0.05758780623215245,
      0.9400717052683163,
      0.002206456419586314,
      0.0001340320799448101
    ],
    [
      0.012507373153397802,
      0.003745916107252971,
      0.33207825069762964,
      0.6516684600417196
    ],
    [
      0.0004677305409543691,
      0.6748461500711751,
      0.3243777388050958,
      0.0003083805827747854
    ],
    [
      0.1376010122268474,
      0.8623356069111751,
      5.495544864212672e-05,
      8.425413335437866e-06
    ],
    [
      0.9158859673075028,
      0.07725302772527912,
      0.0008440281890580076,
      0.006016976778160103
    ],
    [
      0.15217947540359536,
      5.53470395405709e-06,
      0.00011607931116685863,
      0.8476989105812838
    ],
    [
      7.243230548428524e-06,
      0.17087941161962125,
      0.8290534213169068,
      5.9923832923643504e-05
    ],
    [
      0.002548829547463287,
      0.9972518713598872,
      0.00019860222911438304,
      6.968635351726992e-07
    ],
    [
      0.00015675325354603427,
      0.003330440472583947,
      0.958219495578455,
      0.038293310695415216
    ],
    [
      0.892432045720205,
      0.10600915079163493,
      0.0002456097312249656,
      0.0013131937569351505
    ],
    [
      0.19918811492438815,
      0.799187153523726,
      0.0013330585730230598,
      0.00029167297886264934
    ],
    [
      0.0077753785334694105,
      0.0009989679058392546,
      0.19107583364676006,
      0.8001498199139313
    ],
    [
      0.9991518823976125,
      0.0004787905296952132,
      4.522308364162222e-07,
      0.000368874841856112
    ],
    [
      6.409699181048941e-06,
      0.0003219600489402461,
      0.9823571857038804,
      0.017314444547998395
    ],
    [
      0.1343645379719653,
      0.8655998097983201,
      3.097930995341311e-05,
      4.672919761000546e-06
    ],
    [
      0.9137991899412793,
      0.0009949949690910105,
      0.00023915337068166053,
      0.08496666171894818
    ],
    [
      0.0843805798531435,
      0.9155643776263128,
      5.034659149851544e-05,
      4.695929045232601e-06
    ],
    [
      0.9095544466528617,
      0.08878613860365085,
      0.00022475998570437424,
      0.0014346547577832219
    ],
    [
      0.0007316464163002846,
      0.5288344421025003,
      0.4696046220826036,
      0.000829289398596051
    ],
    [
      0.6140230941816037,
      7.556784498764388e-05,
      0.00015446995885563016,
      0.38574686801455277
    ],
    [
      2.008292172403913e-06,
      0.0008466311262539994,
      0.9965767122829298,
      0.002574648298643973
    ],
    [
      0.012470408019204127,
      0.9874788706634454,
      4.995599330726576e-05,
      7.653240431187566e-07
    ],
    [
      0.008172052831513643,
      0.9916559819876156,
      0.0001702290436061761,
      1.7361372647162363e-06
    ],
    [
      1.3300079608197812e-05,
      0.8469991155403599,
      0.152982871611028,
      4.712769003766589e-06
    ],
    [
      3.357257785435142e-07,
      0.00020781700908902658,
      0.9980123939662866,
      0.0017794532988458767
    ],
    [
      0.777721197941228,
      0.0009133353474094136,
      0.00067693188700758,
      0.22068853482435513
    ],
    [
      0.0008195860090759534,
      0.05169649307748652,
      0.93302504576533,
      0.014458875148107469
    ],
    [
      0.977566863202111,
      0.017123197846173836,
      0.00017233129399153092,
      0.005137607657723697
    ],
    [
      0.002076806108477492,
      0.004121157988041026,
      0.7373872234513476,
      0.25641481245213416
    ],
    [
      0.9953392843981309,
      0.004503997943853497,
      1.4428884049218857e-06,
      0.00015527476961060195
    ],
    [
      0.06383373105342605,
      0.00279043451947795,
      0.07464780178802646,
      0.8587280326390695
    ],
    [
      0.059158797669216494,
      0.0007351808457154653,
      0.025429880498766808,
      0.9146761409863012
    ],
    [
      3.8339718235618346e-05,
      0.0002193397549763611,
      0.8874195337867292,
      0.11232278674005879
    ],
    [
      0.9073016002918112,
      0.07607644302288288,
      0.002060053459915474,
      0.014561903225390421
    ],
    [
      0.32472858024646395,
      0.6723583249854826,
      0.002087396851192974,
      0.0008256979168603344
    ],
    [
      1.6773076626060026e-06,
      0.0034875584715471654,
      0.995894840055441,
      0.0006159241653491559
    ],
    [
      0.9721134455887658,
      0.009369162721189667,
      0.0003610594619847067,
      0.018156332228059967
    ],
    [
      1.2148716782246336e-05,
      0.010694104823432535,
      0.9879353415666108,
      0.0013584048931745243
    ],
    [
      0.5394547364470663,
      0.4588963767812916,
      0.0008701162265122717,
      0.0007787705451297207
    ],
    [
      0.0012524680480803126,
      0.00018121468799954402,
      0.21449309743511644,
      0.7840732198288038
    ],
    [
      3.509409604991476e-05,
      8.926594863362193e-08,
      0.007343609836627328,
      0.9926212068013741
    ],
    [
      9.997552656319529e-05,
      0.9149880104219844,
      0.08489659095213624,
      1.5423099316019196e-05
    ],
    [
      0.2596808179728225,
      0.7402692145552731,
      3.800150927724625e-05,
      1.1965962627191173e-05
    ],
    [
      0.9637577399752265,
      0.032499137500158315,
      0.00021341194361789657,
      0.003529710580997361
    ],
    [
      7.552510043254981e-06,
      0.00020853213230757247,
      0.9704962988442876,
      0.029287616513361713
    ],
    [
      0.013117165251413744,
      0.9306237377228367,
      0.05541699544538737,
      0.0008421015803621385
    ],
    [
      0.00778444998936984,
      0.00016095962522298917,
      0.04324695779610315,
      0.9488076325893039
    ],
    [
      0.015355635515983054,
      4.4622891401166166e-06,
      0.0009234472596027116,
      0.9837164549352744
    ],
    [
      0.9981203693746525,
      0.0014842508062407533,
      1.3522297345564261e-06,
      0.0003940275893721909
    ],
    [
      0.9763887386658764,
      0.00029779421825008303,
      2.0212878729199565e-05,
      0.023293254237144415
    ],
    [
      0.002215215238559334,
      0.8361485816347645,
      0.16111037540609752,
      0.0005258277205786664
    ],
    [
      3.342956683570077e-05,
      2.848618897980008e-05,
      0.5890321071497766,
      0.41090597709440774
    ],
    [
      0.9183577159621559,
      0.0725918240401205,
      0.001061146305867989,
      0.007989313691855624
    ],
    [
      0.9796330293026251,
      0.004891030177324822,
      0.0001670739164814108,
      0.015308866603568817
    ],
    [
      0.7965172929879575,
      0.0016805817404629006,
      0.0010463964775944323,
      0.20075572879398498
    ],
    [
      0.010505771342527545,
      0.9893573438497589,
      0.00013514301544898102,
      1.7417922646540707e-06
    ],
    [
      0.03774740602624988,
      0.962155069703186,
      9.354625986035687e-05,
      3.978010703691088e-06
    ],
    [
      0.0003553217324627999,
      0.9993173377443593,
      0.00032715104775256685,
      1.8947542557493177e-07
    ],
    [
      0.04229443100560847,
      0.9572840249611586,
      0.00040287945773918654,
      1.8664575493707278e-05
    ],
    [
      0.0001969759091286647,
      0.9978176524638002,
      0.001984716826193609,
      6.548008776785575e-07
    ],
    [
      0.00157427556253502,
      0.8859231415918394,
      0.11224617579300289,
      0.0002564070526227052
    ],
    [
      3.934089846728432e-06,
      2.287254415008262e-05,
      0.8924475732716858,
      0.10752562009431715
    ],
    [
      0.43156977372550215,
      0.5662263997964291,
      0.0013763320256889905,
      0.0008274944523795839
    ],
    [
      0.9780629488760375,
      0.0013950159184348964,
      7.19381314607216e-05,
      0.020470097074067016
    ],
    [
      0.7190720142006203,
      1.220061289201166e-05,
      1.846995607163397e-05,
      0.2808973152304159
    ],
    [
      0.0002033086958252292,
      1.2437260165013956e-07,
      0.001969681763721747,
      0.9978268851678513
    ],
    [
      0.11252869725314694,
      0.0004540981968860801,
      0.00870054241873531,
      0.8783166621312317
    ],
    [
      0.004661261964321117,
      0.9951576090565514,
      0.00018003147358704232,
      1.097505540790489e-06
    ],
    [
      0.0007311716792320346,
      0.09645841708386999,
      0.8956432563192641,
      0.00716715491763366
    ],
    [
      0.009521646597980582,
      0.0001164742687976955,
      0.02717814073402115,
      0.9631837383992005
    ],
    [
      0.00029334095182704205,
      0.048538508718534316,
      0.9450828443182032,
      0.00608530601143542
    ],
    [
      1.9012202012827422e-05,
      0.9546198737939015,
      0.04535934370364197,
      1.7703004437568394e-06
    ],
    [
      0.0255401093275126,
      0.0014877165232186301,
      0.09992976334015403,
      0.8730424108091146
    ],
    [
      0.015367454968194583,
      0.9801295884396654,
      0.004425883108733928,
      7.707348340637867e-05
    ],
    [
      0.04396834084316323,
      0.9560116524755706,
      1.9047748659214218e-05,
      9.589326067777763e-07
    ],
    [
      0.43755829151969167,
      0.5622679624431344,
      0.00010612949460219966,
      6.761654257172625e-05
    ],
    [
      0.02749700347427969,
      0.9724992443681011,
      3.6316513000679196e-06,
      1.2050631941033301e-07
    ],
    [
      0.0054449840390234615,
      0.5318880091798633,
      0.45767541577073784,
      0.004991591010375374
    ],
    [
      0.015455324087790013,
      0.0004131973709745753,
      0.05301079665146967,
      0.9311206818897658
    ],
    [
      0.9568908393061802,
      0.043073409019261745,
      2.4358940345174283e-06,
      3.331578052358378e-05
    ],
    [
      0.9636317153387742,
      0.026070115995072737,
      0.0004931073365074265,
      0.009805061329645606
    ],
    [
      0.99631007521516,
      0.00013391063145263212,
      1.4230764768734788e-06,
      0.003554591076910604
    ],
    [
      0.2685741563193106,
      0.7313192610395773,
      8.047116602403409e-05,
      2.6111475088426622e-05
    ],
    [
      1.4247206583498789e-06,
      0.00012346723156082796,
      0.9894111879840825,
      0.010463920063698453
    ],
    [
      0.0036205445989671895,
      0.6518752170248256,
      0.34234697959427546,
      0.0021572587819320044
    ],
    [
      0.993511694505258,
      0.00030948888425557465,
      5.348038961264732e-06,
      0.006173468571525221
    ],
    [
      0.03787187549529125,
      0.9602732986000072,
      0.0017820383297590264,
      7.278757494249964e-05
    ],
    [
      0.9851561270152557,
      0.014834165835042908,
      2.507207385059532e-07,
      9.456428963130673e-06
    ],
    [
      7.046022342817336e-05,
      0.9975301338460459,
      0.0023990959990996914,
      3.099314264731402e-07
    ],
    [
      4.2907221639908664e-05,
      0.8396674508641885,
      0.1602752145247951,
      1.4427389376732191e-05
    ],
    [
      4.970633170342133e-07,
      5.6116603907672516e-05,
      0.9917957490032847,
      0.008147637329490804
    ],
    [
      0.033601836332468764,
      0.00349109496682226,
      0.15545250086904347,
      0.8074545678316654
    ],
    [
      0.0035280283600446576,
      1.5349502043621e-05,
      0.0110483022162215,
      0.9854083199216903
    ],
    [
      0.9083550820216693,
      0.0667653940138157,
      0.002790569147017389,
      0.022088954817497494
    ],
    [
      0.4851970403400282,
      0.5106878044051786,
      0.002382331486057613,
      0.0017328237687357514
    ],
    [
      0.7267140980955253,
      0.2730547212147035,
      7.87194655449578e-05,
      0.0001524612242263094
    ],
    [
      0.0019244423181848144,
      0.0008309291529904775,
      0.42076904747320015,
      0.5764755810556245
    ],
    [
      0.9877870875322431,
      0.012110498790877416,
      2.2848450410256383e-06,
      0.00010012883183871862
    ],
    [
      0.007551529561222433,
      3.4305343641905246e-05,
      0.011305171653895742,
      0.98110899344124
    ],
    [
      0.0001484610605853332,
      0.12443649276916105,
      0.8741079169090616,
      0.0013071292611918578
    ],
    [
      0.04600550848636956,
      0.9477179598866051,
      0.0059866406058382855,
      0.000289891021186916
    ],
    [
      5.25941346543677e-06,
      0.035859527208061154,
      0.9639253297001066,
      0.00020988367836670857
    ],
    [
      0.8629912758637726,
      0.13694628134844186,
      1.173527547479997e-05,
      5.0707512310587156e-05
    ],
    [
      0.008560690050983878,
      0.9872303055931707,
      0.004166620677253956,
      4.238367859152853e-05
    ],
    [
      0.030756045102760147,
      0.0002757300526866928,
      0.019828228085923855,
      0.9491399967586291
    ],
    [
      0.0030847873780515205,
      0.9481022899701738,
      0.04861773218687344,
      0.00019519046490141623
    ],
    [
      0.4329649045407365,
      0.5657119029301636,
      0.0008227512398903315,
      0.0005004412892094794
    ],
    [
      0.06330713987230684,
      0.0009382514704527474,
      0.02952925937197064,
      0.9062253492852699
    ],
    [
      0.9646222788179192,
      0.006851526723539964,
      0.0004264639968678224,
      0.02809973046167309
    ],
    [
      0.04656883045912387,
      0.0002252345783551565,
      0.011163640376369273,
      0.9420422945861516
    ],
    [
      0.12803640764441152,
      0.8711436973209957,
