{
  "dataset": "circles",
  "algorithm": "gmm",
  "params": {
    "n_components": 5,
    "covariance_type": "diag"
  },
  "labels": [
    4,
    3,
    4,
    1,
    0,
    4,
    4,
    4,
    0,
    1,
    2,
    1,
    1,
    0,
    4,
    4,
    2,
    3,
    3,
    1,
    2,
    2,
    3,
    0,
    0,
    2,
    2,
    1,
    0,
    0,
    2,
    0,
    1,
    1,
    2,
    0,
    4,
    3,
    1,
    3,
    4,
    0,
    2,
    1,
    3,
    0,
    2,
    2,
    1,
    2,
    0,
    1,
    4,
    1,
    1,
    3,
    4,
    2,
    1,
    0,
    2,
    2,
    0,
    2,
    0,
    3,
    1,
    3,
    2,
    4,
    0,
    0,
    3,
    3,
    3,
    3,
    3,
    0,
    1,
    1,
    4,
    0,
    2,
    1,
    3,
    0,
    1,
    1,
    3,
    3,
    4,
    2,
    4,
    0,
    1,
    4,
    0,
    3,
    1,
    2,
    2,
    1,
    2,
    0,
    0,
    3,
    3,
    2,
    0,
    4,
    4,
    1,
    0,
    2,
    2,
    2,
    2,
    2,
    4,
    3,
    1,
    1,
    3,
    1,
    2,
    2,
    1,
    1,
    4,
    0,
    2,
    4,
    2,
    2,
    4,
    3,
    1,
    2,
    2,
    2,
    3,
    1,
    2,
    0,
    2,
    2,
    2,
    2,
    2,
    1,
    2,
    4,
    3,
    2,
    2,
    4,
    2,
    1,
    4,
    3,
    0,
    3,
    1,
    3,
    1,
    2,
    2,
    2,
    1,
    0,
    3,
    1,
    2,
    4,
    0,
    1,
    4,
    1,
    4,
    4,
    4,
    1,
    1,
    2,
    1,
    4,
    4,
    0,
    1,
    1,
    2,
    4,
    4,
    3,
    0,
    2,
    4,
    0,
    4,
    4,
    1,
    0,
    2,
    1,
    1,
    1,
    2,
    0,
    2,
    4,
    2,
    4,
    3,
    3,
    2,
    4,
    4,
    2,
    0,
    2,
    4,
    2,
    3,
    1,
    4,
    4,
    2,
    1,
    3,
    3,
    4,
    0,
    1,
    2,
    4,
    0,
    0,
    1,
    4,
    1,
    4,
    1,
    1,
    2,
    4,
    0,
    0,
    3,
    3,
    1,
    2,
    3,
    2,
    1,
    3,
    1,
    4,
    4,
    4,
    1,
    3,
    4,
    4,
    0,
    4,
    2,
    1,
    0,
    1,
    4,
    1,
    1,
    2,
    3,
    3,
    4,
    4,
    4,
    2,
    4,
    3,
    1,
    1,
    2,
    4,
    1,
    3,
    1,
    4,
    3,
    0,
    3,
    4,
    0,
    4,
    1,
    3,
    1,
    2,
    2,
    1,
    2,
    3,
    1,
    4,
    1,
    2,
    2,
    4,
    4,
    0,
    2,
    4,
    4,
    4,
    3,
    4,
    0,
    4,
    0,
    4,
    1,
    3,
    1,
    3,
    3,
    0,
    2,
    1,
    4,
    1,
    2,
    3,
    2,
    1,
    4,
    1,
    0,
    2,
    0,
    3,
    2,
    2,
    4,
    1,
    3,
    2,
    1,
    1,
    3,
    2,
    1,
    2,
    2,
    1,
    0,
    2,
    1,
    1,
    1,
    0,
    3,
    2,
    3,
    3,
    2,
    2,
    0,
    1,
    1,
    3,
    1,
    2,
    2,
    3,
    1,
    1,
    4,
    3,
    4,
    4,
    1,
    2,
    0,
    1,
    3,
    3,
    2,
    1,
    3,
    4,
    2,
    4,
    1,
    2,
    1,
    1,
    0,
    2,
    1,
    2,
    3,
    1,
    2,
    2,
    2,
    3,
    4,
    2,
    1,
    1,
    3,
    2,
    4,
    1,
    3,
    2,
    4,
    3,
    4,
    2,
    1,
    2,
    3,
    1,
    0,
    1,
    3,
    2,
    1,
    4,
    0,
    0,
    2,
    3,
    0,
    2,
    2,
    2,
    3,
    0,
    4,
    2,
    1,
    0,
    2,
    4,
    3,
    2,
    3,
    2,
    3,
    4,
    3,
    2,
    1,
    1,
    1,
    2,
    1,
    1,
    3,
    3,
    0,
    2,
    2,
    2,
    3,
    1,
    1,
    2,
    1,
    1,
    4,
    3,
    1,
    0,
    2,
    3,
    4,
    4,
    4,
    4,
    0,
    4,
    0,
    1,
    0,
    1,
    1,
    4,
    2,
    2,
    1,
    0,
    0,
    2,
    0,
    1,
    0
  ],
  "means": [
    {
      "x": -0.46148505964776904,
      "y": 0.6026681817609598
    },
    {
      "x": -0.013569958032013777,
      "y": -0.6981562282317012
    },
    {
      "x": 0.7294471600854974,
      "y": -0.028293193847936583
    },
    {
      "x": 0.272711741491709,
      "y": 0.6897337416375261
    },
    {
      "x": -0.6879780960467208,
      "y": -0.099245362822751
    }
  ],
  "probabilities": [
    [
      0.4007566721110088,
      4.8219884985248374e-05,
      4.3058310459283115e-08,
      0.004154114406536025,
      0.5950409505391596
    ],
    [
      0.3009131521418558,
      2.7133700738436066e-12,
      0.00011945798182366339,
      0.6985106600160514,
      0.00045672985755572853
    ],
    [
      0.055360756692231776,
      0.003137211070926821,
      9.682344594813747e-08,
      0.000529735944153768,
      0.9409721994692417
    ],
    [
      2.42873173599677e-06,
      0.5299117962626908,
      5.719743019721397e-09,
      7.98942125833017e-09,
      0.4700857612964089
    ],
    [
      0.8709912739261206,
      2.829524791174636e-09,
      2.3202147633659837e-11,
      0.001842748539051149,
      0.12716597468210128
    ],
    [
      0.0009172344981529473,
      0.14476147627253816,
      1.918620920970517e-07,
      9.09163253935678e-06,
      0.8543120057346775
    ],
    [
      0.09118965978262722,
      0.001386006452085678,
      6.968330698822556e-08,
      0.0008260610981281641,
      0.9065982029838519
    ],
    [
      0.072366117229169,
      0.00015261342308400385,
      7.978577024979268e-13,
      1.6044588871768406e-05,
      0.9274652247580774
    ],
    [
      0.6203293300376382,
      4.4242666453228725e-11,
      1.5508925274289704e-05,
      0.3763132014794,
      0.003341959513444816
    ],
    [
      5.5482048377769973e-08,
      0.9942363790464854,
      0.005382778216626725,
      1.1070414288426446e-07,
      0.0003806765506966374
    ],
    [
      4.98412891886353e-06,
      3.904688055444808e-05,
      0.9904050735899221,
      0.009550895394118991,
      6.4856343879504255e-12
    ],
    [
      2.376914148807816e-12,
      0.9876477717668057,
      0.012342223343964391,
      1.5200110470145758e-11,
      1.000487165303062e-05
    ],
    [
      1.690768867075101e-05,
      0.8779194484711691,
      2.330477918983752e-05,
      1.2452087799188926e-06,
      0.12203909385219038
    ],
    [
      0.9292419841222602,
      4.263962865210554e-10,
      1.0147854743701685e-09,
      0.00938934942375362,
      0.061368665012804136
    ],
    [
      0.12191381006497574,
      0.00570629030339413,
      5.079407765788679e-06,
      0.004290845232158167,
      0.8680839749917061
    ],
    [
      0.0033759440525287982,
      0.06166149868097998,
      1.866036503991716e-07,
      3.403544294846289e-05,
      0.9349283352198923
    ],
    [
      2.6172438045314935e-05,
      0.014865323863139993,
      0.9827548933786621,
      0.0023533174775788954,
      2.928425737946603e-07
    ],
    [
      0.0009108743193097284,
      1.1020799162691847e-09,
      0.3540604914754327,
      0.6450286322763885,
      8.267891414163332e-10
    ],
    [
      0.1869867269987154,
      1.470096407803392e-05,
      0.023079858320302755,
      0.7884158061584406,
      0.0015029075584631648
    ],
    [
      0.00026245076069884106,
      0.77227420761456,
      9.40575601901259e-05,
      2.6238474418133517e-05,
      0.227343045590133
    ],
    [
      1.7728793966887262e-05,
      0.04745573541186963,
      0.9514208095200878,
      0.0011048285638700435,
      8.977102057308587e-07
    ],
    [
      7.745132680326378e-06,
      0.006547923892390209,
      0.991968903164336,
      0.001475408720830274,
      1.9089763196110264e-08
    ],
    [
      0.05046162910906518,
      4.062994397830494e-06,
      0.09963002978369552,
      0.8498429076939101,
      6.13704189313217e-05
    ],
    [
      0.6817375191429649,
      1.8309091651569157e-05,
      1.411979680482991e-06,
      0.02885055965135912,
      0.2893922001343439
    ],
    [
      0.8926785577860932,
      3.545690330951659e-10,
      3.633408981054302e-07,
      0.08712628593351118,
      0.0201947925849285
    ],
    [
      0.0009024268100154373,
      0.25067657961881784,
      0.7387389157268432,
      0.009203755197055147,
      0.00047832264726833983
    ],
    [
      0.00019704158116141,
      0.047221636246874664,
      0.9464088751868273,
      0.006159609655934104,
      1.2837329202563795e-05
    ],
    [
      9.563477595380752e-11,
      0.7544124851280322,
      0.24558745200664303,
      6.450143984375634e-09,
      5.6319545818547594e-08
    ],
    [
      0.9064807064935143,
      3.072011284452116e-10,
      3.968700036311252e-12,
      0.0012927880709619523,
      0.09222650512435387
    ],
    [
      0.8443380884057818,
      5.796452729008582e-07,
      1.2014472377985134e-06,
      0.05401261294182228,
      0.10164751755988512
    ],
    [
      8.91709688302515e-07,
      0.3728560316242642,
      0.6271052792774809,
      3.603765921754308e-05,
      1.7597293490876208e-06
    ],
    [
      0.8394866269355931,
      3.2390382246655795e-07,
      1.480985853770344e-07,
      0.02561747761430012,
      0.13489542344769898
    ],
    [
      7.645643983868007e-07,
      0.9642173801018179,
      0.035547135319707636,
      3.2442470418186134e-06,
      0.00023147576703436357
    ],
    [
      2.80448746655691e-09,
      0.9648680864280771,
      8.98682994430585e-07,
      9.396345838381405e-11,
      0.035131011990477884
    ],
    [
      5.07315359889549e-06,
      4.859503800762723e-05,
      0.9911257410434067,
      0.008820590755863526,
      9.123273600087256e-12
    ],
    [
      0.7533954158821689,
      1.4049422199572414e-05,
      7.162502269334326e-06,
      0.06252894427529368,
      0.18405442791806853
    ],
    [
      8.301133685977927e-05,
      0.3054705119482015,
      4.603920954711379e-08,
      5.153776338403752e-07,
      0.6944459152980954
    ],
    [
      0.32609113139796847,
      2.8145019377883133e-12,
      9.758942814296774e-05,
      0.6732624824544734,
      0.0005487967166006211
    ],
    [
      4.743064061709908e-10,
      0.8690958387520527,
      0.13090351473610165,
      1.3987201897197801e-08,
      6.320503374313748e-07
    ],
    [
      0.1693718290833893,
      3.0121749750098263e-13,
      0.0002860269203290008,
      0.8302206593987408,
      0.00012148459723989661
    ],
    [
      0.0032168592178433313,
      0.11131846764950362,
      1.0647879460639013e-06,
      5.675703670484101e-05,
      0.8854068513080021
    ],
    [
      0.855698881850504,
      2.1578143054516258e-09,
      4.623716646697982e-13,
      0.0004728352726479569,
      0.14382828071857134
    ],
    [
      0.00014855538932325934,
      0.04670406478571809,
      0.9480846052622577,
      0.005053459825053241,
      9.314737647752655e-06
    ],
    [
      4.54941762369162e-12,
      0.9969789599712545,
      3.623610667048148e-05,
      9.539404240862788e-13,
      0.002984803916571625
    ],
    [
      0.002475897804518145,
      5.071279623436488e-08,
      0.37927967206208557,
      0.6182443552384478,
      2.4182152331974086e-08
    ],
    [
      0.5740382026065654,
      5.672760288664192e-12,
      1.5132040771143467e-05,
      0.42366303117735,
      0.0022836341696407443
    ],
    [
      6.941666374334501e-07,
      0.00023057994567557335,
      0.997806279041856,
      0.0019624468448987565,
      9.323031135939661e-13
    ],
    [
      1.3079582855220888e-05,
      1.1458424021041852e-06,
      0.9527768892956646,
      0.047208885278029834,
      1.048323784571206e-12
    ],
    [
      1.3195111292685787e-06,
      0.8667493540541317,
      1.3733096634377208e-06,
      3.68773757905192e-08,
      0.13324791624769963
    ],
    [
      0.00046486592961960326,
      1.525393003485151e-07,
      0.6964466757984432,
      0.303088304772269,
      9.603677253440988e-10
    ],
    [
      0.9264652627838017,
      2.1240886846181066e-13,
      2.5148188914254986e-08,
      0.06056322343718624,
      0.01297148863061088
    ],
    [
      2.3800368700267158e-09,
      0.9707240522968043,
      1.3190101026589336e-06,
      9.502598795392106e-11,
      0.029274626218030154
    ],
    [
      0.004524703800439348,
      0.0036915046530097365,
      1.3957188319201667e-13,
      4.5760514456380884e-07,
      0.9917833339412667
    ],
    [
      0.00010313933387128785,
      0.5015970545235268,
      1.0858912388862625e-06,
      1.9508709104505927e-06,
      0.4982967693804527
    ],
    [
      3.161595459716352e-11,
      0.9986600434944938,
      0.001137511558684939,
      4.292702400735974e-11,
      0.00020244487227817718
    ],
    [
      0.0804686625313165,
      5.765713394050185e-14,
      0.0008037881581020788,
      0.9187032047087579,
      2.4344601765791046e-05
    ],
    [
      1.4996022252124148e-05,
      0.1937580173971755,
      4.105138232170058e-11,
      8.65435795105767e-09,
      0.806226977885163
    ],
    [
      0.00017488366403617647,
      1.1550746129068089e-06,
      0.8638867578017201,
      0.13593720304668647,
      4.129442945701851e-10
    ],
    [
      5.665615590374541e-11,
      0.9826856073956438,
      0.01730487687415371,
      4.2012033083818415e-10,
      9.515253426105626e-06
    ],
    [
      0.9300595084229774,
      2.1895075094716494e-13,
      2.085984058131598e-08,
      0.05646046730832762,
      0.013480003408635331
    ],
    [
      3.652444063368733e-05,
      0.044011326050419984,
      0.9540458129386167,
      0.0019045082096902845,
      1.828360639577079e-06
    ],
    [
      0.0023603158696847296,
      0.002287770554292132,
      0.9068503765821525,
      0.08848990278227346,
      1.1634211596968668e-05
    ],
    [
      0.7196435216527162,
      2.1618715047977038e-07,
      5.2671905084981684e-05,
      0.2598771073672455,
      0.020426482887803
    ],
    [
      1.8315777864961327e-06,
      0.3726739665670476,
      0.627258108537651,
      6.274335934332538e-05,
      3.349958171467357e-06
    ],
    [
      0.9489016805660989,
      2.616185806551236e-12,
      5.863232627008188e-09,
      0.02944435478039442,
      0.021653958787657582
    ],
    [
      0.003908956454624345,
      1.9973823932647704e-11,
      0.07686694927239203,
      0.919224073556204,
      2.0696805969555754e-08
    ],
    [
      6.270550006289168e-07,
      0.9285995963168973,
      0.07130161961846686,
      4.22962583004305e-06,
      9.392738380496811e-05
    ],
    [
      0.02847621937463367,
      1.014871739002306e-11,
      0.008131022123766823,
      0.9633901889725287,
      2.569518922188772e-06
    ],
    [
      4.491159701236945e-09,
      0.02131953569762599,
      0.9786691800414237,
      1.1279769284955543e-05,
      5.056937643600831e-13
    ],
    [
      0.0023610235892202666,
      0.0771700475644323,
      1.6825604038879295e-07,
      2.2791636518780283e-05,
      0.9204459689537883
    ],
    [
      0.5402513850690238,
      0.0002082278178196442,
      8.419461237639865e-06,
      0.03258896195975318,
      0.4269430056921656
    ],
    [
      0.7745888125484774,
      9.147118404568387e-06,
      2.839979581004927e-05,
      0.12061396498431627,
      0.1047596755529915
    ],
    [
      0.017467215848043796,
      1.2121348755355663e-05,
      0.32875293021537644,
      0.6537577128716169,
      1.0019716207459757e-05
    ],
    [
      0.022472446730068107,
      5.24839259196714e-09,
      0.04203081837481746,
      0.9354941567999763,
      2.572846745552319e-06
    ],
    [
      0.3809706586226715,
      8.576787849337263e-08,
      0.000808139957524972,
      0.6156598997792615,
      0.002561215872663497
    ],
    [
      0.04099826379869767,
      2.3129216378106836e-08,
      0.029934083324125577,
      0.9290547460660008,
      1.2883681959594374e-05
    ],
    [
      0.00784826879463873,
      6.937555388377643e-06,
      0.45877247595836906,
      0.5333706059088856,
      1.7117827179815428e-06
    ],
    [
      0.6751660446536655,
      2.659618166403369e-11,
      8.145536612334387e-06,
      0.32067550873645184,
      0.00415030104667428
    ],
    [
      1.7472747470548032e-07,
      0.9873358924876448,
      0.012364514764670681,
      4.89260869045861e-07,
      0.0002989287593408237
    ],
    [
      8.120894970126728e-07,
      0.6678183982660891,
      0.33215406413861853,
      1.628020447699264e-05,
      1.0445301318421007e-05
    ],
    [
      7.722202755539608e-07,
      0.2907252419731572,
      6.962270521147482e-15,
      2.3348310016418164e-11,
      0.709273985783212
    ],
    [
      0.9418140484949786,
      3.842844641317268e-12,
      1.3058788299106744e-08,
      0.03834326092909423,
      0.019842677513296266
    ],
    [
      0.00036781252957610375,
      0.024092742149584026,
      0.9632710976854538,
      0.012256448217754382,
      1.1899417631847756e-05
    ],
    [
      8.359382909356817e-10,
      0.9880321622123931,
      6.444871148275382e-06,
      7.131632540469091e-11,
      0.011961392009203903
    ],
    [
      0.32897675198746806,
      4.598693712136902e-08,
      0.0010064049935890882,
      0.6684127027238627,
      0.0016040943081431654
    ],
    [
      0.9448052980801315,
      6.684263539637364e-11,
      1.5805431372394404e-09,
      0.013499464827450553,
      0.04169523544503225
    ],
    [
      7.542497488644839e-10,
      0.9932670879151962,
      1.8386901949825753e-05,
      1.0619953342146526e-10,
      0.006714524322404744
    ],
    [
      0.001856768188661929,
      0.5676854756673945,
      0.00014617653790324991,
      0.00018443667361753229,
      0.4301271429324229
    ],
    [
      0.27575640286863384,
      3.963626579087107e-07,
      0.003040566647136532,
      0.7196167993959588,
      0.001585834725613002
    ],
    [
      0.05659070267037091,
      1.2589841050990823e-07,
      0.03155851827208265,
      0.9118147665936757,
      3.5886565460322814e-05
    ],
    [
      0.021085179752617016,
      0.00474119077637948,
      1.0706919817889682e-08,
      9.37511882593789e-05,
      0.9740798675758244
    ],
    [
      4.522173296007122e-07,
      0.10631926291963234,
      0.8936265460535937,
      5.368320543865223e-05,
      5.560400550838595e-08
    ],
    [
      0.4914008236039824,
      1.5428052306758526e-05,
      1.9040999851990616e-08,
      0.004313886445314712,
      0.5042698428573962
    ],
    [
      0.556525283663118,
      5.2975388796466656e-08,
      0.000174350784047909,
      0.4368812822561438,
      0.0064190303213015245
    ],
    [
      4.591278395252048e-05,
      0.8611113460760982,
      4.852053272510733e-05,
      4.175178997051527e-06,
      0.13879004542822693
    ],
    [
      0.46508781949935113,
      0.00018537248006422475,
      2.1502662635775313e-06,
      0.01706558839413069,
      0.5176590693601903
    ],
    [
      0.8907069967415878,
      2.631979466813025e-08,
      4.584923754800165e-08,
      0.0237413984489226,
      0.0855515326404572
    ],
    [
      0.3773012815400051,
      2.352019069076323e-10,
      0.00016637807356745309,
      0.6214588695333154,
      0.0010734706179100172
    ],
    [
      6.479347841715292e-08,
      0.9902674010264125,
      0.009493182380614869,
      1.7591588615918992e-07,
      0.00023917588360780547
    ],
    [
      1.0888633858511663e-05,
      8.362079223728285e-06,
      0.976747395986969,
      0.023233353294159004,
      5.789834685031279e-12
    ],
    [
      1.7140223668767328e-07,
      0.0008812992586520826,
      0.9985668141248715,
      0.0005517152138313387,
      4.084210532893531e-13
    ],
    [
      1.1961164045611484e-06,
      0.9936343872650611,
      0.0011038940612556041,
      7.170308003770201e-07,
      0.005259805526478175
    ],
    [
      0.0005248237646165423,
      2.009232846919801e-07,
      0.6951747634430897,
      0.3043002104346039,
      1.4344050957454673e-09
    ],
    [
      0.67011388270162,
      1.237280852271582e-08,
      4.014839213762735e-05,
      0.32093878052538277,
      0.008907176008051227
    ],
    [
      0.8242308163473937,
      6.2381724058625e-07,
      8.580137599527662e-06,
      0.11613549011575086,
      0.0596244895820156
    ],
    [
      0.011455381280017224,
      2.8403466033013757e-15,
      0.007696228535077229,
      0.9808480647889537,
      3.2539594886400247e-07
    ],
    [
      0.0612566944919724,
      3.4224743171321596e-07,
      0.037995410208429954,
      0.9006953727564405,
      5.2180295725525446e-05
    ],
    [
      1.4947665753633822e-09,
      0.20327644675783552,
      0.7967229958037807,
      5.554964352787391e-07,
      4.4718193229040885e-10
    ],
    [
      0.8324654267835543,
      7.88285645998978e-07,
      5.1871670200460645e-06,
      0.09210372875130154,
      0.07542486901247795
    ],
    [
      0.0021012626373489948,
      0.013432434603995716,
      7.666418698466232e-11,
      1.6736233786696723e-06,
      0.9844646290586124
    ],
    [
      0.0004980218030887456,
      0.020695946645361285,
      1.5471714765506126e-14,
      2.1612073924887768e-08,
      0.9788060099394608
    ],
    [
      5.821889104421464e-06,
      0.951906534957301,
      7.63359737985735e-05,
      8.091465559283997e-07,
      0.048010498033240055
    ],
    [
      0.7707777669608525,
      9.153826267566106e-07,
      3.562691673064234e-05,
      0.188402902897044,
      0.04078278784274588
    ],
    [
      0.0001262479084688298,
      1.3790887937092635e-07,
      0.8153209752275788,
      0.18455263890566256,
      4.941042273869641e-11
    ],
    [
      4.2134589974781293e-07,
      0.31991332745486467,
      0.6800624030342927,
      2.3247049553364873e-05,
      6.01115389709187e-07
    ],
    [
      0.007342498376481303,
      2.363099738198256e-05,
      0.5540060014761139,
      0.43862511707609103,
      2.7520739317351707e-06
    ],
    [
      4.3486339799041043e-07,
      0.0005561357443604483,
      0.9984287527125296,
      0.0010146766780592589,
      1.653055532703661e-12
    ],
    [
      7.602824965622375e-09,
      0.11304913603254763,
      0.8869478250377011,
      3.0308715784828504e-06,
      4.5534770482178916e-10
    ],
    [
      0.08678012707700268,
      0.00011380545363990254,
      7.769297612113775e-13,
      1.9452184179548172e-05,
      0.9130866152844008
    ],
    [
      0.005791632240810729,
      1.2786815271772902e-09,
      0.1161515885501489,
      0.8780566956356335,
      8.229472531128157e-08
    ],
    [
      5.0441634488192315e-09,
      0.6258871872278082,
      0.3741123360049464,
      3.0175719783517853e-07,
      1.699658840017573e-07
    ],
    [
      1.3174748332920975e-11,
      0.9810030332223567,
      1.2714133637657293e-06,
      5.591460709835838e-13,
      0.018995695350545523
    ],
    [
      0.31976195866278945,
      4.744512378872778e-06,
      0.004902468900980751,
      0.6714088385975063,
      0.003921989326344456
    ],
    [
      4.5528798515097647e-07,
      0.7717842840918409,
      5.996463174297897e-08,
      3.8851821483062045e-09,
      0.22821519677035987
    ],
    [
      4.464098809890474e-08,
      0.017475671594510318,
      0.9824855588885332,
      3.872483823891378e-05,
      3.7729573690759854e-11
    ],
    [
      1.1792046234767125e-08,
      0.0252165273904036,
      0.974768991637358,
      1.44691716412648e-05,
      8.550875014933489e-12
    ],
    [
      1.9996979970286783e-06,
      0.7723083083851618,
      2.992204137140562e-07,
      2.936218304021709e-08,
      0.22768936333424425
    ],
    [
      4.466410425032407e-10,
      0.9382375147615482,
      0.06175992287150035,
      7.157237796974737e-09,
      2.5547630728087093e-06
    ],
    [
      0.001941502234854176,
      0.0077370596759894035,
      1.5502860156055604e-13,
      1.9513395663554124e-07,
      0.9903212429550449
    ],
    [
      0.705394509798397,
      6.82455813463965e-07,
      8.79280535005834e-05,
      0.2699158537983554,
      0.024601025893933388
    ],
    [
      0.0009001398088980697,
      5.263390190517061e-07,
      0.6743394964840075,
      0.324759830120426,
      7.2476492760542426e-09
    ],
    [
      0.3071496521910848,
      9.075231315352798e-06,
      6.2495722836193614e-12,
      0.0001720255938470477,
      0.6926692469775032
    ],
    [
      2.940187898553318e-07,
      0.18653067912845334,
      0.8134418582931465,
      2.7051895871251043e-05,
      1.1666373911126386e-07
    ],
    [
      0.0024106365221416098,
      5.660424541258391e-06,
      0.6608172346341041,
      0.3367662952582814,
      1.73160931764777e-07
    ],
    [
      0.005744026241156778,
      0.0029610106347793294,
      7.604761188249849e-15,
      2.1821853553048655e-07,
      0.991294744905521
    ],
    [
      0.09640270811243337,
      8.088241319804759e-13,
      0.000905396466324912,
      0.9026554254939158,
      3.646992651713914e-05
    ],
    [
      1.066350038028072e-11,
      0.9964777024068432,
      0.0034658637439524275,
      2.8954575688069266e-11,
      5.6433809586180043e-05
    ],
    [
      5.298589648931812e-05,
      1.9381789878338742e-08,
      0.8031425948712909,
      0.19680439984864484,
      1.78505889686901e-12
    ],
    [
      8.191914860104306e-05,
      6.914066222802935e-07,
      0.8901946309491788,
      0.10972275843993673,
      5.566100795402911e-11
    ],
    [
      0.0004269088153562344,
      8.254455393535962e-05,
      0.923795937424136,
      0.07569454971556634,
      5.949100596773958e-08
    ],
    [
      0.2489685735105405,
      3.0917289359278695e-10,
      0.0005140565206007998,
      0.7500950135838449,
      0.00042235607584094527
    ],
    [
      2.0368007476585057e-12,
      0.9534535734085795,
      0.04654534671716178,
      3.5889991564673145e-11,
      1.079836331806893e-06
    ],
    [
      5.850953063980056e-06,
      0.005079573013822946,
      0.993537360138425,
      0.0013772070486329894,
      8.84605514945511e-09
    ],
    [
      0.845861031289461,
      3.0339319230632735e-08,
      1.3665463305520446e-09,
      0.005968049898841766,
      0.14817088710583168
    ],
    [
      3.6912787877292915e-06,
      0.0009736608309861,
      0.9968735883227697,
      0.0021490592025820766,
      3.648744729943742e-10
    ],
    [
      0.0020648599779057196,
      9.690075735062359e-05,
      0.8198817902264214,
      0.17795563832525266,
      8.107130695905111e-07
    ],
    [
      0.00018622352453479118,
      1.5885541318797248e-08,
      0.693325487290107,
      0.3064882732602606,
      3.955633683318964e-11
    ],
    [
      3.601436005295297e-10,
      0.2813416153547832,
      0.7186582499502909,
      1.3398040520662323e-07,
      3.5437722091161946e-10
    ],
    [
      0.00019845693918175874,
      0.00026594738845895337,
      0.9647809675423626,
      0.03475457666422618,
      5.146577054118553e-08
    ],
    [
      8.601242936355722e-06,
      0.9748832894943099,
      0.0003977949757801297,
      2.4576840792504957e-06,
      0.024707856602894346
    ],
    [
      2.383361864875853e-06,
      3.12454137158997e-05,
      0.9920497489433786,
      0.007916622280286856,
      7.540571319133336e-13
    ],
    [
      0.22702613561633006,
      1.5108854296256583e-05,
      9.919084566014292e-14,
      2.9474909538621705e-05,
      0.7729292806197358
    ],
    [
      0.006976281685625233,
      5.322917076014277e-10,
      0.08327117591983875,
      0.9097524252926502,
      1.1656959422773516e-07
    ],
    [
      8.926668924175183e-05,
      4.303271771968296e-07,
      0.8731611088466147,
      0.1267491940893439,
      4.7622382472784784e-11
    ],
    [
      1.2145573761105833e-06,
      0.3036601914073846,
      0.6962828086448959,
      5.436711356427626e-05,
      1.4182767789130552e-06
    ],
    [
      0.46250821056161123,
      0.00044976154832625297,
      1.0501200280999936e-05,
      0.027440898907647924,
      0.5095906277821337
    ],
    [
      2.7649959820394385e-06,
      5.446849722493451e-05,
      0.9933794398835947,
      0.006563326620625862,
      2.5727635308905067e-12
    ],
    [
      1.008991908401725e-07,
      0.7012240166520214,
      0.29877037850242655,
      2.738266895773905e-06,
      2.7656794654506694e-06
    ],
    [
      0.0005988276866063071,
      0.08356928341728585,
      7.996639734008502e-09,
      2.080772681892277e-06,
      0.9158298001267863
    ],
    [
      0.1116458432670013,
      1.3569776243753397e-09,
      0.003373862007886432,
      0.8848968047593736,
      8.348860876105796e-05
    ],
    [
      0.6913362915492035,
      1.0671450163451287e-07,
      8.472866512619363e-16,
      2.9582209175618354e-05,
      0.30863401952711833
    ],
    [
      0.2783322293468169,
      1.3772665982534766e-06,
      0.0044873884349807035,
      0.7150662969691185,
      0.0021127079824856767
    ],
    [
      1.149220005810348e-05,
      0.9215133572777725,
      4.789446942553651e-05,
      1.2048153666293638e-06,
      0.0784260512373771
    ],
    [
      0.0008309307789281449,
      4.207640287457442e-10,
      0.32724630970450275,
      0.6719227585539725,
      5.418324547391507e-10
    ],
    [
      2.8683924734440575e-05,
      0.9848064176338742,
      0.00805254020220235,
      3.064296616792601e-05,
      0.007081715273021296
    ],
    [
      3.1041087399350474e-06,
      0.1477319753049222,
      0.8520861146679249,
      0.00017797612182851187,
      8.297965844527303e-07
    ],
    [
      0.0005755037838047765,
      5.84131721094027e-08,
      0.6208201010568277,
      0.37860433576592173,
      9.802737634913027e-10
    ],
    [
      2.095303077582692e-05,
      2.0375012563926526e-06,
      0.9527487704604184,
      0.047228239001453474,
      6.09587057395412e-12
    ],
    [
      1.7871361664594568e-06,
      0.9699413043142419,
      0.029590407030887656,
      5.973831492971132e-06,
      0.00046052768721107176
    ],
    [
      0.638311719478995,
      2.0803170371072152e-07,
      1.949601126999863e-15,
      3.355925981519257e-05,
      0.3616545132294843
    ],
    [
      0.0003941685794734871,
      1.8135054569499604e-09,
      0.49929400936744156,
      0.5003118201246075,
      1.1497201025201536e-10
    ],
    [
      4.120140357153193e-07,
      0.8966657860012461,
      1.0576308106537307e-06,
      1.1234558114177213e-08,
      0.10333273311934954
    ],
    [
      0.00044768841071160043,
      0.27609659039958634,
      0.7180209357130218,
      0.005149206069062601,
      0.00028557940761780485
    ],
    [
      0.43523094314803684,
      2.8247845431752947e-06,
      1.0885952276025655e-11,
      0.0003307771629060192,
      0.5644354548936281
    ],
    [
      0.5332605422128435,
      8.409083288255511e-07,
      3.109382725321566e-12,
      0.0002980759201637588,
      0.46644054095555443
    ],
    [
      4.735876047125838e-10,
      0.9469262573859469,
      1.523072209431646e-07,
      7.763008054015444e-12,
      0.05307358982548171
    ],
    [
      0.016117048163947444,
      0.002219696284375011,
      1.526101537368292e-10,
      1.793636156480286e-05,
      0.9816453190375026
    ],
    [
      4.285561623627631e-10,
      0.9976306116322851,
      9.014798646849797e-05,
      1.3558310330456542e-10,
      0.0022792398171074158
    ],
    [
      9.283886518182984e-06,
      0.225309456597132,
      3.894145513224636e-11,
      5.264647707561078e-09,
      0.7746812542127606
    ],
    [
      0.08399289163206565,
      0.00048051922499523257,
      1.917209903961526e-09,
      0.00024216025264631847,
      0.915284426973083
    ],
    [
      0.011262758290526476,
      0.009147614298017564,
      1.0861081938017611e-08,
      4.8427535559744355e-05,
      0.9795411890148144
    ],
    [
      3.606697793354885e-11,
      0.9980467171125794,
      0.001824498061281364,
      6.449211946308836e-11,
      0.00012878472558027935
    ],
    [
      0.00010843715039710352,
      0.5445567387467055,
      1.9595990012157854e-06,
      2.544938458878586e-06,
      0.4553303195654374
    ],
    [
      0.017712030189007293,
      0.00034191504172101833,
      0.556414879302958,
      0.42547897781128374,
      5.219765503007419e-05
    ],
    [
      2.8198104380707583e-08,
      0.959442865651933,
      0.04052478982605383,
      2.0738176823846064e-07,
      3.210894214030027e-05
    ],
    [
      4.51026043144407e-05,
      0.1375078228963401,
      7.915580890340184e-11,
      3.265423474826346e-08,
      0.8624470417659549
    ],
    [
      0.10481570904200721,
      0.0016515270101164095,
      1.8741616942738974e-07,
      0.0013126654094386696,
      0.8922199111222683
    ],
    [
      0.5729669450376705,
      2.1261750585498197e-12,
      1.2606770632492057e-05,
      0.4248728948410465,
      0.0021475533485243547
    ],
    [
      3.701908852537405e-11,
      0.7114048878721377,
      0.28859508889259733,
      3.437186059929952e-09,
      1.9761059640997907e-08
    ],
    [
      6.015847855814755e-08,
      0.8633425170736313,
      8.223005097555147e-08,
      6.448716316713744e-10,
      0.1366573398929677
    ],
    [
      9.647259915634843e-06,
      0.0068808871011660725,
      0.9914455868184028,
      0.0016638509948774583,
      2.782563820984877e-08
    ],
    [
      0.032427662606628896,
      0.002350682791317064,
      5.346085222865543e-09,
      0.00011913053497161454,
      0.9651025187209974
    ],
    [
      0.0007012039440570257,
      0.17297321336821564,
      2.1730196356814978e-07,
      7.232207449725398e-06,
      0.826318133178314
    ],
    [
      0.017252939895849598,
      3.457094962114149e-05,
      0.4007932174636855,
      0.5819039388493806,
      1.533284146301356e-05
    ],
    [
      0.6182347472550348,
      2.3139521006763268e-07,
      1.3778979724339996e-13,
      0.0001358836386186887,
      0.3816291377109988
    ],
    [
      4.180085013635444e-07,
      0.002535566071007004,
      0.9970412117621842,
      0.0004228041254087315,
      3.289875982796555e-11
    ],
    [
      3.099590190519258e-05,
      0.13518502908702287,
      1.7894882497785366e-11,
      1.3576757497088978e-08,
      0.8647839614164196
    ],
    [
      0.8733383288687041,
      1.0832582514610013e-07,
      2.5002342294235447e-07,
      0.03758137083239831,
      0.08907994194964945
    ],
    [
      1.8562905656385718e-05,
      0.20074878058622336,
      1.0709144956636933e-10,
      1.481609368174612e-08,
      0.7992326415849352
    ],
    [
      0.040246622426004984,
      0.0017821121319212725,
      5.1691143383861335e-09,
      0.00014874395169030462,
      0.9578225163212691
    ],
    [
      1.477038297646893e-07,
      0.9214884279391458,
      0.07847581300296758,
      1.332876060974593e-06,
      3.42784779959175e-05
    ],
    [
      0.8624095552691042,
      1.8882297649373153e-10,
      7.908119725616489e-07,
      0.12324623222052752,
      0.01434342150957259
    ],
    [
      2.0137216895624848e-08,
      0.024878575373521963,
      0.9751021060576741,
      1.929840855096194e-05,
      2.3036108968105206e-11
    ],
    [
      6.523967007065983e-07,
      0.5349203865365524,
      8.250033234814432e-10,
      1.116943452817299e-09,
      0.46507895912480024
    ],
    [
      5.880965134926698e-07,
      0.7086643677410491,
      2.2883975523129934e-08,
      3.4247243654441394e-09,
      0.29133501785373744
    ],
    [
      4.281490800074687e-12,
      0.9638104025493968,
      0.0361877280389784,
      6.05946370505782e-11,
      1.869346748752245e-06
    ],
    [
      5.326492206880321e-09,
      0.01919733909451204,
      0.980789253343971,
      1.3402234507994009e-05,
      5.167401636621622e-13
    ],
    [
      0.8567421667275678,
      7.720857092005892e-08,
      2.640445931170873e-06,
      0.09881823933269096,
      0.04443687628523889
    ],
    [
      1.3739524465252828e-05,
      0.17754070990166404,
      0.8219587804238939,
      0.0004816426935787417,
      5.127456398088715e-06
    ],
    [
      0.2619289227839837,
      0.00011045055112611755,
      1.6093100333248963e-08,
      0.001765574901944347,
      0.7361950356698457
    ],
    [
      0.0007126742611615609,
      0.0014143228187104722,
      0.9509295959947989,
      0.04694184324610677,
      1.5636792221208229e-06
    ],
    [
      0.1894576054689791,
      2.4081876476714434e-05,
      2.9636807724455346e-13,
      3.436128479408188e-05,
      0.8104839513694537
    ],
    [
      0.13937762309854346,
      2.829322324381952e-05,
      0.04761478875712871,
      0.8120395583116317,
      0.0009397366094523707
    ],
    [
      0.16283808821129356,
      1.3246942947690753e-06,
      0.01308172729959662,
      0.8234642639326406,
      0.000614595862174433
    ],
    [
      9.065852567961874e-06,
      0.00021694412964583202,
      0.9933081899748768,
      0.006465799816064779,
      2.2684475423119585e-10
    ],
    [
      0.17912794885182387,
      0.0018593680428449588,
      1.8314652181355526e-06,
      0.0048667679473766556,
      0.8141440836927365
    ],
    [
      0.0024484357808767137,
      0.10408973793058754,
      4.857424246455841e-07,
      3.3324700390017286e-05,
      0.8934280158457213
    ],
    [
      1.979722703841579e-09,
      0.11878449303907192,
      0.8812142978358268,
      1.207063223691072e-06,
      8.215473099008135e-11
    ],
    [
      0.5293956699627195,
      2.8726525767600276e-05,
      1.6186735593369362e-07,
      0.009394195685091223,
      0.46118124595906596
    ],
    [
      2.0635760590938677e-08,
      0.14776971483356,
      0.8522254985199178,
      4.762492631332034e-06,
      3.5181304452044757e-09
    ],
    [
      0.0044914693171120585,
      0.03159488860773866,
      4.365792403656927e-08,
      2.8762793943127147e-05,
      0.9638848356232822
    ],
    [
      0.002794754667801733,
      5.798852012156908e-06,
      0.6387506347897017,
      0.3584485816653967,
      2.3002508747852144e-07
    ],
    [
      0.0007267467446742096,
      2.349784906231636e-11,
      0.24596232846810093,
      0.7533109245067448,
      2.5698258212174825e-10
    ],
    [
      3.3118831405482e-10,
      0.9908854541071881,
      0.009080223413498997,
      1.4386019503682527e-09,
      3.43207095226027e-05
    ],
    [
      0.00011734041035388902,
      0.07212596224773866,
      1.5994697316028523e-11,
      5.0557770366226727e-08,
      0.9277566467681424
    ],
    [
      0.14737946078950764,
      0.00035206227775941203,
      1.4111509573035217e-08,
      0.0008588544173374644,
      0.8514096084038858
    ],
    [
      8.111805024724686e-07,
      0.0010879562717860817,
      0.9979853871665016,
      0.0009258453565036127,
      2.4706022724258958e-11
    ],
    [
      1.992079156519045e-05,
      0.9828334798278199,
      0.0018672800628275158,
      1.0758939585578884e-05,
      0.015268560378201878
    ],
    [
      0.03196705434922246,
      5.797273707852542e-07,
      0.09573403642705294,
      0.872284545065951,
      1.3784430402970677e-05
    ],
    [
      0.11183317904561585,
      3.8036887375134025e-11,
      0.001472920485053147,
      0.8866338526516432,
      6.004777965096969e-05
    ],
    [
      0.4252156544497784,
      2.2244748215482955e-06,
      8.213730122029586e-13,
      0.00013585798887188414,
      0.5746462630857068
    ],
    [
      0.8846594993198821,
      9.459912413728565e-09,
      2.1595742245693974e-09,
      0.00844549919312493,
      0.10689498986750648
    ],
    [
      5.551649467923089e-07,
      0.9873597254261695,
      0.012083991550032907,
      1.3159352003762645e-06,
      0.000554411923650361
    ],
    [
      3.1417055484660636e-05,
      5.411291040660558e-06,
      0.9580546205523176,
      0.04190855106096974,
      4.018751138765892e-11
    ],
    [
      0.12988931948300028,
      0.001541896455698402,
      3.5913798435867453e-07,
      0.002042588895584381,
      0.8665258360277327
    ],
    [
      0.6052221879477669,
      7.319665144334064e-06,
      4.270471482682836e-08,
      0.007776847632652578,
      0.3869936020497215
    ],
    [
