{
  "dataset": "circles",
  "algorithm": "gmm",
  "params": {
    "n_components": 3,
    "covariance_type": "tied"
  },
  "labels": [
    0,
    0,
    0,
    1,
    0,
    1,
    0,
    0,
    0,
    1,
    2,
    1,
    1,
    0,
    0,
    1,
    2,
    2,
    0,
    1,
    2,
    2,
    2,
    0,
    0,
    2,
    2,
    1,
    0,
    0,
    2,
    0,
    1,
    1,
    2,
    0,
    1,
    0,
    1,
    0,
    1,
    0,
    2,
    1,
    2,
    0,
    2,
    2,
    1,
    2,
    0,
    1,
    1,
    1,
    1,
    0,
    1,
    2,
    1,
    0,
    2,
    2,
    0,
    2,
    0,
    2,
    1,
    0,
    2,
    1,
    0,
    0,
    2,
    2,
    0,
    0,
    2,
    0,
    1,
    2,
    1,
    0,
    2,
    1,
    0,
    0,
    1,
    1,
    0,
    0,
    0,
    2,
    0,
    0,
    1,
    0,
    0,
    0,
    1,
    2,
    2,
    1,
    2,
    0,
    0,
    0,
    0,
    2,
    0,
    1,
    1,
    1,
    0,
    2,
    2,
    2,
    2,
    2,
    0,
    2,
    2,
    1,
    0,
    1,
    2,
    2,
    1,
    1,
    1,
    0,
    2,
    0,
    2,
    2,
    1,
    0,
    1,
    2,
    2,
    2,
    0,
    1,
    2,
    0,
    2,
    2,
    2,
    2,
    2,
    1,
    2,
    0,
    2,
    2,
    2,
    0,
    2,
    2,
    1,
    0,
    0,
    0,
    1,
    2,
    1,
    2,
    2,
    2,
    1,
    0,
    2,
    1,
    2,
    0,
    0,
    1,
    0,
    1,
    1,
    0,
    1,
    1,
    1,
    2,
    1,
    1,
    0,
    0,
    1,
    1,
    2,
    0,
    1,
    2,
    0,
    2,
    1,
    0,
    1,
    0,
    1,
    0,
    2,
    1,
    1,
    1,
    2,
    0,
    2,
    0,
    2,
    0,
    0,
    0,
    2,
    0,
    1,
    2,
    0,
    2,
    1,
    2,
    2,
    1,
    1,
    0,
    2,
    1,
    2,
    0,
    0,
    0,
    1,
    2,
    0,
    0,
    0,
    1,
    1,
    1,
    1,
    1,
    1,
    2,
    1,
    0,
    0,
    2,
    0,
    1,
    2,
    2,
    2,
    1,
    2,
    1,
    1,
    1,
    1,
    1,
    2,
    0,
    0,
    0,
    1,
    2,
    1,
    0,
    1,
    0,
    1,
    1,
    2,
    2,
    2,
    0,
    1,
    1,
    2,
    0,
    0,
    2,
    1,
    2,
    1,
    1,
    0,
    1,
    1,
    0,
    0,
    0,
    1,
    0,
    0,
    1,
    0,
    1,
    2,
    2,
    1,
    2,
    0,
    1,
    1,
    1,
    2,
    2,
    0,
    0,
    0,
    2,
    1,
    1,
    0,
    2,
    1,
    0,
    0,
    0,
    1,
    1,
    2,
    1,
    0,
    2,
    0,
    2,
    1,
    1,
    1,
    2,
    2,
    2,
    1,
    1,
    1,
    0,
    2,
    0,
    0,
    2,
    2,
    1,
    1,
    2,
    2,
    1,
    1,
    2,
    2,
    1,
    2,
    2,
    1,
    0,
    2,
    1,
    2,
    1,
    0,
    2,
    2,
    0,
    0,
    2,
    2,
    0,
    1,
    1,
    2,
    1,
    2,
    2,
    2,
    1,
    1,
    1,
    0,
    1,
    1,
    2,
    2,
    0,
    1,
    0,
    0,
    2,
    1,
    2,
    0,
    2,
    1,
    2,
    2,
    1,
    1,
    0,
    2,
    1,
    2,
    2,
    1,
    2,
    2,
    2,
    0,
    0,
    2,
    1,
    1,
    0,
    2,
    1,
    1,
    0,
    2,
    0,
    0,
    1,
    2,
    1,
    2,
    0,
    1,
    0,
    1,
    2,
    2,
    1,
    0,
    0,
    0,
    2,
    0,
    0,
    2,
    2,
    2,
    0,
    0,
    1,
    2,
    1,
    0,
    2,
    1,
    0,
    2,
    0,
    2,
    0,
    0,
    0,
    2,
    1,
    1,
    1,
    2,
    1,
    1,
    0,
    0,
    0,
    2,
    2,
    2,
    0,
    1,
    1,
    2,
    1,
    1,
    1,
    0,
    1,
    0,
    2,
    0,
    1,
    1,
    1,
    0,
    0,
    0,
    0,
    1,
    0,
    1,
    2,
    0,
    2,
    2,
    1,
    0,
    0,
    2,
    0,
    1,
    0
  ],
  "means": [
    {
      "x": -0.3489777862345696,
      "y": 0.5121214410500157
    },
    {
      "x": -0.252345457151893,
      "y": -0.5563213766442757
    },
    {
      "x": 0.6331032429834722,
      "y": 0.06059707107876106
    }
  ],
  "probabilities": [
    [
      0.9009446781632493,
      0.08820708451257096,
      0.010848237324179902
    ],
    [
      0.9696891802590616,
      0.0007190454547050284,
      0.02959177428623338
    ],
    [
      0.6123939065541919,
      0.3697044383334107,
      0.017901655112397333
    ],
    [
      0.014944069311554316,
      0.9829729261586324,
      0.0020830045298133554
    ],
    [
      0.9943650598391811,
      0.004773644664349567,
      0.0008612954964692691
    ],
    [
      0.1288492587467008,
      0.8585261798470123,
      0.012624561406286776
    ],
    [
      0.6984870200274148,
      0.28535923973629573,
      0.01615374023628943
    ],
    [
      0.8129519775895617,
      0.18568637473552307,
      0.0013616476749151998
    ],
    [
      0.9813420211602841,
      0.0014003344236339014,
      0.017257644416082053
    ],
    [
      0.0054149999957662075,
      0.8967247245655818,
      0.09786027543865225
    ],
    [
      0.0036211863669500938,
      0.0018731049011420778,
      0.9945057087319079
    ],
    [
      0.00026287936722797274,
      0.9553899615888349,
      0.044347159043937136
    ],
    [
      0.026170204470082985,
      0.9517314886150973,
      0.022098306914819864
    ],
    [
      0.9955677070014586,
      0.002739946921768086,
      0.0016923460767734437
    ],
    [
      0.6209458540823652,
      0.338340852293238,
      0.04071329362439667
    ],
    [
      0.22157213444936916,
      0.7624932233793019,
      0.01593464217132887
    ],
    [
      0.016381788538352978,
      0.0598491779259802,
      0.9237690335356668
    ],
    [
      0.08551531455475125,
      0.0007268364418008479,
      0.9137578490034478
    ],
    [
      0.6098548747823196,
      0.03610851758393995,
      0.35403660763374045
    ],
    [
      0.06149581601011108,
      0.8968436281261868,
      0.041660555863702285
    ],
    [
      0.016104000507734747,
      0.100374444386333,
      0.8835215551059322
    ],
    [
      0.009291851101111082,
      0.032661452730286734,
      0.9580466961686023
    ],
    [
      0.39193195403638176,
      0.019759139571104038,
      0.5883089063925141
    ],
    [
      0.9223415424576591,
      0.05595492360316796,
      0.02170353393917297
    ],
    [
      0.9905271897423944,
      0.0024817975207842955,
      0.006991012736821299
    ],
    [
      0.06183748490116443,
      0.2663328680160926,
      0.6718296470827431
    ],
    [
      0.03605475027616761,
      0.12402482712891184,
      0.8399204225949206
    ],
    [
      0.0008730631645911239,
      0.5440353262408582,
      0.4550916105945507
    ],
    [
      0.9970097168010076,
      0.0025161437680719166,
      0.00047413943092052295
    ],
    [
      0.963214540546237,
      0.0200486026930389,
      0.016736856760724138
    ],
    [
      0.008461181716633685,
      0.2655395514148377,
      0.7259992668685288
    ],
    [
      0.972771839362561,
      0.01762911933706972,
      0.009599041300369262
    ],
    [
      0.011590119805059812,
      0.7487543410359694,
      0.23965553915897098
    ],
    [
      0.0015649300591407335,
      0.9956442493978942,
      0.0027908205429650118
    ],
    [
      0.0037725183837688803,
      0.0021203047842298615,
      0.9941071768320013
    ],
    [
      0.9196099320507024,
      0.048779412186883996,
      0.03161065576241369
    ],
    [
      0.05253242401286933,
      0.9414030881891282,
      0.006064487798002534
    ],
    [
      0.9720260868602697,
      0.0007185101982529994,
      0.027255402941477595
    ],
    [
      0.0014320352736151062,
      0.6654724559176179,
      0.333095508808767
    ],
    [
      0.9624640908998495,
      0.00043392366149638595,
      0.037101985438654124
    ],
    [
      0.19187709590342633,
      0.7863770779371586,
      0.02174582615941503
    ],
    [
      0.9952677010582424,
      0.004372123627480107,
      0.0003601753142773864
    ],
    [
      0.03284442432798854,
      0.1207050426007798,
      0.8464505330712315
    ],
    [
      0.0002148967369279503,
      0.9966063676580817,
      0.0031787356049903983
    ],
    [
      0.11093514932173551,
      0.0024925068163626778,
      0.8865723438619018
    ],
    [
      0.9848523371246711,
      0.0008086754359060523,
      0.01433898743942293
    ],
    [
      0.0015012475077701647,
      0.002031681103157225,
      0.9964670713890726
    ],
    [
      0.0045957509397997155,
      0.0005686168890428326,
      0.9948356321711577
    ],
    [
      0.011426559529514099,
      0.9811721748831959,
      0.007401265587290197
    ],
    [
      0.038555372256859115,
      0.0015385764095178253,
      0.9599060513336231
    ],
    [
      0.9980192731191349,
      0.00032436898277674915,
      0.0016563578980884417
    ],
    [
      0.001496814927852106,
      0.9954362755281108,
      0.003066909544037225
    ],
    [
      0.4252645417292012,
      0.573661014254369,
      0.0010744440164297529
    ],
    [
      0.05000555460313926,
      0.9376846169983145,
      0.012309828398546371
    ],
    [
      0.0004997432792180056,
      0.9794409773206276,
      0.020059279400154624
    ],
    [
      0.9444045101108178,
      0.00030953739562948515,
      0.05528595249355244
    ],
    [
      0.035088749005850024,
      0.9638282500231581,
      0.0010830009709918726
    ],
    [
      0.021342787561253785,
      0.0018833273577876894,
      0.9767738850809586
    ],
    [
      0.0007329212859653689,
      0.9112772171107826,
      0.08798986160325228
    ],
    [
      0.9980859015722091,
      0.00032731500216885424,
      0.001586783425622085
    ],
    [
      0.020458070955185224,
      0.1038931385075897,
      0.8756487905372249
    ],
    [
      0.07671069230291522,
      0.0505656367644856,
      0.8727236709325991
    ],
    [
      0.9414985793007739,
      0.01417739488395774,
      0.044324025815268536
    ],
    [
      0.010473459822743112,
      0.2719059282505037,
      0.7176206119267533
    ],
    [
      0.9978142394477083,
      0.0006515227343564494,
      0.0015342378179353281
    ],
    [
      0.3333740608195961,
      0.0007951499322763684,
      0.6658307892481277
    ],
    [
      0.010685596854173557,
      0.6771592828532584,
      0.31215512029256803
    ],
    [
      0.7473507766337012,
      0.0011503313735575524,
      0.2514988919927413
    ],
    [
      0.00037523508000107274,
      0.008760531388318641,
      0.9908642335316802
    ],
    [
      0.1925993621108612,
      0.7927114232765995,
      0.014689214612539185
    ],
    [
      0.8516768931538325,
      0.11031791783434872,
      0.038005189011818666
    ],
    [
      0.9147072141704318,
      0.04119093748939524,
      0.044101848340172965
    ],
    [
      0.2104971043331764,
      0.017399204458090102,
      0.7721036912087332
    ],
    [
      0.47273802952424654,
      0.004138836267920415,
      0.5231231342078331
    ],
    [
      0.8821455803911489,
      0.010968408046608005,
      0.10688601156224287
    ],
    [
      0.5406129370092758,
      0.006551627473068884,
      0.45283543551765526
    ],
    [
      0.14556947226960532,
      0.011719569941045479,
      0.8427109577893492
    ],
    [
      0.9853617512882094,
      0.0012114481821926012,
      0.013426800529598003
    ],
    [
      0.007688927425089947,
      0.8438680823934124,
      0.14844299018149767
    ],
    [
      0.009744426782764035,
      0.42909078347034235,
      0.5611647897468938
    ],
    [
      0.01295637547900996,
      0.9869384754035571,
      0.00010514911743329798
    ],
    [
      0.9973380777516662,
      0.0007215876020259113,
      0.0019403346463079283
    ],
    [
      0.042887706630125005,
      0.0992729045942658,
      0.8578393887756093
    ],
    [
      0.0011156748664797093,
      0.9945056268553252,
      0.004378698278195039
    ],
    [
      0.8759884774155625,
      0.009345830024981185,
      0.11466569255945636
    ],
    [
      0.9968106984619433,
      0.0016193199074942973,
      0.0015699816305624734
    ],
    [
      0.001120640896248734,
      0.9926525339805293,
      0.006226825123222069
    ],
    [
      0.11423720565105142,
      0.8306464763170187,
      0.05511631803192986
    ],
    [
      0.803966417156828,
      0.01611551131832859,
      0.17991807152484338
    ],
    [
      0.542529212897582,
      0.010055117814459908,
      0.4474156692879581
    ],
    [
      0.512830383835147,
      0.4758385582529686,
      0.011331057911884383
    ],
    [
      0.005172429441934292,
      0.10905765127746395,
      0.8857699192806018
    ],
    [
      0.9300453217427558,
      0.0617592012117717,
      0.008195477045472696
    ],
    [
      0.9295171188553504,
      0.009608853603533139,
      0.06087402754111655
    ],
    [
      0.035822618846776295,
      0.934238354032318,
      0.029939027120905872
    ],
    [
      0.857522327774307,
      0.11458360055709195,
      0.027894071668601018
    ],
    [
      0.9854024498088553,
      0.008629865884028613,
      0.005967684307116267
    ],
    [
      0.9519512330135413,
      0.002303700614042114,
      0.04574506637241674
    ],
    [
      0.005753314669458928,
      0.8686450595868355,
      0.12560162574370565
    ],
    [
      0.00482118398580125,
      0.0012579472559129667,
      0.993920868758286
    ],
    [
      0.0008873280083195497,
      0.0025496081623589354,
      0.9965630638293217
    ],
    [
      0.012737132344395757,
      0.9222089769761572,
      0.06505389067944714
    ],
    [
      0.04085019055117367,
      0.0017436940709450333,
      0.9574061153778811
    ],
    [
      0.9585511478259721,
      0.006472942291688011,
      0.03497590988234016
    ],
    [
      0.9523151705369219,
      0.019660584731384868,
      0.028024244731693227
    ],
    [
      0.837887824977242,
      0.00016620131384284856,
      0.16194597370891486
    ],
    [
      0.5206324875556515,
      0.012623866017723976,
      0.46674364642662475
    ],
    [
      0.0008816840315032356,
      0.10004145025156139,
      0.8990768657169355
    ],
    [
      0.9539107526057127,
      0.021243414640170398,
      0.02484583275411693
    ],
    [
      0.27711690114953297,
      0.7194647851591871,
      0.003418313691280279
    ],
    [
      0.18525267568423234,
      0.8142485673247052,
      0.0004987569910625304
    ],
    [
      0.01914011709735901,
      0.9518134832413886,
      0.02904639966125216
    ],
    [
      0.936330232476567,
      0.02131814353260681,
      0.042351623990826266
    ],
    [
      0.01798920365472916,
      0.0008345973225072063,
      0.9811761990227637
    ],
    [
      0.006508734859288207,
      0.2307691933305095,
      0.7627220718102024
    ],
    [
      0.1315758872942066,
      0.015593089137817952,
      0.8528310235679755
    ],
    [
      0.0014067933473104531,
      0.0029690170651393366,
      0.9956241895875504
    ],
    [
      0.0012016183215583433,
      0.06745692278897454,
      0.9313414588894671
    ],
    [
      0.8333914144135723,
      0.1653007505810106,
      0.0013078350054170672
    ],
    [
      0.26947823772068763,
      0.0019103537199844272,
      0.728611408559328
    ],
    [
      0.0023039416373249826,
      0.3927062811954819,
      0.6049897771671932
    ],
    [
      0.00027014519485571236,
      0.9985373392432607,
      0.0011925155618836738
    ],
    [
      0.7582222231940166,
      0.030007398082757805,
      0.2117703787232256
    ],
    [
      0.00806257486340286,
      0.989158977258629,
      0.0027784478779679664
    ],
    [
      0.0012176365805464382,
      0.01836682414307989,
      0.9804155392763739
    ],
    [
      0.0007265305017645655,
      0.016567692529395397,
      0.9827057769688401
    ],
    [
      0.013102795439731266,
      0.9817198033830445,
      0.005177401177224415
    ],
    [
      0.001427082144609295,
      0.7795944983596106,
      0.2189784194957801
    ],
    [
      0.3133111304264482,
      0.6856907045308888,
      0.0009981650426629859
    ],
    [
      0.9262222268793449,
      0.019349156955115566,
      0.054428616165539324
    ],
    [
      0.05304634865550528,
      0.0028062682373437772,
      0.9441473831071509
    ],
    [
      0.9369600218244319,
      0.06158564850093181,
      0.0014543296746363295
    ],
    [
      0.005096441222228375,
      0.1537514791132939,
      0.8411520796644777
    ],
    [
      0.08099951862305914,
      0.0075776728873037606,
      0.9114228084896372
    ],
    [
      0.46724968202726724,
      0.5321447791874829,
      0.0006055387852494883
    ],
    [
      0.9283692164342119,
      0.0005992608736783709,
      0.0710315226921096
    ],
    [
      0.00038192263140309895,
      0.97084111343201,
      0.0287769639365871
    ],
    [
      0.010831696732255276,
      0.00029649273794461913,
      0.9888718105298
    ],
    [
      0.013871594962640446,
      0.0011553996497227184,
      0.9849730053876369
    ],
    [
      0.03566130437481218,
      0.011136821523696216,
      0.9532018741014916
    ],
    [
      0.9233801798514313,
      0.00257115569074382,
      0.07404866445782503
    ],
    [
      0.00028644875104655125,
      0.898898156427671,
      0.10081539482128221
    ],
    [
      0.007989463087993427,
      0.027013035675071906,
      0.9649975012369348
    ],
    [
      0.9879849990007704,
      0.009362891695135643,
      0.0026521093040940335
    ],
    [
      0.005036203396219724,
      0.009715511752440344,
      0.98524828485134
    ],
    [
      0.0712777640976996,
      0.01700709429518797,
      0.9117151416071124
    ],
    [
      0.024726711830519672,
      0.0005556431273723868,
      0.9747176450421079
    ],
    [
      0.000659995430882576,
      0.12936937240942759,
      0.86997063215969
    ],
    [
      0.02674054738266865,
      0.014586402920775714,
      0.9586730496965558
    ],
    [
      0.022211271318387876,
      0.9261900348505019,
      0.05159869383111021
    ],
    [
      0.0022081504918343383,
      0.001135443730420199,
      0.9966564057777456
    ],
    [
      0.9244430718218329,
      0.07489766173375578,
      0.0006592664444112101
    ],
    [
      0.32750700082346373,
      0.0017818918518670793,
      0.670711107324669
    ],
    [
      0.01452651930943654,
      0.0010218234450335391,
      0.9844516572455302
    ],
    [
      0.008865420209947647,
      0.2329404400485304,
      0.758194139741522
    ],
    [
      0.8191702522435339,
      0.13913853168801082,
      0.041691216068455515
    ],
    [
      0.002668118906064435,
      0.0016920960401990677,
      0.9956397850537366
    ],
    [
      0.005567405246880379,
      0.4503440379973979,
      0.5440885567557217
    ],
    [
      0.13081203113349354,
      0.8627407393695281,
      0.006447229496978379
    ],
    [
      0.8155525434923192,
      0.0038762368806041997,
      0.1805712196270766
    ],
    [
      0.986793121198907,
      0.013065690028801138,
      0.00014118877229180577
    ],
    [
      0.7706796314133593,
      0.021921786296495566,
      0.20739858229014513
    ],
    [
      0.0233787248683963,
      0.9500810628484623,
      0.026540212283141462
    ],
    [
      0.08920499541861167,
      0.0005837218684578122,
      0.9102112827129305
    ],
    [
      0.032388076958722256,
      0.8142637630818105,
      0.15334815995946732
    ],
    [
      0.010437084981165147,
      0.15750801071065632,
      0.8320549043081785
    ],
    [
      0.04591501100796397,
      0.0013241046279529962,
      0.9527608843640831
    ],
    [
      0.006422689739759481,
      0.0009269011434901929,
      0.9926504091167505
    ],
    [
      0.014737434983432274,
      0.7568598455394069,
      0.2284027194771609
    ],
    [
      0.9835104378887605,
      0.01631065914076537,
      0.00017890297047410623
    ],
    [
      0.04697432905210649,
      0.000507098559218697,
      0.952518572388675
    ],
    [
      0.007835841940873427,
      0.9862281508167697,
      0.00593600724235698
    ],
    [
      0.050765347808295766,
      0.27281348288169255,
      0.6764211693100117
    ],
    [
      0.9579947509015887,
      0.04058064288654436,
      0.001424606211867133
    ],
    [
      0.9718645626810594,
      0.027174588985619336,
      0.0009608483333213723
    ],
    [
      0.0008458861837287883,
      0.9979415412390852,
      0.0012125725771861447
    ],
    [
      0.549617476119771,
      0.445671014223196,
      0.004711509657033287
    ],
    [
      0.0010005130449981087,
      0.9886461987703483,
      0.010353288184653616
    ],
    [
      0.02895653420134936,
      0.9700747803051254,
      0.0009686854935251637
    ],
    [
      0.7568329385455744,
      0.23586513325977046,
      0.007301928194655056
    ],
    [
      0.4178295466322329,
      0.5712102506564846,
      0.01096020271128257
    ],
    [
      0.0005389587906077634,
      0.9737961352238116,
      0.025664905985580508
    ],
    [
      0.04991568329364797,
      0.9358878515945421,
      0.014196465111809862
    ],
    [
      0.17352725897082322,
      0.0395793831819591,
      0.7868933578472177
    ],
    [
      0.004597484736422223,
      0.7702201394174956,
      0.22518237584608222
    ],
    [
      0.05408330538280979,
      0.9443577325180456,
      0.0015589620991446397
    ],
    [
      0.6954264496569647,
      0.28468633365068546,
      0.019887216692349823
    ],
    [
      0.9870668945148761,
      0.0006205144778954477,
      0.012312591007228531
    ],
    [
      0.0006578569787113382,
      0.50749067641679,
      0.49185146660449885
    ],
    [
      0.004119659544281636,
      0.9936479178273344,
      0.002232422628384066
    ],
    [
      0.010217262146553975,
      0.03489705704528746,
      0.9548856808081586
    ],
    [
      0.5955175356160337,
      0.3946509747957852,
      0.009831489588181077
    ],
    [
      0.11439617882538348,
      0.8733206602597342,
      0.012283160914882343
    ],
    [
      0.19441173422416735,
      0.022052864857018704,
      0.783535400918814
    ],
    [
      0.9818081683870534,
      0.017754547452083526,
      0.000437284160863264
    ],
    [
      0.0020664146013420967,
      0.008666238723195777,
      0.9892673466754622
    ],
    [
      0.04868259768768716,
      0.9502375248884252,
      0.001079877423887572
    ],
    [
      0.9772525982539862,
      0.01267865422748877,
      0.010068747518524962
    ],
    [
      0.03703995796106882,
      0.9615950544612053,
      0.0013649875777260695
    ],
    [
      0.6300590672657391,
      0.36024810832657983,
      0.009692824407681195
    ],
    [
      0.007138123260843239,
      0.6775129955811224,
      0.31534888115803417
    ],
    [
      0.9898013287696534,
      0.002070330802265875,
      0.008128340428080758
    ],
    [
      0.0009485277075489283,
      0.019669395599764602,
      0.9793820766926865
    ],
    [
      0.009742810300358,
      0.9891715100167623,
      0.0010856796828798065
    ],
    [
      0.008867973955078606,
      0.9888551311729992,
      0.0022768948719222447
    ],
    [
      0.0003518349903580348,
      0.9040239418454412,
      0.09562422316420058
    ],
    [
      0.0003907761197453638,
      0.00839327178627372,
      0.9912159520939812
    ],
    [
      0.9709589427124017,
      0.011066853822969765,
      0.01797420346462846
    ],
    [
      0.017151615939507196,
      0.1914136820137113,
      0.7914347020467813
    ],
    [
      0.8667889916987195,
      0.12358979342584146,
      0.009621214875438945
    ],
    [
      0.04838017602229893,
      0.035621784987411864,
      0.9159980389902891
    ],
    [
      0.9092033938927395,
      0.089917963128569,
      0.0008786429786918036
    ],
    [
      0.5225182778714461,
      0.03908104995361489,
      0.43840067217493894
    ],
    [
      0.671081489596866,
      0.020492787746440307,
      0.30842572265669377
    ],
    [
      0.006308583836607631,
      0.005779136769723326,
      0.9879122793936693
    ],
    [
      0.7160564626162876,
      0.25234778235299044,
      0.03159575503072219
    ],
    [
      0.18159316936671063,
      0.8004518695872049,
      0.017954961046084596
    ],
    [
      0.0007201348579298094,
      0.055436829572925714,
      0.9438430355691444
    ],
    [
      0.9160885645790923,
      0.07015853900433773,
      0.013752896416570305
    ],
    [
      0.001937999499560024,
      0.09973473033181732,
      0.8983272701686227
    ],
    [
      0.27368444864565694,
      0.7135416555261225,
      0.012773895828220612
    ],
    [
      0.08714645414092798,
      0.007996630167117125,
      0.9048569156919549
    ],
    [
      0.11385961990835415,
      0.00033951625945555686,
      0.8858008638321901
    ],
    [
      0.001203597288444265,
      0.9212927318832196,
      0.07750367082833616
    ],
    [
      0.08618743529834724,
      0.912391505134167,
      0.0014210595674859915
    ],
    [
      0.7990529044332438,
      0.1904104659289868,
      0.01053662963776928
    ],
    [
      0.002386571755959005,
      0.0062284049557076405,
      0.9913850232883333
    ],
    [
      0.02905611076040167,
      0.8793930319274798,
      0.0915508573121187
    ],
    [
      0.37233808709463684,
      0.011560840123668639,
      0.6161010727816943
    ],
    [
      0.8877937765365286,
      0.0015856765270685575,
      0.11062054693640268
    ],
    [
      0.9614465601060074,
      0.03774461705426047,
      0.0008088228397321236
    ],
    [
      0.9907023855393021,
      0.00663330741653425,
      0.0026643070441637216
    ],
    [
      0.010686866447948052,
      0.8338263472986096,
      0.15548678625344234
    ],
    [
      0.008641562624151479,
      0.0016706955014608275,
      0.9896877418743879
    ],
    [
      0.7114905690631684,
      0.26596073657976804,
      0.022548694357063807
    ],
    [
      0.9437191721098571,
      0.047133794032392505,
      0.009147033857750352
    ],
    [
      0.9603198109567386,
      0.01675984850972782,
      0.022920340533533687
    ],
    [
      0.010144796717881883,
      0.9878393993245157,
      0.0020158039576024917
    ],
    [
      0.023040989069240448,
      0.9751302919540685,
      0.001828718976691081
    ],
    [
      0.0011714417901064363,
      0.9963120123978668,
      0.002516545812026967
    ],
    [
      0.03124712324688872,
      0.964063008569238,
      0.004689868183873257
    ],
    [
      0.0010443162636163852,
      0.9914438686874075,
      0.00751181504897617
    ],
    [
      0.007971752008973423,
      0.8726900806862111,
      0.11933816730481553
    ],
    [
      0.0021165672829471156,
      0.001362169280445377,
      0.9965212634366076
    ],
    [
      0.22572039367436958,
      0.7590334123227044,
      0.015246194002926216
    ],
    [
      0.9749502143708272,
      0.019456766808990764,
      0.005593018820182108
    ],
    [
      0.9971712794247569,
      0.0005695966951057906,
      0.002259123880137536
    ],
    [
      0.3924967279601264,
      0.0005791564132844897,
      0.6069241156265889
    ],
    [
      0.835874215207413,
      0.013070760569606127,
      0.15105502422298092
    ],
    [
      0.006109718551943911,
      0.9916615039685589,
      0.002228777479497355
    ],
    [
      0.013739487693175836,
      0.28165101341254273,
      0.7046094988942815
    ],
    [
      0.46204183990883496,
      0.010272831813188369,
      0.5276853282779768
    ],
    [
      0.009459194388025135,
      0.20081173155249976,
      0.7897290740594751
    ],
    [
      0.0003527542225604024,
      0.9557085482829728,
      0.04393869749446684
    ],
    [
      0.3815290944446467,
      0.0299140984765056,
      0.5885568070788478
    ],
    [
      0.02249293316213211,
      0.9582624481139375,
      0.019244618723930556
    ],
    [
      0.01998500467831851,
      0.9793404970756097,
      0.0006744982460722681
    ],
    [
      0.16617651590156324,
      0.8305842769011315,
      0.0032392071973052438
    ],
    [
      0.011078932430780227,
      0.9887000344352675,
      0.0002210331339521673
    ],
    [
      0.025506930167720498,
      0.624695116619799,
      0.34979795321248025
    ],
    [
      0.41913130527235287,
      0.017449321690491116,
      0.5634193730371561
    ],
    [
      0.6158105391076977,
      0.3832179047097828,
      0.0009715561825197377
    ],
    [
      0.8386177654704259,
      0.14517267446803278,
      0.01620956006154127
    ],
    [
      0.9941794146275413,
      0.005138321084174747,
      0.0006822642882840584
    ],
    [
      0.09899043661281835,
      0.8987147434699446,
      0.0022948199172369756
    ],
    [
      0.0009521706431636206,
      0.004953245500756073,
      0.9940945838560804
    ],
    [
      0.017682681141573113,
      0.7102692771471367,
      0.2720480417112902
    ],
    [
      0.9902262270587315,
      0.008378960199989271,
      0.0013948127412791761
    ],
    [
      0.036247706925439764,
      0.951882873324657,
      0.011869419749903281
    ],
    [
      0.7355623277667,
      0.26409281062000434,
      0.0003448616132956152
    ],
    [
      0.0005358022439417848,
      0.9918232763839603,
      0.007640921372097985
    ],
    [
      0.0007783689183384975,
      0.8892386843598088,
      0.10998294672185295
    ],
    [
      0.0005597673764856184,
      0.003069321833755171,
      0.9963709107897593
    ],
    [
      0.3458796631769356,
      0.042922069109183766,
      0.6111982677138806
    ],
    [
      0.47816123843501923,
      0.0043953385001758325,
      0.5174434230648051
    ],
    [
      0.7402195924066977,
      0.22246998753796632,
      0.03731042005533604
    ],
    [
      0.27109349263438276,
      0.7068342201654434,
      0.02207228720017379
    ],
    [
      0.32927941783743697,
      0.6668486330205353,
      0.003871949142027722
    ],
    [
      0.07050485467506608,
      0.015584671983958897,
      0.9139104733409751
    ],
    [
      0.8242207304991885,
      0.1746823145126658,
      0.001096954988145873
    ],
    [
      0.5642376245903852,
      0.006055133992035722,
      0.4297072414175793
    ],
    [
      0.004840729419710121,
      0.3644792706619599,
      0.63067999991833
    ],
    [
      0.04936956833673168,
      0.9247618536458978,
      0.025868578017370296
    ],
    [
      0.0009204728814376194,
      0.23207577349172276,
      0.7670037536268397
    ],
    [
      0.4212063351136644,
      0.5771143342039927,
      0.0016793306823430798
    ],
    [
      0.015021970641062027,
      0.9674692337611834,
      0.01750879559775456
    ],
    [
      0.6396752638452575,
      0.013911741346265518,
      0.34641299480847687
    ],
    [
      0.01089741552264876,
      0.9146628502037167,
      0.07443973427363461
    ],
    [
      0.2130262796400613,
      0.7757649136900436,
      0.011208806669895039
    ],
    [
      0.6574304387541192,
      0.02297371000940306,
      0.3195958512364776
    ],
    [
      0.9315428302026302,
      0.05368428715482666,
      0.014772882642543058
    ],
    [
      0.7506041279416298,
      0.01139483603719944,
      0.23800103602117084
    ],
    [
      0.0749918714885775,
      0.9172146900355395,
      0.0077934384758828685
    ],
    [
      0.9730449232928504,
      0.015886528736007797,
      0.01106854797114182
    ],
    [
      0.9444419474173142,
      0.05449733931838478,
      0.0010607132643008098
    ],
    [
      0.0019016566123695718,
      0.9899360680976335,
      0.008162275289997068
    ],
    [
      0.7895902688251992,
      0.011742445864168815,
      0.198667285310632
    ],
    [
      0.009679956401859103,
      0.9146205608104216,
      0.07569948278771936
    ],
    [
      0.00866629913595453,
      0.07519647925341022,
      0.9161372216106353
    ],
    [
      0.01607238712463367,
      0.17463964407650606,
      0.8092879687988602
    ],
    [
      0.04291836663823957,
      0.9059626174696438,
      0.05111901589211658
    ],
    [
      0.0005483115524909894,
      0.05660262450689855,
      0.9428490639406105
    ],
    [
      0.8827896195672971,
      0.002287385665170483,
      0.11492299476753239
    ],
    [
      0.0010319551570878542,
      0.9983047550488354,
      0.0006632897940768575
    ],
    [
      0.19435167348286486,
      0.8045150800544227,
      0.001133246462712142
    ],
    [
      0.0014414797266830736,
      0.9162450333141061,
      0.08231348695921095
    ],
    [
      0.018521776707959417,
      0.007786415176966143,
      0.9736918081150745
    ],
    [
      0.0014396091208623244,
      0.026171071815459888,
      0.9723893190636778
    ],
    [
      0.8703393439897009,
      0.129220074557824,
      0.0004405814524749489
    ],
    [
      0.8132389943682057,
      0.18602853818688123,
      0.0007324674449128551
    ],
    [
      0.9159282097962602,
      0.062409561713497624,
      0.021662228490242193
    ],
    [
      0.0022838128212508317,
      0.14054165179223502,
      0.857174535386514
    ],
    [
      0.08503171740108088,
      0.9035578640055261,
      0.011410418593393081
    ],
    [
      0.11827002772113698,
      0.8649723014414555,
      0.016757670837407316
    ],
    [
      0.7188497858041762,
      0.2799998447205338,
      0.0011503694752901035
    ],
    [
      0.3046203407321609,
      0.007955463705707265,
      0.6874241955621319
    ],
    [
      0.13831570411421618,
      0.820159661835774,
      0.041524634050009834
    ],
    [
      0.9822226952767059,
      0.016820800732635834,
      0.0009565039906582291
    ],
    [
      0.6811775336302404,
      0.29430045542475525,
      0.02452201094500425
    ],
    [
      0.9407358559401697,
      0.019886012229609538,
      0.0393781318302208
    ],
    [
      0.17860707081595179,
      0.820725998602379,
      0.00066693058166923
    ],
    [
      0.007383932287411716,
      0.7729895397398624,
      0.21962652797272594
    ],
    [
      0.43426933045871524,
      0.0011206128211494017,
      0.5646100567201354
    ],
    [
      0.016516162635564127,
      0.5252852305312952,
      0.4581986068331408
    ],
    [
      0.9809491508923781,
      0.00047567513497870416,
      0.01857517397264317
    ],
    [
      0.11215575512784384,
      0.005409487410880282,
      0.8824347574612758
    ],
    [
      0.995445283669376,
      0.002629956850030355,
      0.00192475948059369
    ],
    [
      0.0011518188690537523,
      0.013678591045538771,
      0.9851695900854074
    ],
    [
      0.0009070810460437139,
      0.991861843192083,
      0.007231075761873429
    ],
    [
      0.3990504820290384,
      0.5895928427189069,
      0.011356675252054515
    ],
    [
      0.005060870425157006,
      0.9931951537368329,
      0.0017439758380103105
    ],
    [
      0.011518271830968527,
      0.0031613019514491964,
      0.9853204262175823
    ],
    [
      0.12648796332067633,
      0.0005040433622838777,
      0.8730079933170399
    ],
    [
      0.034738295249716486,
      0.0009032210454878894,
      0.9643584837047958
    ],
    [
      0.0036584290635726818,
      0.9918731878596397,
      0.0044683830767875375
    ],
    [
      0.08018066263229275,
      0.9192363818904357,
      0.0005829554772717172
    ],
    [
      0.0593046342142447,
      0.9114512370840331,
      0.02924412870172231
    ],
    [
      0.9842483774155152,
      0.011299671629674338,
      0.004451950954810645
    ],
    [
      0.00047081711363782447,
      0.13451117674411364,
      0.8650180061422486
    ],
    [
      0.9866005362879995,
      0.011720297447141934,
      0.001679166264858639
    ],
    [
      0.8057210969967039,
      0.00045630657088071685,
      0.19382259643241528
    ],
    [
      0.002002813079628328,
      0.011489044796287004,
      0.9865081421240847
    ],
    [
      0.012921647060941196,
      0.0686356923291036,
      0.9184426606099552
    ],
    [
      0.44019236429788394,
      0.5504471217016608,
      0.00936051400045514
    ],
    [
      0.0007892472804218019,
      0.9980056940223992,
      0.0012050586971790898
    ],
    [
      0.1639449653106051,
      0.0010514285239039299,
      0.8350036061654911
    ],
    [
      0.03956231183952033,
      0.04431783347404172,
      0.9161198546864379
    ],
    [
      0.03251510538548694,
      0.9296614617495319,
      0.037823432864981334
    ],
    [
      0.0056739408134196595,
      0.6914155516444443,
      0.30291050754213616
    ],
    [
      0.37698844406019194,
      0.01905051337345177,
      0.6039610425663565
    ],
    [
      0.020915406494070952,
      0.04704385145065206,
      0.9320407420552771
    ],
    [
      0.0377795085131681,
      0.9493164735313017,
      0.012904017955530287
    ],
    [
      0.005325567226209563,
      0.002429808829287605,
      0.9922446239445031
    ],
    [
      0.02241822590569711,
      0.04535602046215456,
      0.9322257536321483
    ],
    [
      0.020421840822110186,
      0.8763570757805944,
      0.10322108339729558
    ],
    [
      0.9927832582293016,
      0.006854166400157385,
      0.00036257537054124896
    ],
    [
      0.0005260873938501358,
      0.10955058102344416,
      0.8899233315827054
    ],
    [
      0.0041779335821515344,
      0.9644692314037482,
      0.031352835014100265
    ],
    [
      0.000948291383088608,
      0.4608924555129617,
      0.5381592531039497
    ],
    [
      0.0007600256833307819,
      0.9980147919413337,
      0.0012251823753355769
    ],
    [
      0.9974800614103236,
      0.002146623050550019,
      0.0003733155391267096
    ],
    [
      0.3097350290612187,
      0.005817108670276554,
      0.6844478622685046
    ],
    [
      0.001020033881739785,
      0.22413802063861069,
      0.7748419454796497
    ],
    [
      0.9529112829402215,
      0.000753094331687795,
      0.0463356227280907
    ],
    [
      0.7899667953910581,
      0.0013448756344019682,
      0.20868832897454007
    ],
    [
      0.04311428194543833,
      0.0006800024294818055,
      0.9562057156250802
    ],
    [
      0.036420914294169646,
      0.008877116712114866,
      0.9547019689937155
    ],
    [
      0.9426252100651146,
      0.03163579315910306,
      0.02573899677578219
    ],
    [
      0.001012475935455256,
      0.8174159806002144,
      0.1815715434643302
    ],
    [
      0.009343942392265896,
      0.8539643152616863,
      0.1366917423460479
    ],
    [
      0.0554106476135331,
      0.0005585964630034252,
      0.9440307559234634
    ],
    [
      0.043761335772256736,
      0.8498342709325668,
      0.10640439329517631
    ],
    [
      0.0007028554066983764,
      0.04526032313285357,
      0.9540368214604478
    ],
    [
      0.042235164746198595,
      0.014923778254852409,
      0.9428410569989488
    ],
    [
      0.3520425580813305,
      0.005493839154074977,
      0.6424636027645946
    ],
    [
      0.0033637632589828257,
      0.993202744308212,
      0.003433492432805147
    ],
    [
      0.03050763452567557,
      0.8291603958343606,
      0.14033196963996372
    ],
    [
      0.33535741582150436,
      0.6633108481877343,
      0.0013317359907610727
    ],
    [
      0.8532893208658019,
      0.0010744153297485891,
      0.14563626380444958
    ],
    [
      0.36076995795484645,
      0.6356114146822966,
      0.0036186273628567903
    ],
    [
      0.39473642156129163,
      0.6006654319903503,
      0.004598146448358105
    ],
    [
      0.006369009749505886,
      0.4265178810458186,
      0.5671131092046755
    ],
    [
      0.0031072605025755616,
      0.0011109846389138517,
      0.9957817548585106
    ],
    [
      0.9500120800679683,
      0.01563614985273907,
      0.03435177007929266
    ],
    [
      0.034640258795054224,
      0.5482680612447044,
      0.41709167996024143
    ],
    [
      0.9891470231510177,
      8.354518854977288e-05,
      0.010769431660432425
    ],
    [
      0.6023191654125883,
      0.020122545606797233,
