{
  "dataset": "circles",
  "algorithm": "gmm",
  "params": {
    "n_components": 6,
    "covariance_type": "spherical"
  },
  "labels": [
    0,
    3,
    4,
    4,
    0,
    4,
    4,
    4,
    3,
    1,
    5,
    1,
    1,
    0,
    4,
    4,
    2,
    5,
    3,
    1,
    2,
    2,
    3,
    0,
    0,
    2,
    2,
    2,
    0,
    0,
    2,
    0,
    1,
    1,
    5,
    0,
    4,
    3,
    2,
    3,
    4,
    0,
    2,
    1,
    5,
    3,
    5,
    5,
    1,
    5,
    0,
    1,
    4,
    4,
    1,
    3,
    4,
    5,
    1,
    0,
    2,
    5,
    0,
    2,
    0,
    3,
    1,
    3,
    2,
    4,
    0,
    0,
    5,
    3,
    3,
    3,
    5,
    3,
    1,
    2,
    4,
    0,
    2,
    1,
    3,
    0,
    1,
    4,
    3,
    3,
    4,
    2,
    0,
    3,
    1,
    0,
    0,
    3,
    1,
    5,
    5,
    1,
    5,
    3,
    0,
    3,
    3,
    2,
    0,
    4,
    4,
    1,
    0,
    5,
    2,
    5,
    5,
    2,
    4,
    3,
    2,
    1,
    3,
    1,
    2,
    2,
    1,
    1,
    4,
    0,
    5,
    0,
    2,
    5,
    4,
    3,
    1,
    5,
    5,
    5,
    3,
    1,
    2,
    0,
    5,
    5,
    5,
    2,
    5,
    1,
    5,
    0,
    3,
    5,
    2,
    0,
    5,
    2,
    4,
    3,
    0,
    3,
    1,
    5,
    1,
    2,
    5,
    5,
    1,
    0,
    5,
    1,
    2,
    0,
    0,
    1,
    4,
    1,
    4,
    4,
    4,
    1,
    4,
    5,
    1,
    4,
    4,
    3,
    2,
    1,
    2,
    4,
    4,
    5,
    0,
    2,
    4,
    0,
    4,
    4,
    1,
    0,
    2,
    4,
    1,
    1,
    2,
    0,
    2,
    0,
    5,
    0,
    3,
    3,
    5,
    0,
    4,
    2,
    0,
    2,
    4,
    5,
    3,
    1,
    4,
    0,
    5,
    1,
    3,
    3,
    0,
    0,
    1,
    5,
    0,
    0,
    0,
    4,
    4,
    1,
    4,
    1,
    1,
    5,
    4,
    0,
    0,
    3,
    3,
    1,
    2,
    3,
    2,
    1,
    3,
    1,
    4,
    4,
    4,
    1,
    3,
    4,
    0,
    0,
    4,
    2,
    1,
    0,
    4,
    4,
    1,
    1,
    2,
    3,
    3,
    0,
    4,
    4,
    5,
    4,
    3,
    2,
    1,
    2,
    4,
    1,
    3,
    1,
    4,
    3,
    0,
    3,
    4,
    0,
    0,
    1,
    3,
    1,
    2,
    2,
    1,
    2,
    3,
    1,
    4,
    1,
    5,
    2,
    0,
    4,
    0,
    2,
    4,
    4,
    4,
    3,
    4,
    0,
    4,
    0,
    4,
    1,
    3,
    2,
    3,
    5,
    0,
    2,
    1,
    4,
    1,
    5,
    3,
    5,
    1,
    4,
    1,
    0,
    2,
    0,
    3,
    2,
    2,
    4,
    1,
    3,
    5,
    1,
    1,
    3,
    2,
    4,
    5,
    2,
    1,
    0,
    2,
    1,
    2,
    1,
    0,
    3,
    2,
    3,
    3,
    5,
    5,
    0,
    1,
    1,
    5,
    1,
    2,
    5,
    3,
    1,
    1,
    4,
    3,
    4,
    4,
    2,
    5,
    0,
    2,
    3,
    3,
    5,
    4,
    3,
    4,
    2,
    4,
    2,
    5,
    1,
    1,
    0,
    2,
    2,
    2,
    3,
    1,
    5,
    2,
    2,
    3,
    0,
    5,
    1,
    1,
    3,
    2,
    4,
    1,
    3,
    5,
    0,
    3,
    4,
    5,
    1,
    2,
    3,
    1,
    0,
    1,
    3,
    5,
    1,
    4,
    0,
    0,
    2,
    3,
    0,
    5,
    2,
    5,
    3,
    0,
    4,
    5,
    1,
    0,
    5,
    4,
    3,
    2,
    3,
    5,
    3,
    0,
    3,
    2,
    1,
    1,
    1,
    5,
    1,
    1,
    3,
    3,
    0,
    2,
    5,
    5,
    3,
    1,
    4,
    5,
    1,
    1,
    4,
    3,
    1,
    0,
    5,
    3,
    4,
    4,
    4,
    0,
    0,
    4,
    0,
    1,
    0,
    2,
    2,
    4,
    5,
    5,
    1,
    0,
    0,
    5,
    0,
    1,
    0
  ],
  "means": [
    {
      "x": -0.5779627185887364,
      "y": 0.4949387693493932
    },
    {
      "x": -0.07235629007133987,
      "y": -0.7330265382912987
    },
    {
      "x": 0.6399472974961394,
      "y": -0.39829211574734735
    },
    {
      "x": 0.18204071175475992,
      "y": 0.7245473330340054
    },
    {
      "x": -0.6779573800785536,
      "y": -0.25463841034193896
    },
    {
      "x": 0.7371882585263171,
      "y": 0.2783370911310387
    }
  ],
  "probabilities": [
    [
      0.8754604625741397,
      0.0001759497613392888,
      1.9482756999411538e-07,
      0.002988299082801795,
      0.12137486747546294,
      2.2627868639616208e-07
    ],
    [
      0.0614401914640047,
      1.995027452459697e-09,
      4.562838833390865e-09,
      0.9384991565162237,
      9.5312081469875e-07,
      5.9692341090636825e-05
    ],
    [
      0.30205247319239187,
      0.005664754924091928,
      3.488537407385681e-06,
      0.00046306490822239476,
      0.6918159653625445,
      2.530753418422772e-07
    ],
    [
      0.000192298130337572,
      0.28054410004187885,
      3.794854812333521e-06,
      5.5477770828318725e-09,
      0.719259801362934,
      6.226009403390707e-11
    ],
    [
      0.9970792570069097,
      4.1901022177772316e-08,
      6.706711298946633e-12,
      0.0009290012275240276,
      0.0019916996523014784,
      2.0553606915372727e-10
    ],
    [
      0.010319692156835572,
      0.08634319313341061,
      2.105311861029244e-05,
      5.234464793246049e-06,
      0.9033107938936142,
      3.3232736314523304e-08
    ],
    [
      0.4369207413223603,
      0.002958594566739173,
      1.9030954564639427e-06,
      0.0007312482617326344,
      0.5593872689819448,
      2.4377176666076883e-07
    ],
    [
      0.43001179733394024,
      8.237964721899188e-05,
      3.2887214585001407e-10,
      6.469763010158251e-06,
      0.5698993529152747,
      1.1683912551200207e-11
    ],
    [
      0.3070628637678184,
      2.0366850269832938e-08,
      7.96466525802151e-09,
      0.6928930719679587,
      1.9877993409408993e-05,
      2.4157939297953842e-05
    ],
    [
      8.431266018290457e-07,
      0.9295831246360875,
      0.06853338984075132,
      1.0712730423139677e-07,
      0.0018757027817870374,
      6.832487467941108e-06
    ],
    [
      1.2697094341553325e-08,
      2.1425911948348603e-06,
      0.041257928283851934,
      0.0009304029412834778,
      3.072424857675063e-10,
      0.957809513179333
    ],
    [
      1.2970260257431165e-10,
      0.9668748149421627,
      0.03310560648327245,
      9.136269225325093e-12,
      1.956075888235608e-05,
      1.7676843844949312e-08
    ],
    [
      0.0003456365333390892,
      0.7748708767075047,
      0.0013213344280016627,
      1.056446739770983e-06,
      0.22346074295425244,
      3.5293016226086945e-07
    ],
    [
      0.9913224370453844,
      2.5589655808855226e-08,
      3.574973799726997e-11,
      0.008115437390484535,
      0.0005620944871255061,
      5.451600151854432e-09
    ],
    [
      0.41484058518676165,
      0.013454298079079661,
      5.40859684156126e-05,
      0.003912257676469941,
      0.5677293450585545,
      9.428030718601963e-06
    ],
    [
      0.02894368947182841,
      0.04579246100467013,
      1.5575056354055353e-05,
      2.1211772132519625e-05,
      0.9252269891179731,
      7.357704199186257e-08
    ],
    [
      3.755325825319644e-06,
      0.005332613151479894,
      0.7275860774892882,
      0.001150854506381092,
      6.530140142658207e-06,
      0.2659201693868831
    ],
    [
      8.331803899339643e-06,
      1.3577824094547063e-08,
      0.00010397924358940956,
      0.36054557149488303,
      6.481791617215975e-10,
      0.6393421032316252
    ],
    [
      0.05539631627956812,
      0.00017730174226464899,
      0.0009828536069500504,
      0.8915658963157076,
      0.0005816602508566878,
      0.05129597180465287
    ],
    [
      0.002389578788842471,
      0.6396658267168588,
      0.002835645460614851,
      1.916064644385979e-05,
      0.3550855070848046,
      4.2813024354331265e-06
    ],
    [
      3.323343628405853e-06,
      0.01345239257328093,
      0.8710045661732574,
      0.00045549795793600647,
      1.496722637616895e-05,
      0.11506925272552121
    ],
    [
      6.481027406950468e-07,
      0.0016351990192811482,
      0.656495366260677,
      0.0006295353089824739,
      7.803446442535161e-07,
      0.3412384709636744
    ],
    [
      0.006531577466244437,
      4.052436369114624e-05,
      0.0015886835201379583,
      0.7978558306361959,
      3.300784390000225e-05,
      0.1939503761698304
    ],
    [
      0.9327010929929547,
      0.0001338315755126001,
      1.1666405197570337e-06,
      0.024949054303026744,
      0.04220901286736031,
      5.8416206257363595e-06
    ],
    [
      0.8517800540788026,
      6.975337434792406e-08,
      2.2723864296689026e-09,
      0.14799335855483622,
      0.00022518552075194423,
      1.3298198482799126e-06
    ],
    [
      0.0003825686808980921,
      0.13326142867336283,
      0.7737570962007327,
      0.004300054652839788,
      0.0019641811121039027,
      0.08633467068006258
    ],
    [
      5.024554198927607e-05,
      0.024655046935330112,
      0.7704645252021054,
      0.0032681572819309966,
      0.00012094279266201317,
      0.20144108224598245
    ],
    [
      3.099649911962898e-10,
      0.1801446640424582,
      0.8198183169896488,
      2.958782916672608e-09,
      1.360504823490893e-06,
      3.5655194321535395e-05
    ],
    [
      0.9985630632540499,
      6.801098646632154e-09,
      6.184782561028e-13,
      0.0006268857148420463,
      0.0008100441946502025,
      3.4740901462807563e-11
    ],
    [
      0.9334945700639611,
      1.1811379744959154e-05,
      2.0907355237482965e-07,
      0.05921517047004272,
      0.007272366940781337,
      5.8720719177305606e-06
    ],
    [
      3.417815661559003e-07,
      0.05980694626322617,
      0.9333358145525904,
      1.0365450157601524e-05,
      2.079249047947273e-05,
      0.006825739461980091
    ],
    [
      0.9691262053133556,
      5.441733151996752e-06,
      3.4571724272699516e-08,
      0.023362235261287768,
      0.007505293116356639,
      7.900041238591424e-07
    ],
    [
      4.023643543893469e-06,
      0.7109557035872038,
      0.28714328063239736,
      2.818795689896024e-06,
      0.001674709185364444,
      0.00021946415580069775
    ],
    [
      4.822647005892874e-07,
      0.9709738011073394,
      7.138460216451204e-05,
      6.958761575545002e-11,
      0.028954331886427702,
      6.978018366633504e-11
    ],
    [
      1.5378309775589695e-08,
      2.9130633982676473e-06,
      0.04792903248456265,
      0.0009406550582897594,
      4.4119891596829304e-10,
      0.9511273835742405
    ],
    [
      0.9087548560187552,
      0.00014295690256164716,
      3.2743477985978495e-06,
      0.06344272197550105,
      0.027627755641891908,
      2.8435113491693346e-05
    ],
    [
      0.0019124703572660229,
      0.14873998986401876,
      1.1044308094166512e-05,
      2.936063323189576e-07,
      0.8493361993422807,
      2.5220080073742306e-09
    ],
    [
      0.07145880147695456,
      2.119054427501161e-09,
      4.121172209818554e-09,
      0.928488859302352,
      1.1451947365028066e-06,
      5.118778573019657e-05
    ],
    [
      2.7545712212924e-09,
      0.3682478085431133,
      0.6317080791538328,
      9.236411300821304e-09,
      1.0816793723387239e-05,
      3.3283518348317475e-05
    ],
    [
      0.021981880473696896,
      3.4904376709231e-10,
      2.0454782908095876e-09,
      0.9779486281301389,
      1.2426658315979102e-07,
      6.936473505892675e-05
    ],
    [
      0.02484892538969039,
      0.08646154917944306,
      6.0338728619333254e-05,
      3.580292066955703e-05,
      0.8885930906913015,
      2.930902763121561e-07
    ],
    [
      0.9974371352352193,
      1.607552090622146e-08,
      3.9437556810675807e-13,
      0.00016292582413853426,
      0.0023999228585099928,
      6.216948721741052e-12
    ],
    [
      3.662120617229517e-05,
      0.02284789180197634,
      0.783629072822774,
      0.0026182578483551883,
      9.428283273413252e-05,
      0.19077387348798802
    ],
    [
      8.956292477576807e-10,
      0.9992056318635895,
      0.0001873141301660525,
      3.5365161792268326e-13,
      0.0006070530993279349,
      1.0933953537592855e-11
    ],
    [
      4.339015943550743e-05,
      3.3121112858305516e-07,
      0.0005924795754357292,
      0.3326793204084542,
      2.275064327133022e-08,
      0.6666844558949028
    ],
    [
      0.24226986626841207,
      4.589660592589308e-09,
      2.1923912004416897e-09,
      0.7577093011444758,
      6.293476188121092e-06,
      1.4532328872463088e-05
    ],
    [
      1.9009175791037337e-09,
      5.7389302424434595e-06,
      0.14560879367300147,
      0.00018147127452644522,
      1.614760787980756e-10,
      0.8542039940598362
    ],
    [
      8.376095287408292e-09,
      6.726365489056695e-08,
      0.004166972060722865,
      0.0025504088033466202,
      1.7533110912595223e-11,
      0.9932825434786471
    ],
    [
      7.23182079244702e-05,
      0.773863356140862,
      0.00019061440748544066,
      3.325105857788717e-08,
      0.22587367139718773,
      6.595481711391846e-09
    ],
    [
      2.495301654289387e-06,
      2.0002697644931494e-07,
      0.001306883693991578,
      0.07149012754034528,
      2.0809634416091345e-09,
      0.927200291356069
    ],
    [
      0.8875403873890015,
      3.4556830080826077e-10,
      4.939498310038058e-12,
      0.1124485157142733,
      1.1067717131567651e-05,
      2.8829085621250677e-08
    ],
    [
      3.8661929606038354e-07,
      0.9763239934794729,
      8.929119131821645e-05,
      6.896342090632325e-11,
      0.023586328552383885,
      8.85655874810445e-11
    ],
    [
      0.03991048795186459,
      0.00044085216394486044,
      3.183761258197053e-10,
      9.839443762575354e-08,
      0.9596485611709272,
      4.497024595467142e-13
    ],
    [
      0.0019040014991368503,
      0.32955409395429114,
      0.00011758758658369654,
      1.3113701674108863e-06,
      0.668422958938267,
      4.665155384434162e-08
    ],
    [
      2.137691763508147e-09,
      0.9936317010318708,
      0.006148698374889976,
      2.535927179665878e-11,
      0.0002195933505369496,
      5.079651236760811e-09
    ],
    [
      0.006773518316450428,
      8.983893387168083e-11,
      1.5738698330020017e-09,
      0.9931118372659749,
      1.766507060713713e-08,
      0.00011462508879531189
    ],
    [
      0.0006205289163923322,
      0.036145091702131156,
      6.949960089027791e-08,
      2.9603734020722893e-09,
      0.963234306919621,
      1.881211905846086e-12
    ],
    [
      7.213275724022845e-07,
      5.253749393513849e-07,
      0.004024399090490526,
      0.022278195120027145,
      1.843576697883964e-09,
      0.973696157243394
    ],
    [
      1.6887326007124792e-09,
      0.9031938198598785,
      0.09675715896882667,
      3.4700365318494233e-10,
      4.8584520685055227e-05,
      4.3461487364168563e-07
    ],
    [
      0.897088682257096,
      3.412263258587226e-10,
      4.411356694707233e-12,
      0.10289971570518659,
      1.1577198341809991e-05,
      2.44937376161217e-08
    ],
    [
      7.442054089881374e-06,
      0.015281847294148672,
      0.8395744775648752,
      0.0008625692570180852,
      2.6417448362681067e-05,
      0.14424724638150546
    ],
    [
      0.0003257069974729157,
      0.002727201373314474,
      0.19516749609707007,
      0.055784921416682696,
      6.028762880843567e-05,
      0.7459343864866516
    ],
    [
      0.5758163258763567,
      1.0045464523189316e-05,
      2.041950844782333e-06,
      0.42231145224774697,
      0.00164092724559559,
      0.0002192072149327653
    ],
    [
      7.225332676595253e-07,
      0.06755041288334471,
      0.9236742482761809,
      1.905111601782867e-05,
      3.5251215805927726e-05,
      0.008720313975382999
    ],
    [
      0.9575477924147326,
      1.341550423501596e-09,
      7.729079854185152e-12,
      0.042408931149067186,
      4.3261955437556204e-05,
      1.3131483359553979e-08
    ],
    [
      9.400568628319853e-05,
      2.1967246988794073e-09,
      3.396637113902151e-06,
      0.9254066339483293,
      1.6790483808147521e-09,
      0.07449595985250038
    ],
    [
      2.299634707129593e-06,
      0.5564044164075711,
      0.4423676816874903,
      3.2157550980325017e-06,
      0.0007883575828365738,
      0.0004340289322968973
    ],
    [
      0.0016042052109728096,
      2.4557711220026375e-09,
      2.502938264293474e-07,
      0.9939836315175634,
      3.069987461576864e-08,
      0.0044118798219917165
    ],
    [
      3.436331451503004e-11,
      0.00014259417497973395,
      0.9487441156099427,
      7.386196910601652e-07,
      2.1961601728511017e-10,
      0.05111255134140701
    ],
    [
      0.02179868829981547,
      0.05287406363342587,
      1.5595452680810757e-05,
      1.3742186561265776e-05,
      0.9252978567556331,
      5.367188344345166e-08
    ],
    [
      0.857660737983958,
      0.001042566223577451,
      1.3015865682301966e-05,
      0.0290775297150475,
      0.11217990640088085,
      2.6243810854115564e-05
    ],
    [
      0.8378756544104793,
      0.0001315965050331375,
      7.452765657815163e-06,
      0.14538131111490757,
      0.016490479741162148,
      0.00011350546276008777
    ],
    [
      0.0013488106002691326,
      5.6312609264728145e-05,
      0.006313398812333272,
      0.458999466520511,
      1.0754461552481866e-05,
      0.5332712569960694
    ],
    [
      0.001411021103787963,
      2.1118031491831097e-07,
      3.210104277901889e-05,
      0.9340979643822628,
      3.557252782843054e-07,
      0.06445834656557708
    ],
    [
      0.14009398765144043,
      4.275387963512741e-06,
      7.081125474106093e-06,
      0.857645854486102,
      0.00018613575525147622,
      0.002062665593768392
    ],
    [
      0.003647046222971623,
      7.644119560980356e-07,
      4.9880505751714756e-05,
      0.9462931259400137,
      1.8872654498575322e-06,
      0.05000729565385699
    ],
    [
      0.0003695719942105128,
      2.377210769893552e-05,
      0.006157217512631258,
      0.30382550553948234,
      2.2530276713938415e-06,
      0.6896216798183057
    ],
    [
      0.37844181079397443,
      1.4649068737678889e-08,
      4.014061951627682e-09,
      0.6215242292778889,
      2.096198776434657e-05,
      1.2979277241977179e-05
    ],
    [
      1.7313096186063661e-06,
      0.8616068563231626,
      0.1365093212074986,
      4.724456130952604e-07,
      0.001848094916656634,
      3.352379745057446e-05
    ],
    [
      7.567451984443914e-07,
      0.17449435828411639,
      0.8229131821899912,
      6.605732460950378e-06,
      0.00010036611631646249,
      0.0024847309319167552
    ],
    [
      6.90998490649795e-05,
      0.011293710345422307,
      1.6234075530313614e-10,
      3.378801719064846e-12,
      0.9886371896397931,
      1.1678937364774867e-16
    ],
    [
      0.940718066623948,
      2.007602183832348e-09,
      1.710326367687631e-11,
      0.059235588298796625,
      4.6313366765005216e-05,
      2.968578529513262e-08
    ],
    [
      8.627958075210941e-05,
      0.016220628616895476,
      0.6475494482281838,
      0.007386250727762198,
      0.00011145904223676358,
      0.3286459338041694
    ],
    [
      1.1257412598924125e-07,
      0.9912584842044175,
      0.00021459245783781895,
      4.675076693597995e-11,
      0.008526810530698842,
      1.8616906633205571e-10
    ],
    [
      0.10278833848421888,
      2.5118455841975823e-06,
      5.7461609763047566e-06,
      0.8948069122487664,
      0.00010028452678162207,
      0.002296206733672625
    ],
    [
      0.9858663541860335,
      8.395083327423172e-09,
      1.8345469451387008e-11,
      0.013908207060835726,
      0.0002254237198937798,
      6.619808631774108e-09
    ],
    [
      8.194585791268833e-08,
      0.9942633647603684,
      0.000447426486173671,
      6.949973935142279e-11,
      0.005289126222500116,
      5.156002286314665e-10
    ],
    [
      0.010140873516216077,
      0.46004463989982997,
      0.002880872098527459,
      0.00011804225100301161,
      0.5268016454846328,
      1.3926749790569667e-05
    ],
    [
      0.08425672497845865,
      1.215781814102622e-05,
      3.8379106669681205e-05,
      0.9081806614541491,
      0.00019883559805144012,
      0.007313241044530333
    ],
    [
      0.006415513535101362,
      3.020321861636405e-06,
      0.00012093747410143549,
      0.9348371724010855,
      7.175759247594996e-06,
      0.05861618050860247
    ],
    [
      0.15526061481230669,
      0.005451318720950858,
      9.787782408922852e-07,
      7.004116899969686e-05,
      0.839217022934281,
      2.3585220887354988e-08
    ],
    [
      6.596276052097584e-08,
      0.010730694132038426,
      0.9676576718789086,
      1.2738480147069276e-05,
      1.4303932730260108e-06,
      0.021597399152872433
    ],
    [
      0.9233382490016926,
      6.329837338146598e-05,
      5.959655468023025e-08,
      0.002863683946022317,
      0.07373459846057215,
      1.106217770455781e-07
    ],
    [
      0.2999995392217171,
      3.45446961656662e-06,
      2.1036654896818335e-06,
      0.6990635549491897,
      0.0003777569221357762,
      0.0005535907718512442
    ],
    [
      0.0006773049778423113,
      0.7481346441954586,
      0.002098152337381358,
      3.396598219586871e-06,
      0.2490853859399942,
      1.1159511040616196e-06
    ],
    [
      0.850388767832495,
      0.0008149619273363417,
      5.019866666919238e-06,
      0.014468474911563745,
      0.1343153709713665,
      7.40449057142036e-06
    ],
    [
      0.9741979763418804,
      8.129860181229839e-07,
      4.441024648769842e-09,
      0.023247819221666875,
      0.0025531341613664067,
      2.5284804347637036e-07
    ],
    [
      0.10678165955773457,
      5.3309724152936805e-08,
      8.735524474595593e-08,
      0.8929854972334443,
      1.14273996607431e-05,
      0.0002212751441914977
    ],
    [
      8.092685591319276e-07,
      0.8896688203925228,
      0.10890546528976702,
      1.712245882521133e-07,
      0.0014098456362631243,
      1.4888188299484084e-05
    ],
    [
      1.731559085602529e-08,
      5.571793094634036e-07,
      0.014553148106084195,
      0.001871810317477915,
      1.426343818055385e-10,
      0.9835744669389034
    ],
    [
      6.155864840152106e-10,
      1.490178967801068e-05,
      0.35192611956541603,
      5.3342891664291216e-05,
      1.5150714475377454e-10,
      0.6480056349861482
    ],
    [
      1.750170345519416e-05,
      0.961510973001155,
      0.02173927527628374,
      6.745094280079821e-07,
      0.016726361930370186,
      5.213579307985853e-06
    ],
    [
      3.1640026688444216e-06,
      2.7015217664658935e-07,
      0.001491145868132597,
      0.07475026400235354,
      3.07279709474367e-09,
      0.9237551529018713
    ],
    [
      0.4379999338510777,
      1.2291655641827633e-06,
      3.778545321074362e-07,
      0.5615269839930865,
      0.00033405305469984584,
      0.00013742208103976488
    ],
    [
      0.8383549302163271,
      1.730058893525506e-05,
      9.248099668734204e-07,
      0.15645122378757736,
      0.005135847689457985,
      3.9772907735516566e-05
    ],
    [
      0.0003926146435280052,
      7.010773746586354e-12,
      1.7156064342923503e-09,
      0.9990745002970242,
      2.318199533403676e-10,
      0.000532883105010559
    ],
    [
      0.007630387295223677,
      6.615133911681624e-06,
      0.0002295771953307537,
      0.9183294395629432,
      1.328318255683296e-05,
      0.073790697630034
    ],
    [
      1.6041173561367464e-10,
      0.005670565876591381,
      0.9924923610768916,
      6.718624040413369e-08,
      2.6662103528618843e-08,
      0.0018369790377613926
    ],
    [
      0.8779882271963241,
      1.8725008334879995e-05,
      7.093253448223802e-07,
      0.11548419675212418,
      0.0064839197589335405,
      2.422195893849457e-05
    ],
    [
      0.02424810813152866,
      0.00426736642697193,
      4.422934308360571e-08,
      6.670357248272695e-07,
      0.97148381410042,
      7.601156844958195e-11
    ],
    [
      0.005650521738163292,
      0.0007960723625652888,
      1.0213340227081685e-10,
      2.5111502401336424e-09,
      0.9935534032859753,
      1.2576044794500051e-14
    ],
    [
      0.00011770007652516556,
      0.8958515917243729,
      0.003141188170948467,
      7.22635642244762e-07,
      0.10088811465801106,
      6.82734499846535e-07
    ],
    [
      0.7173403280121126,
      2.726671061493339e-05,
      3.1239667496120017e-06,
      0.2781358644512401,
      0.004337527376125452,
      0.00015588948315737873
    ],
    [
      2.5669871890896717e-07,
      6.57883420550558e-08,
      0.0013021700800394252,
      0.024371520532904367,
      1.8783336490163758e-10,
      0.9743259867121619
    ],
    [
      1.3364089359082433e-07,
      0.041822963960946175,
      0.9517402958552902,
      6.035983306878895e-06,
      8.636022274484937e-06,
      0.006421934537288647
    ],
    [
      0.00039149810037810296,
      6.059737401067614e-05,
      0.012344266544658093,
      0.23834616108267573,
      4.508360728063934e-06,
      0.7488529685375496
    ],
    [
      2.0491481302946168e-09,
      1.5953475575439514e-05,
      0.26692275433804813,
      0.0001209898610728496,
      3.716392093792288e-10,
      0.7329402999045164
    ],
    [
      5.378413078095578e-10,
      0.0033357854135418366,
      0.9901974892153209,
      3.850661977321584e-07,
      3.0188238524274995e-08,
      0.006466309578859312
    ],
    [
      0.4843375025281836,
      6.548800120770326e-05,
      2.7574193650180044e-10,
      7.812313932799943e-06,
      0.5155891968687496,
      1.2184151590599155e-11
    ],
    [
      0.0001801012487058169,
      4.6482377629157965e-08,
      4.2136930797525533e-05,
      0.8115478001981313,
      2.0060097880536876e-08,
      0.18822989507988996
    ],
    [
      4.967859185080227e-09,
      0.09343661880958974,
      0.90616052286118,
      9.638004141183252e-08,
      3.2815350714662303e-06,
      0.00039947544625817564
    ],
    [
      4.650784929655998e-09,
      0.9963579056426752,
      2.2479974975898047e-05,
      2.304163105864775e-13,
      0.0036196097304823896,
      8.513995369396623e-13
    ],
    [
      0.12803283805608087,
      8.815046407545528e-05,
      0.00019361998801620988,
      0.8578611791898066,
      0.0009182123898351288,
      0.012905999912185674
    ],
    [
      4.9717082650688484e-05,
      0.6308299476832662,
      2.2091302300759518e-05,
      3.4952951878832084e-09,
      0.36909824023022997,
      2.0625733383321916e-10
    ],
    [
      1.1241458980170938e-09,
      0.0005083837900999647,
      0.9248279401984283,
      5.612634564619613e-06,
      6.192830393784219e-09,
      0.07465805605993076
    ],
    [
      2.123420077101497e-10,
      0.00039442600873742855,
      0.9565767379569685,
      1.4745355111198772e-06,
      1.8489758869832552e-09,
      0.04302735943746503
    ],
    [
      0.0001236834515338019,
      0.623064328234151,
      6.653189003597547e-05,
      2.550453581864305e-08,
      0.37674542887406526,
      2.0456781032414447e-09
    ],
    [
      5.058526079923275e-09,
      0.6140949515847566,
      0.38586155998624644,
      6.042593489174098e-09,
      3.195638631032319e-05,
      1.1520941567257483e-05
    ],
    [
      0.01945180058760082,
      0.0007260714285453585,
      4.2495643880163383e-10,
      3.748711279810409e-08,
      0.9798220900715096,
      2.752599171894638e-13
    ],
    [
      0.5746903018469,
      2.378748149781787e-05,
      5.133675621710503e-06,
      0.4222594671597741,
      0.0026591098066909382,
      0.00036220002951530174
    ],
    [
      8.736556607700339e-06,
      8.346594514133832e-07,
      0.002333705832492516,
      0.0959443158854996,
      1.4360331813362884e-08,
      0.9017123927056171
    ],
    [
      0.8641718399291753,
      1.2001509875190104e-05,
      2.353173637179076e-10,
      6.919973835902369e-05,
      0.1357469584963826,
      9.089064756898568e-11
    ],
    [
      5.78213948087407e-08,
      0.018762707894548085,
      0.9705956766120968,
      6.210274302560269e-06,
      2.3850359040494534e-06,
      0.01063296236175365
    ],
    [
      5.879689186246303e-05,
      1.0340762852556095e-05,
      0.007170083912556782,
      0.13468139810861227,
      3.3833464662303557e-07,
      0.8580790419894694
    ],
    [
      0.04148027146952861,
      0.00018081372518283605,
      3.468734219000094e-11,
      3.07523518558047e-08,
      0.9583388840182145,
      3.495088783957117e-14
    ],
    [
      0.009203887522335698,
      5.814107079058916e-10,
      8.874743626081497e-09,
      0.9905340294377065,
      7.285047820971908e-08,
      0.00026200073332539615
    ],
    [
      6.458069112470078e-10,
      0.9865866103978547,
      0.013336110012227223,
      1.715064099940817e-11,
      7.726950867775571e-05,
      9.41828300563491e-09
    ],
    [
      3.775561558509506e-08,
      6.3063798737371924e-09,
      0.0004705008497760202,
      0.016903287158714635,
      8.10530197035349e-12,
      0.9826261679214087
    ],
    [
      1.788504313271667e-07,
      1.9008871643975391e-07,
      0.0031296661021986277,
      0.012910712284398378,
      3.285253083660575e-10,
      0.98395925234573
    ],
    [
      1.1486135144060615e-05,
      5.4685960201951644e-05,
      0.0421928667957105,
      0.02597892937168069,
      3.708674776137409e-07,
      0.9317616608697852
    ],
    [
      0.049953659697461246,
      5.4698089227785665e-08,
      2.0905353132450055e-07,
      0.9494513741406404,
      5.457074012930083e-06,
      0.0005892453362646182
    ],
    [
      7.332770161302007e-11,
      0.8539521603926976,
      0.14604156507236082,
      2.652714697605218e-11,
      6.108536646463673e-06,
      1.6589844000102274e-07
    ],
    [
      4.092561940361389e-07,
      0.001135048958263481,
      0.6243828797886255,
      0.0005585073977165923,
      4.2502500925195846e-07,
      0.37392272957419126
    ],
    [
      0.9918908204916741,
      4.5421289668659486e-07,
      3.8635535815278715e-10,
      0.003926316926489123,
      0.004182398475508593,
      9.507076385869987e-09
    ],
    [
      8.790301856601251e-08,
      0.00013546721129126455,
      0.32978080181860314,
      0.0006142875103355494,
      2.6487944714877488e-08,
      0.6694693290688067
    ],
    [
      9.389600728900196e-05,
      0.00011891865917221004,
      0.03540481000329401,
      0.0790435620579422,
      2.701950835670235e-06,
      0.885336111321467
    ],
    [
      4.05679180811773e-07,
      1.8021458335196593e-08,
      0.0004397266911610477,
      0.05362213176419394,
      9.44320100960398e-11,
      0.9459377177495738
    ],
    [
      5.60306579231721e-11,
      0.008074604454425944,
      0.9912333919370985,
      1.658074097067894e-08,
      2.111075244881638e-08,
      0.0006919658609513156
    ],
    [
      7.2848943211398735e-06,
      0.00014324468403236162,
      0.09459076889654328,
      0.013316726947684595,
      5.485588925041812e-07,
      0.8919414260185261
    ],
    [
      0.00011661869953219645,
      0.9282593647090824,
      0.010195094599873429,
      2.208365258001373e-06,
      0.061422313441991734,
      4.400184262142659e-06
    ],
    [
      2.8647057797305454e-09,
      8.397701247971594e-07,
      0.03500308353384753,
      0.0004999688920476162,
      5.2800821205691775e-11,
      0.9644961048864736
    ],
    [
      0.7664690320719489,
      8.243649429321884e-06,
      1.97772517675471e-11,
      8.409198821286698e-06,
      0.2335143150576739,
      2.3492143118421777e-12
    ],
    [
      0.00023463507082697787,
      2.7084230803994995e-08,
      1.9747057038935396e-05,
      0.8815600876998952,
      1.8544261491118958e-08,
      0.11818548454374647
    ],
    [
      1.811511025237437e-07,
      1.318982873677397e-07,
      0.002403967303458259,
      0.014920090340659154,
      2.5128752800383076e-10,
      0.9826756290552051
    ],
    [
      3.9069584605197806e-07,
      0.04734914401210573,
      0.9428612854499668,
      1.528061144750489e-05,
      1.7481066021946063e-05,
      0.009756418164611907
    ],
    [
      0.811998896655972,
      0.0019349333786986517,
      2.2244558600785008e-05,
      0.024486913360411505,
      0.16152719621393657,
      2.9815832380385123e-05
    ],
    [
      5.960102673899337e-09,
      2.1188310600739544e-06,
      0.05228844147376755,
      0.0005698315876143733,
      1.768783326847782e-10,
      0.947139601970577
    ],
    [
      1.1718844132887422e-07,
      0.16527722903651526,
      0.8336957990688717,
      1.111056536544121e-06,
      3.45214173968655e-05,
      0.0009912222322383897
    ],
    [
      0.008389984968748807,
      0.03646704910202128,
      2.0015119205237275e-06,
      1.0284137624711976e-06,
      0.9551399342378047,
      1.7657419716874295e-09
    ],
    [
      0.014357548071636347,
      1.2411793604084724e-07,
      1.866677402014335e-06,
      0.9815346824904011,
      2.575115173309402e-06,
      0.004103203527451403
    ],
    [
      0.9768151311540575,
      6.500346470008384e-08,
      4.2395288000960016e-14,
      4.447190717242927e-06,
      0.02318035665168571,
      3.2727126966698094e-14
    ],
    [
      0.09242804049380693,
      3.196564044046347e-05,
      9.61661498370671e-05,
      0.8958674603963139,
      0.000374385863335267,
      0.011201981456266252
    ],
    [
      0.00022412754834033098,
      0.8432764291444835,
      0.00223209798092467,
      1.0492444992393914e-06,
      0.15426570201552922,
      5.94066223008694e-07
    ],
    [
      7.506214414244282e-06,
      7.070117696940783e-09,
      6.446207572642095e-05,
      0.4115014125711957,
      3.7142567626460685e-10,
      0.5884266116971203
    ],
    [
      0.00015838868403510672,
      0.887598736247109,
      0.08656527559633906,
      2.6563185863820096e-05,
      0.025476204885834713,
      0.00017483140081827377
    ],
    [
      6.892959726358812e-07,
      0.024996958647954193,
      0.947134403928853,
      5.301737675045924e-05,
      1.2145242035300037e-05,
      0.027802785508434562
    ],
    [
      3.353847014871933e-06,
      1.1767438499321743e-07,
      0.0007964265728229746,
      0.10447421590475825,
      1.7062491951087213e-09,
      0.8947258842947696
    ],
    [
      2.582833836162883e-08,
      1.904486279618392e-07,
      0.005979907590308138,
      0.003611567322874186,
      8.522783306779768e-11,
      0.9904083087246235
    ],
    [
      9.170944102520607e-06,
      0.7494789971356927,
      0.24731588138696864,
      5.224570019617311e-06,
      0.0029383512704713403,
      0.0002523746927454458
    ],
    [
      0.9688320390445943,
      1.2516446047772478e-07,
      1.068102996870131e-13,
      5.408191916857939e-06,
      0.031162427598852578,
      6.875612927643452e-14
    ],
    [
      1.701924430136133e-06,
      8.893206676651666e-09,
      0.00015302052033217404,
      0.17154015186380062,
      1.4736469643389412e-10,
      0.8283051166508655
    ],
    [
      2.979655039221772e-05,
      0.8331962212018005,
      0.00015285169194017705,
      1.026323226876417e-08,
      0.1666211176635715,
      2.6290633594870766e-09
    ],
    [
      0.00018986546043747387,
      0.128171513929238,
      0.8022464874299131,
      0.0022846275239078156,
      0.0013031290278576017,
      0.0658043766286462
    ],
    [
      0.9307943590044747,
      5.086182099383262e-06,
      1.6491611629102382e-10,
      0.00012834546454439466,
      0.06907220904108416,
      1.4288117574439264e-10
    ],
    [
      0.9595095536960585,
      1.568806927645838e-06,
      3.4970477422322407e-11,
      0.00010012024152612277,
      0.04038875717514352,
      4.5374179535968695e-11
    ],
    [
      1.5591723966298582e-07,
      0.9711258670171034,
      1.5181539293262771e-05,
      5.158972057671516e-12,
      0.028858795518133452,
      3.0713269266459455e-12
    ],
    [
      0.13756156844647469,
      0.0015459418347349351,
      4.080406532736998e-08,
      1.0281773203121567e-05,
      0.8608821665975213,
      5.440006995007622e-10
    ],
    [
      3.551516196798331e-08,
      0.9965715023132093,
      0.001326148419310607,
      8.780940277223886e-11,
      0.002102311752223996,
      1.91228468360519e-09
    ],
    [
      0.0004543412689278279,
      0.04342538970033466,
      7.214642538257295e-08,
      1.871420970909548e-09,
      0.9561201950115238,
      1.3674700803665144e-12
    ],
    [
      0.46645444057198415,
      0.0008112033797431705,
      1.117907820335231e-07,
      0.00018642687994137737,
      0.5325478061000808,
      1.1277468241599733e-08
    ],
    [
      0.0914397842862518,
      0.008380618187890909,
      1.243054066822073e-06,
      3.303122202110398e-05,
      0.9001453072934009,
      1.5956368492669698e-08
    ],
    [
      2.136183996297948e-09,
      0.9900164709260536,
      0.00980643543396925,
      4.0389914388941504e-11,
      0.00017708059429331205,
      1.0869109725099249e-08
    ],
    [
      0.0018877633413059225,
      0.37414549770910016,
      0.0001818226027386137,
      1.7508453917088262e-06,
      0.6237830841473884,
      8.135407529103123e-08
    ],
    [
      0.0021899851451870015,
      0.0008452752013198067,
      0.04232028534471096,
      0.2853925976228165,
      9.615862219711609e-05,
      0.6691556980637686
    ],
    [
      2.1653349523813952e-07,
      0.6758053957737213,
      0.32382548117490884,
      1.843906244116132e-07,
      0.0003099609921996365,
      5.876113505062166e-05
    ],
    [
      0.0013124224400719536,
      0.027431057750094655,
      9.519628287078603e-08,
      1.1166463893858311e-08,
      0.9712564134406354,
      6.451187330196147e-12
    ],
    [
      0.45704589858634387,
      0.0037863292352785546,
      3.848368834889837e-06,
      0.0011851224060017802,
      0.5379782125071784,
      5.888963624680252e-07
    ],
    [
      0.23695712701111285,
      2.305653181412686e-09,
      1.0631105342385247e-09,
      0.7630290186870403,
      4.067867101655751e-06,
      9.783065981811045e-06
    ],
    [
      1.0486637433774389e-10,
      0.140139786082606,
      0.8598309897767502,
      1.3993509183245937e-09,
      5.56021684665563e-07,
      2.866661474170198e-05
    ],
    [
      9.864869304950312e-06,
      0.809818480957902,
      2.4248319459245135e-05,
      5.939922139526273e-10,
      0.19014740518393652,
      7.540503390805719e-11
    ],
    [
      8.665341496878389e-07,
      0.00185500438000631,
      0.6542851754830117,
      0.0007331317778116032,
      1.0417044152831832e-06,
      0.34312478012060527
    ],
    [
      0.22662768298505567,
      0.003040665673876659,
      4.6785374292561486e-07,
      9.167572100899946e-05,
      0.7702394906901902,
      1.707612550421902e-08
    ],
    [
      0.008365132407193745,
      0.10129733890817086,
      2.443953822101024e-05,
      4.162082705423355e-06,
      0.8903088956033265,
      3.146038257500103e-08
    ],
    [
      0.0014698518844001949,
      0.0001262244051880114,
      0.011639357947354078,
      0.3919908475831364,
      1.970327882390866e-05,
      0.5947540149010975
    ],
    [
      0.973959635243689,
      3.257933554010345e-07,
      2.054763271516953e-12,
      3.3938437796766964e-05,
      0.026006100520304595,
      2.799965985065283e-12
    ],
    [
      7.550826472860993e-09,
      0.00014749648211226946,
      0.5872985427934785,
      8.901021865383755e-05,
      5.685171058150748e-09,
      0.41246493726975797
    ],
    [
      0.00098824414705253,
      0.02073773534767329,
      3.2855303541155135e-08,
      4.0117007849918215e-09,
      0.9782739836369109,
      1.3590177726181655e-12
    ],
    [
      0.9561718512710996,
      2.875136805665278e-06,
      3.0184971111833266e-08,
