{
  "dataset": "circles",
  "algorithm": "gmm",
  "params": {
    "n_components": 6,
    "covariance_type": "diag"
  },
  "labels": [
    0,
    3,
    4,
    4,
    0,
    4,
    4,
    4,
    3,
    1,
    5,
    1,
    1,
    0,
    4,
    4,
    2,
    5,
    3,
    1,
    2,
    2,
    3,
    0,
    0,
    2,
    2,
    2,
    0,
    0,
    2,
    0,
    1,
    1,
    5,
    0,
    4,
    3,
    1,
    3,
    4,
    0,
    2,
    1,
    5,
    3,
    5,
    5,
    1,
    5,
    0,
    1,
    4,
    4,
    1,
    3,
    4,
    5,
    1,
    0,
    2,
    5,
    0,
    2,
    0,
    3,
    1,
    3,
    2,
    4,
    0,
    0,
    3,
    3,
    3,
    3,
    5,
    3,
    1,
    2,
    4,
    0,
    2,
    1,
    3,
    0,
    1,
    4,
    3,
    3,
    4,
    2,
    0,
    3,
    1,
    0,
    0,
    3,
    1,
    5,
    5,
    1,
    5,
    3,
    0,
    3,
    3,
    2,
    0,
    4,
    4,
    1,
    0,
    5,
    2,
    5,
    5,
    2,
    4,
    3,
    2,
    1,
    3,
    1,
    2,
    2,
    1,
    1,
    4,
    0,
    5,
    0,
    2,
    5,
    4,
    3,
    1,
    5,
    5,
    5,
    3,
    1,
    2,
    0,
    5,
    5,
    5,
    2,
    5,
    1,
    5,
    0,
    3,
    5,
    2,
    0,
    5,
    2,
    4,
    3,
    0,
    3,
    1,
    5,
    1,
    2,
    5,
    5,
    1,
    0,
    5,
    1,
    2,
    0,
    0,
    1,
    4,
    1,
    4,
    4,
    4,
    1,
    4,
    5,
    1,
    4,
    4,
    3,
    2,
    1,
    2,
    4,
    4,
    5,
    0,
    2,
    4,
    0,
    4,
    4,
    1,
    0,
    2,
    4,
    1,
    1,
    2,
    0,
    2,
    0,
    5,
    0,
    3,
    3,
    5,
    4,
    4,
    2,
    0,
    2,
    4,
    5,
    5,
    1,
    4,
    4,
    5,
    1,
    3,
    3,
    0,
    0,
    1,
    5,
    4,
    0,
    0,
    1,
    4,
    1,
    4,
    1,
    1,
    5,
    4,
    0,
    0,
    3,
    3,
    1,
    2,
    3,
    2,
    1,
    3,
    1,
    4,
    4,
    4,
    1,
    3,
    4,
    0,
    0,
    4,
    2,
    1,
    0,
    1,
    4,
    1,
    1,
    2,
    3,
    3,
    0,
    4,
    4,
    5,
    4,
    3,
    2,
    1,
    2,
    4,
    1,
    3,
    1,
    4,
    3,
    0,
    3,
    4,
    0,
    0,
    1,
    3,
    1,
    2,
    2,
    1,
    2,
    3,
    1,
    4,
    1,
    5,
    2,
    4,
    4,
    0,
    2,
    4,
    4,
    4,
    3,
    4,
    0,
    4,
    0,
    4,
    1,
    3,
    2,
    3,
    5,
    0,
    2,
    1,
    4,
    1,
    5,
    5,
    5,
    1,
    4,
    1,
    0,
    2,
    0,
    3,
    2,
    2,
    4,
    1,
    3,
    5,
    1,
    1,
    3,
    2,
    1,
    5,
    5,
    1,
    0,
    2,
    1,
    2,
    1,
    0,
    3,
    2,
    3,
    3,
    5,
    5,
    0,
    1,
    1,
    5,
    1,
    2,
    5,
    3,
    1,
    1,
    4,
    3,
    4,
    4,
    2,
    5,
    0,
    1,
    3,
    3,
    5,
    1,
    3,
    4,
    2,
    4,
    2,
    5,
    1,
    1,
    0,
    2,
    1,
    2,
    3,
    1,
    5,
    2,
    2,
    3,
    0,
    5,
    1,
    1,
    3,
    2,
    4,
    1,
    3,
    5,
    0,
    3,
    4,
    5,
    1,
    2,
    3,
    1,
    0,
    1,
    3,
    5,
    1,
    4,
    0,
    0,
    2,
    3,
    0,
    5,
    2,
    5,
    3,
    0,
    4,
    5,
    1,
    0,
    5,
    4,
    3,
    2,
    3,
    5,
    3,
    0,
    3,
    2,
    1,
    1,
    1,
    5,
    1,
    1,
    3,
    3,
    0,
    2,
    5,
    5,
    3,
    1,
    1,
    5,
    1,
    1,
    4,
    3,
    1,
    0,
    5,
    3,
    4,
    4,
    4,
    0,
    0,
    4,
    0,
    1,
    0,
    1,
    2,
    4,
    5,
    5,
    1,
    0,
    0,
    5,
    0,
    1,
    0
  ],
  "means": [
    {
      "x": -0.5733326858123293,
      "y": 0.5091022911689289
    },
    {
      "x": -0.05533634734565577,
      "y": -0.7250657065069062
    },
    {
      "x": 0.6537588371573866,
      "y": -0.37564947660368236
    },
    {
      "x": 0.17409542882618553,
      "y": 0.7192395032305565
    },
    {
      "x": -0.6812286670598897,
      "y": -0.21200299824163796
    },
    {
      "x": 0.7418326950187127,
      "y": 0.26959386645788264
    }
  ],
  "probabilities": [
    [
      0.7578956449997384,
      1.8510184204705824e-05,
      8.180197593272536e-08,
      0.00370919420543071,
      0.2383765585653082,
      1.0243342064565794e-08
    ],
    [
      0.06581379178513928,
      4.78835248914863e-13,
      5.190617248507082e-09,
      0.9341252981630332,
      1.3556303598972544e-05,
      4.734855713231792e-05
    ],
    [
      0.2275010348156153,
      0.00182451244755264,
      1.2452329991980269e-06,
      0.000473569052297994,
      0.7701996248953208,
      1.355621436033669e-08
    ],
    [
      0.00010430281002754724,
      0.4285887908764289,
      8.311663803804842e-07,
      3.0653055720015223e-09,
      0.571306072070971,
      1.0886622446750587e-11
    ],
    [
      0.9843544797901034,
      5.805953921760897e-10,
      2.5513528287939665e-12,
      0.0015164413719817235,
      0.0141290782504957,
      4.272501861213243e-12
    ],
    [
      0.008743569184295958,
      0.09399210275357418,
      8.451874880923235e-06,
      5.179389045957378e-06,
      0.8972506921812836,
      4.616919460180089e-09
    ],
    [
      0.3281370918645923,
      0.0007622621959294752,
      6.730643851787654e-07,
      0.0007614102207625354,
      0.670338551106689,
      1.1547641602043422e-08
    ],
    [
      0.31640579822964654,
      6.041442838707013e-05,
      6.138229927426524e-11,
      9.307409844829665e-06,
      0.6835244798706723,
      6.67900629311531e-14
    ],
    [
      0.2998406774329337,
      1.249478155198811e-11,
      6.984181084886948e-09,
      0.699937522334582,
      0.00021283052527814935,
      8.962710530328535e-06
    ],
    [
      5.288755632564192e-07,
      0.9617136785597564,
      0.037690481704326,
      4.4536738169076994e-08,
      0.0005726610047191437,
      2.260531889709391e-05
    ],
    [
      1.3895118725788682e-08,
      4.782902758722547e-06,
      0.05135205309870952,
      0.0010434997163141562,
      5.1301891834849064e-12,
      0.9475996503819686
    ],
    [
      8.921471084184241e-11,
      0.9778032390845728,
      0.022186428801169143,
      2.6782505971132287e-12,
      9.560273017117828e-06,
      7.717493477345333e-07
    ],
    [
      0.0002692947068837744,
      0.8301677305600293,
      0.0006404779657622824,
      7.306494065488807e-07,
      0.16892153564329673,
      2.3047462119013728e-07
    ],
    [
      0.9829693198727404,
      1.043642989518947e-10,
      1.7777723884862954e-11,
      0.011459041718497003,
      0.005571638007456341,
      2.7916443589134615e-10
    ],
    [
      0.34653840194258073,
      0.0032560725200027523,
      2.5815593479855486e-05,
      0.004067833998745213,
      0.646110897942213,
      9.780029784819855e-07
    ],
    [
      0.02442666795140992,
      0.03864889998421867,
      6.246304389959264e-06,
      2.1919576128468637e-05,
      0.9368962583261267,
      7.857726163940934e-09
    ],
    [
      3.1056618288827525e-06,
      0.006354298421017257,
      0.661507088099324,
      0.000842275770931408,
      4.2419104763399545e-07,
      0.33129280785585064
    ],
    [
      7.3008998246556535e-06,
      1.6973229523123545e-10,
      0.00012414225104346593,
      0.29435526465648404,
      1.457530766419268e-10,
      0.7055132918771623
    ],
    [
      0.05562488534075658,
      6.110020560880306e-06,
      0.0009914000746778391,
      0.9173220350423381,
      0.0005837209892918743,
      0.025471848532374868
    ],
    [
      0.002387496432049494,
      0.6853987111108834,
      0.001829036096164115,
      1.8181416994646496e-05,
      0.3103640426210824,
      2.5323228261592234e-06
    ],
    [
      2.854950527946152e-06,
      0.018939887924934146,
      0.8080588358446754,
      0.0003351354660423441,
      1.159291459640144e-06,
      0.17266212652236024
    ],
    [
      5.179487957394255e-07,
      0.0025793040503898847,
      0.5845452254809412,
      0.000450871568333911,
      3.103450089350853e-08,
      0.41242404991703807
    ],
    [
      0.00704494736217206,
      1.4846315558168252e-06,
      0.0019159797031841012,
      0.8483351813834955,
      2.3336311558511735e-05,
      0.14267907060803392
    ],
    [
      0.8735303732000452,
      7.034805939013444e-06,
      6.528077997495205e-07,
      0.03046622914203953,
      0.09599518760205698,
      5.224421195870864e-07
    ],
    [
      0.8268289867752163,
      1.2358362395209267e-10,
      1.5492281113905323e-09,
      0.17105139825410143,
      0.0021194097510869223,
      2.0354678380503112e-07
    ],
    [
      0.0003851915588455714,
      0.10841419112670198,
      0.7777178814172736,
      0.00382200435435608,
      0.0004566508856172954,
      0.10920408065720547
    ],
    [
      4.487621939285343e-05,
      0.021106695944017376,
      0.7305682180316648,
      0.0025830810223964884,
      1.5229294445991568e-05,
      0.2456818994880827
    ],
    [
      1.8306373384077681e-10,
      0.48684058805442576,
      0.5127608212852001,
      9.692772740604547e-10,
      9.151288748832232e-08,
      0.00039849799514600975
    ],
    [
      0.9912091687708822,
      5.64987460269898e-11,
      2.223050956861569e-13,
      0.001054484140906028,
      0.007736347030875718,
      6.150540412166765e-13
    ],
    [
      0.9023200487861724,
      2.2170029189290132e-07,
      1.2950334256079933e-07,
      0.07287214935709883,
      0.024806825286524295,
      6.25366569900596e-07
    ],
    [
      2.959321077596878e-07,
      0.1339010597194609,
      0.8468644246453748,
      6.817434962436253e-06,
      1.9071370979910145e-06,
      0.019225495130996046
    ],
    [
      0.9407555690745064,
      1.0871203466706635e-07,
      1.9418846619824552e-08,
      0.030421273944952483,
      0.02882296839264556,
      6.045701430060815e-08
    ],
    [
      2.777823697082712e-06,
      0.8152488582108295,
      0.18383998075306007,
      1.4046287467357963e-06,
      0.0003724364995646403,
      0.0005345420841020921
    ],
    [
      2.9282366783278047e-07,
      0.9664508621709862,
      2.477069413974562e-05,
      2.785921551231234e-11,
      0.03352407411472265,
      1.6862430155424834e-10
    ],
    [
      1.647006833591622e-08,
      6.366965052069058e-06,
      0.05841671496674805,
      0.0010267197445286039,
      7.580238285183815e-12,
      0.9405501818460227
    ],
    [
      0.8624611344049081,
      5.840374462716116e-06,
      2.036939181370005e-06,
      0.07514589684707401,
      0.062381676720574646,
      3.4147137993710448e-06
    ],
    [
      0.0014296135078946354,
      0.21366668524035337,
      3.654324333443445e-06,
      2.435756226448078e-07,
      0.7848998029549895,
      3.9680638109268817e-10
    ],
    [
      0.07607303137204288,
      5.088237313121827e-13,
      4.602299337452696e-09,
      0.9238716030384352,
      1.6618943715247982e-05,
      3.874204299842775e-05
    ],
    [
      1.4843686039053036e-09,
      0.648190913338326,
      0.3515382812081958,
      2.8391613301608137e-09,
      1.0115235748299264e-06,
      0.00026978960637352484
    ],
    [
      0.02521184274769122,
      4.234832090235649e-14,
      2.7289882950566925e-09,
      0.9746971810751576,
      2.2911813043379053e-06,
      8.868226681631015e-05
    ],
    [
      0.02229680793531294,
      0.07259893882906694,
      2.7879444463841462e-05,
      3.7385352748482776e-05,
      0.9050389428780333,
      4.5560374257927084e-08
    ],
    [
      0.9837523693062794,
      3.7566038875755606e-10,
      1.1840188988465435e-13,
      0.00030164264729974074,
      0.01594598767058212,
      5.991173881011395e-14
    ],
    [
      3.246807307402152e-05,
      0.020637300936332564,
      0.7395746095006522,
      0.0020465101082747903,
      1.1180451876784964e-05,
      0.23769793092978966
    ],
    [
      9.86180462789765e-10,
      0.9980770850860239,
      0.000150110879521812,
      1.7360038583165398e-13,
      0.0017728025942069677,
      4.538932403295475e-10
    ],
    [
      4.318377330920725e-05,
      9.770068038923554e-09,
      0.0007610060516288657,
      0.31541926773121426,
      6.073148729179103e-09,
      0.6837765266006309
    ],
    [
      0.24304851746949174,
      1.3657870597978086e-12,
      2.0494619302585665e-09,
      0.7568484021785074,
      9.624062329889168e-05,
      6.837677874333215e-06
    ],
    [
      1.9631130581638293e-09,
      3.5063865541105686e-05,
      0.1629509043847537,
      0.0001924214931523548,
      1.32043773261445e-12,
      0.8368216082921193
    ],
    [
      1.051494031494844e-08,
      7.15588334881926e-08,
      0.006127741628842358,
      0.00338749069596274,
      3.635262745418579e-13,
      0.9904846856010576
    ],
    [
      4.3761625170048206e-05,
      0.828630124459597,
      6.351926009752385e-05,
      1.7241743875988015e-08,
      0.17126257362312772,
      3.7902637679032516e-09
    ],
    [
      2.5105022491806373e-06,
      1.7369990167271838e-08,
      0.0016768716787657052,
      0.07031982682465866,
      2.2700211666423621e-10,
      0.9280007733973341
    ],
    [
      0.8754806150047818,
      5.151126172168065e-14,
      3.363772526806375e-12,
      0.12412686566522343,
      0.00039251344209497276,
      5.8844845220148335e-09
    ],
    [
      2.4179687087943295e-07,
      0.9722757606572616,
      3.266067354220284e-05,
      2.799000192198162e-11,
      0.02769133660110384,
      2.4323162253459707e-10
    ],
    [
      0.034359781486026,
      0.001441134515835688,
      6.018400643006273e-11,
      1.6331909981581965e-07,
      0.9641989206188514,
      3.1423163024298115e-15
    ],
    [
      0.0015277619773578037,
      0.39465471815310904,
      4.905338403161729e-05,
      1.0779526602607124e-06,
      0.6037673754362358,
      1.3096605418652698e-08
    ],
    [
      1.6711059718041662e-09,
      0.9956660580877746,
      0.00415090042071414,
      9.539736638530157e-12,
      0.0001829249615631203,
      1.1484930260330481e-07
    ],
    [
      0.008254769960925348,
      7.101255372596444e-15,
      2.4391994775310373e-09,
      0.9915176004949645,
      3.547546923530264e-07,
      0.0002272723502112149
    ],
    [
      0.00042739407632790693,
      0.11218069006343602,
      1.4493981632880543e-08,
      2.6171021026109243e-09,
      0.8873918987490454,
      1.0691954231014346e-13
    ],
    [
      7.646813662976847e-07,
      1.2257842871909084e-07,
      0.005272850487451981,
      0.023472159647087796,
      1.2565416816186162e-10,
      0.9712541024800112
    ],
    [
      9.204439159433297e-10,
      0.9487119540101612,
      0.05126957179375972,
      9.4650136644242e-11,
      1.2076683483619244e-05,
      6.3964975017260985e-06
    ],
    [
      0.8852398846496549,
      5.2730100017194316e-14,
      2.972346812420775e-12,
      0.11435088089864218,
      0.0004092296381852624,
      4.8104922500991925e-09
    ],
    [
      6.421759191604897e-06,
      0.01830264340418745,
      0.7801697559263366,
      0.0006446551719594815,
      2.3265632276889385e-06,
      0.20087419717509705
    ],
    [
      0.0003337895421919424,
      0.0010060308077802272,
      0.22017715357391948,
      0.054100558906337234,
      1.1272639241169809e-05,
      0.7243711945305301
    ],
    [
      0.5421264958817292,
      9.593404625764627e-08,
      1.5445109755391827e-06,
      0.4527801853245673,
      0.005044914059520598,
      4.676428916121642e-05
    ],
    [
      6.311763427840554e-07,
      0.13593188700126563,
      0.841614355910882,
      1.2836775796544341e-05,
      3.5649954390735803e-06,
      0.022436724140274016
    ],
    [
      0.9473386101865354,
      6.467175207815213e-13,
      4.663611523727049e-12,
      0.05167504849812588,
      0.0009863397661213317,
      1.5439067118039663e-09
    ],
    [
      0.00010176107703600026,
      4.1222815706183215e-12,
      5.193629446809437e-06,
      0.8702903247301604,
      2.085429447743621e-09,
      0.12960271847380495
    ],
    [
      1.604281129360687e-06,
      0.703469921388682,
      0.29523661894618325,
      1.610409035243066e-06,
      0.00014566057933403838,
      0.0011445843956361403
    ],
    [
      0.001834506124736212,
      1.7676247606297796e-12,
      3.7379910061117704e-07,
      0.991548344784497,
      1.2940937425210043e-07,
      0.006616645880524241
    ],
    [
      3.191206304409387e-11,
      0.00368354192894878,
      0.8964230088393017,
      6.102836923826969e-07,
      1.0597941428344139e-12,
      0.09989283891508541
    ],
    [
      0.018438072217609267,
      0.048569117582303145,
      6.227453345413932e-06,
      1.4098360273532639e-05,
      0.9329724783497625,
      6.036705891144269e-09
    ],
    [
      0.7795477095007551,
      9.052806464356345e-05,
      7.357965358592398e-06,
      0.03322793788924407,
      0.1871235982141075,
      2.8683658911976966e-06
    ],
    [
      0.7972298481947371,
      4.142679207557709e-06,
      5.051207596375779e-06,
      0.16613270225448848,
      0.03661070703894317,
      1.75486250272925e-05
    ],
    [
      0.001542463542348271,
      4.117159491734744e-06,
      0.008343872387212918,
      0.5114367099657386,
      4.629064990735665e-06,
      0.4786682078802176
    ],
    [
      0.001505112051323768,
      1.3442211337459265e-09,
      4.258630188710023e-05,
      0.9339307159244838,
      4.222407691351751e-07,
      0.06452116213731475
    ],
    [
      0.13438022854623183,
      2.9450834673722826e-08,
      6.459554845636971e-06,
      0.8643668928588201,
      0.00047364010006568685,
      0.0007727494892020019
    ],
    [
      0.003839028986070072,
      6.3275735951467115e-09,
      6.229176352661277e-05,
      0.9541471168867366,
      2.353039538367573e-06,
      0.04194920299655492
    ],
    [
      0.0004158702238380636,
      1.952178616177364e-06,
      0.008233173226383107,
      0.33145492982000685,
      7.256303092235755e-07,
      0.6598933489208466
    ],
    [
      0.36851625449144,
      7.720576500007341e-12,
      3.4203691336932153e-09,
      0.6312242160559193,
      0.0002550241828948802,
      4.501841656185545e-06
    ],
    [
      1.10728301431038e-06,
      0.920887508260191,
      0.07854058691848609,
      2.0807396166676759e-07,
      0.00047616511228702285,
      9.442435206005345e-05
    ],
    [
      6.127946214394262e-07,
      0.3151509651693674,
      0.6775665043485152,
      3.940300395625697e-06,
      1.2605129257277035e-05,
      0.0072653722578430975
    ],
    [
      4.761505247150495e-05,
      0.14089324511979184,
      1.9921943274474112e-11,
      3.5089314572863514e-12,
      0.8590591398043059,
      2.348632022818818e-18
    ],
    [
      0.928242735026872,
      1.0071315800900822e-12,
      1.0700915931342957e-11,
      0.07077666033946375,
      0.0009806007304506842,
      3.89150569281403e-09
    ],
    [
      7.724390907382478e-05,
      0.01139318072739684,
      0.6208253215550148,
      0.005968430346980544,
      1.4535699095440443e-05,
      0.3617212877624388
    ],
    [
      7.959806000388324e-08,
      0.9891664044456142,
      9.778739625549178e-05,
      1.9788431546161783e-11,
      0.010735727595451171,
      9.44830502866051e-10
    ],
    [
      0.09962714905873825,
      1.4665332060376782e-08,
      5.438166553369848e-06,
      0.899155083900093,
      0.0002637439391815816,
      0.000948570270101604
    ],
    [
      0.978215450100823,
      1.6422773696428323e-11,
      9.710743716722145e-12,
      0.018792482454600676,
      0.0029920669804531213,
      4.379894441346355e-10
    ],
    [
      5.97853632049551e-08,
      0.9936286876209729,
      0.00022307442075728567,
      2.96779561640713e-11,
      0.0061481749787033035,
      3.1645252120283523e-09
    ],
    [
      0.011658322720581583,
      0.45395683165263223,
      0.0021388238281485603,
      0.000136343920666637,
      0.5321027192478149,
      6.95863015586846e-06
    ],
    [
      0.08186376775934891,
      1.3840142274366125e-07,
      3.675897220858801e-05,
      0.9146158011542381,
      0.00035920512667338367,
      0.003124328586108184
    ],
    [
      0.0066862868807423,
      3.785258841089312e-08,
      0.0001443638846550259,
      0.9498244702880423,
      8.051771732936725e-06,
      0.043336789322239
    ],
    [
      0.1148127485680233,
      0.0027623151911096047,
      3.0465664248757675e-07,
      7.300532930223295e-05,
      0.8823516252874902,
      9.674321978893657e-10
    ],
    [
      5.7635038167490996e-08,
      0.03358153356488617,
      0.9130159760058425,
      8.836107566292314e-06,
      7.009561572906255e-08,
      0.05339352659105128
    ],
    [
      0.8264994485501801,
      5.338768889390244e-06,
      2.5302649150439066e-08,
      0.0037501819254767764,
      0.16974500088070457,
      4.572100049484902e-09
    ],
    [
      0.28300989249776787,
      2.0266563712438504e-08,
      1.7554878243041535e-06,
      0.7156132705753835,
      0.0012133513519509017,
      0.00016170982050985034
    ],
    [
      0.0005798750254477009,
      0.8039119798116264,
      0.0011463843272753581,
      2.6352235366339754e-06,
      0.19435839950430822,
      7.261078053877367e-07
    ],
    [
      0.7551657571532532,
      7.908794670376913e-05,
      2.590396382396618e-06,
      0.01668768644701414,
      0.22806423708765797,
      6.409689885615367e-07
    ],
    [
      0.9554948366228904,
      8.279917763101659e-09,
      2.494616913237571e-09,
      0.030715557695084446,
      0.013789576163664597,
      1.874382577567079e-08
    ],
    [
      0.10667950465051224,
      5.750776710110363e-11,
      8.652172038302041e-08,
      0.8931362238446813,
      7.510722679510598e-05,
      0.00010907769878327502
    ],
    [
      4.992340768879957e-07,
      0.9392499752712276,
      0.06032918549798464,
      7.025626612859838e-08,
      0.0003715426274595468,
      4.8727112985176224e-05
    ],
    [
      2.010020512010204e-08,
      7.749457503464994e-07,
      0.01961635041898761,
      0.0022489923582298694,
      3.027828529678889e-12,
      0.9781338621737993
    ],
    [
      5.823810366921229e-10,
      0.00015804109695955645,
      0.350312873184775,
      5.100823633817855e-05,
      8.216318717230506e-13,
      0.6494780768987248
    ],
    [
      1.283583849357113e-05,
      0.9795871969193866,
      0.012532473962435812,
      3.7237970887497397e-07,
      0.007857946199516363,
      9.174700458936678e-06
    ],
    [
      3.1984553539066197e-06,
      2.393663601553751e-08,
      0.001917144753063065,
      0.07380484423726878,
      3.5117838520039775e-10,
      0.9242747882664998
    ],
    [
      0.4131545855315336,
      4.805588120353453e-09,
      3.00671087247303e-07,
      0.5853490497571118,
      0.0014612425638561735,
      3.481667082314527e-05
    ],
    [
      0.802932088757914,
      2.695016273892988e-07,
      6.302097688155443e-07,
      0.1810775350863424,
      0.015983597841465812,
      5.878602881652822e-06
    ],
    [
      0.000531310004371065,
      3.2463484393652106e-16,
      3.499867952850943e-09,
      0.9970506598928556,
      3.998414668108953e-09,
      0.002418022604490953
    ],
    [
      0.007951626317528947,
      1.0917067881801387e-07,
      0.0002702797919460882,
      0.9393489796875504,
      1.3472346353905175e-05,
      0.052415532685942075
    ],
    [
      1.4192169045805813e-10,
      0.05279612177695003,
      0.9373670980928073,
      4.196151594596527e-08,
      6.260545101897035e-10,
      0.009836737400750537
    ],
    [
      0.8435876068391656,
      3.3032521899091466e-07,
      4.6944177936938603e-07,
      0.1362280943388342,
      0.020180254012772975,
      3.245042228866945e-06
    ],
    [
      0.01900573328733685,
      0.006817857875185829,
      1.1014236361854354e-08,
      7.97663332748565e-07,
      0.9741756001579615,
      1.9467453973424263e-12
    ],
    [
      0.005563247105360211,
      0.00713465922265205,
      1.8875500656249998e-11,
      4.76504963965635e-09,
      0.9873020888880627,
      9.659705488754205e-17
    ],
    [
      8.964725112870375e-05,
      0.930368424917885,
      0.0016071093349189038,
      4.5833661995058053e-07,
      0.06793371435005348,
      6.458093940036042e-07
    ],
    [
      0.6799347911244032,
      4.1985594043883183e-07,
      2.2536271854878573e-06,
      0.30817593889915545,
      0.011858167194435602,
      2.842929887983298e-05
    ],
    [
      2.702946770946916e-07,
      1.1057642747848187e-08,
      0.0017247180578463263,
      0.02571707132130159,
      1.1200830822512587e-11,
      0.9725579292573314
    ],
    [
      1.1569602957413253e-07,
      0.10925881378854127,
      0.8712452853508441,
      3.936399317127228e-06,
      6.653948320334236e-07,
      0.019491183370435785
    ],
    [
      0.00044629224078014104,
      6.984607787008715e-06,
      0.016455325055310242,
      0.2635861270856363,
      1.3329852890649538e-06,
      0.7195039380251972
    ],
    [
      1.9194076171833324e-09,
      0.00010446974403591424,
      0.2698372939589594,
      0.00011362123640657252,
      2.884573474656832e-12,
      0.7299446131383058
    ],
    [
      4.803735807570867e-10,
      0.028108827326892242,
      0.947742642766256,
      2.60113673694219e-07,
      6.51557733353825e-10,
      0.024148268661246683
    ],
    [
      0.3584954703904096,
      4.3900426464214125e-05,
      5.1883960880100776e-11,
      1.135397901713184e-05,
      0.6414492751521568,
      6.841992068778506e-14
    ],
    [
      0.00018632047902889662,
      3.040248825153912e-10,
      5.7978928237278545e-05,
      0.7699497067844994,
      1.4393181345038694e-08,
      0.22980597911102832
    ],
    [
      3.6789664434095835e-09,
      0.29058176376768824,
      0.7070074583224158,
      4.61379216445357e-08,
      2.3336502701365517e-07,
      0.0024104947279808414
    ],
    [
      4.3003137236401316e-09,
      0.9885458959209508,
      1.248199891913238e-05,
      1.0617244678459364e-13,
      0.011441617765256797,
      1.4453327946543667e-11
    ],
    [
      0.12350140793193722,
      1.96442423666158e-06,
      0.0001777522734409327,
      0.8699980108011922,
      0.0012837751075341275,
      0.005037089461658877
    ],
    [
      2.4799562438227167e-05,
      0.7194039017012601,
      5.152157307378145e-06,
      1.5460782714727447e-09,
      0.2805661449580195,
      7.489674071174206e-11
    ],
    [
      9.701403785322008e-10,
      0.004415786271513947,
      0.8554648633989491,
      4.188646789181991e-06,
      7.281585336539042e-11,
      0.14011516063979146
    ],
    [
      1.9009361071852547e-10,
      0.005434329637698021,
      0.9015666556414415,
      1.1282382524560537e-06,
      1.6376941101284286e-11,
      0.09299788627613752
    ],
    [
      7.151473093385972e-05,
      0.7103442751058482,
      1.938602552733938e-05,
      1.335154753002551e-08,
      0.28956480998864803,
      7.97495311069261e-10
    ],
    [
      2.529005204800836e-09,
      0.8055828845772889,
      0.194320625836307,
      1.685237307953924e-09,
      3.988754072958355e-06,
      9.24966180886923e-05
    ],
    [
      0.01723791430596098,
      0.003009652368310713,
      8.268273415225109e-11,
      6.206235384811597e-08,
      0.9797523711806893,
      2.353909190347514e-15
    ],
    [
      0.540657958188841,
      3.130814335251765e-07,
      3.88379003064676e-06,
      0.45229303064311915,
      0.006966804674026002,
      7.800962254968798e-05
    ],
    [
      8.996499680807143e-06,
      7.587492468764313e-08,
      0.003022688067461445,
      0.09609690662427234,
      2.0272626679513205e-09,
      0.900871330906398
    ],
    [
      0.7257956923731285,
      2.733075709011634e-06,
      5.94160238342405e-11,
      0.00010795005568917947,
      0.2740936244352408,
      8.167054341712347e-13
    ],
    [
      5.060966273194521e-08,
      0.05881320089323888,
      0.9104334353776019,
      4.176390436319548e-06,
      1.3660192318707253e-07,
      0.030749000127137098
    ],
    [
      6.382697382457422e-05,
      1.1989052586965284e-06,
      0.009434327739640171,
      0.1417404692969767,
      6.731600223343201e-08,
      0.8487601097682975
    ],
    [
      0.03941063794166119,
      0.0009904963838219612,
      6.002092278739314e-12,
      6.282816684789216e-08,
      0.9595988028403477,
      1.411314230445483e-16
    ],
    [
      0.01062965252615355,
      1.166285972957106e-13,
      1.2506957369247616e-08,
      0.9890016804879233,
      8.777944038615722e-07,
      0.00036777668444542443
    ],
    [
      4.841021592873692e-10,
      0.9907982432886757,
      0.009149422314401516,
      5.859443528161485e-12,
      5.2043941221123755e-05,
      2.8996574036174067e-07
    ],
    [
      4.089624728387534e-08,
      1.0905745686964316e-09,
      0.0006396522232967387,
      0.018747086221122086,
      3.2453604899985765e-13,
      0.9806132195684348
    ],
    [
      1.9532464035560283e-07,
      5.908529826349742e-08,
      0.004203077185925044,
      0.01423428602926198,
      1.5997941857336396e-11,
      0.9815623823588766
    ],
    [
      1.1696489815421244e-05,
      1.93759570527027e-05,
      0.05055658098979331,
      0.025532777862227088,
      3.7364759230947765e-08,
      0.9238795313363523
    ],
    [
      0.05102923115648307,
      6.913282700181546e-11,
      2.2427286452120727e-07,
      0.9485873654337349,
      2.931885217281241e-05,
      0.0003538602156118592
    ],
    [
      3.815906551852067e-11,
      0.9219821216509251,
      0.07801121203246239,
      6.003273608718659e-12,
      1.290959849783435e-06,
      5.375312600384402e-06
    ],
    [
      3.2523373470690405e-07,
      0.0019352431897581893,
      0.5541020422052537,
      0.00040022655919496594,
      1.4730397755949358e-08,
      0.44356214808166067
    ],
    [
      0.9718963109728332,
      7.772748520992584e-09,
      1.7672886952998654e-10,
      0.005769330481252813,
      0.02233435023451121,
      3.619254976263499e-10
    ],
    [
      7.265091083532803e-08,
      0.0002808796915413263,
      0.30708382526665606,
      0.0004804669120595421,
      5.694846952555583e-10,
      0.6921547549093477
    ],
    [
      0.00010170281187880504,
      2.712985383197639e-05,
      0.044619820261363935,
      0.08256371758128174,
      4.801612970424885e-07,
      0.8726871493303465
    ],
    [
      3.9432095387846524e-07,
      1.2988387363479848e-09,
      0.0005540653694746737,
      0.051396730796143784,
      7.205327295077451e-12,
      0.9480488082073836
    ],
    [
      4.857003295583049e-11,
      0.07973692298843947,
      0.9153129891558509,
      9.585761913165922e-09,
      5.147333432572824e-10,
      0.0049500777066444025
    ],
    [
      6.968487289178334e-06,
      7.438910612401193e-05,
      0.10489414629128249,
      0.012172958476828052,
      4.3405959284114294e-08,
      0.882851494232517
    ],
    [
      9.441802695784533e-05,
      0.9571811924579351,
      0.006008949095400512,
      1.4660327724330588e-06,
      0.03670890088401798,
      5.0735029163432396e-06
    ],
    [
      3.4342450808599574e-09,
      3.09990316064628e-06,
      0.046617400592553,
      0.00063189738221583,
      6.036363617740674e-13,
      0.9527475986872219
    ],
    [
      0.6250669878014046,
      4.291332281536137e-06,
      3.709950759606976e-12,
      1.4619950491018298e-05,
      0.3749141009121042,
      8.950182353449696e-15
    ],
    [
      0.0002482731820422306,
      1.2436231077371517e-10,
      2.7923602400782164e-05,
      0.8468495756742064,
      1.7349201961272873e-08,
      0.15287421006778626
    ],
    [
      1.9682773370424413e-07,
      3.5371887686061576e-08,
      0.0032304377582171835,
      0.01635819827789507,
      1.268929784461041e-11,
      0.980411131751577
    ],
    [
      3.418826706853039e-07,
      0.10555231240466792,
      0.8686733220332605,
      1.0314918441123755e-05,
      1.52920150643719e-06,
      0.02576217955945335
    ],
    [
      0.7266837165530708,
      0.00020376512994392114,
      1.2320848014624617e-05,
      0.027408174325124608,
      0.24568871634459474,
      3.3067992515912715e-06
    ],
    [
      6.60195496765104e-09,
      6.654123953378209e-06,
      0.064869672334907,
      0.0006518793561179139,
      2.318705102870764e-12,
      0.9344717875807481
    ],
    [
      8.85745424919459e-08,
      0.348352931717911,
      0.6478179397484065,
      5.835160394639144e-07,
      3.605199238326418e-06,
      0.0038248512438621676
    ],
    [
      0.006684712144613616,
      0.0499126653820856,
      6.448367667911925e-07,
      1.0343635267581345e-06,
      0.943400943131677,
      1.4133016186395686e-10
    ],
    [
      0.014967874143501519,
      3.0794047769314924e-10,
      2.196817419538134e-06,
      0.9819832201172459,
      7.826173438737924e-06,
      0.0030388824404540067
    ],
    [
      0.933564565671656,
      1.6584317582230344e-08,
      7.546228579519016e-15,
      1.0467948831263464e-05,
      0.06642494979518766,
      6.171700828790636e-17
    ],
    [
      0.08969332672579206,
      5.185357943194896e-07,
      9.114779032215277e-05,
      0.9049466208197284,
      0.000576478250469073,
      0.004691907877894224
    ],
    [
      0.00017479602308497684,
      0.8882815169782251,
      0.0011307359227649533,
      7.052555429272942e-07,
      0.1104117782231344,
      4.675972475762097e-07
    ],
    [
      6.43443276067199e-06,
      6.561239241778624e-11,
      7.624745241679071e-05,
      0.3254557888693175,
      8.921662912344822e-11,
      0.6744615290906761
    ],
    [
      0.00014234622461956967,
      0.923621826526387,
      0.06460513954935579,
      1.9518641414211294e-05,
      0.011360046306237643,
      0.00025112275198551655
    ],
    [
      6.074067714397157e-07,
      0.051019032884675325,
      0.8898276794889601,
      3.769271673892225e-05,
      9.424936308034995e-07,
      0.05911404500922347
    ],
    [
      3.2770092416194556e-06,
      6.924399518171109e-09,
      0.0010055375388334249,
      0.09906866411965014,
      2.1459616945808062e-10,
      0.8999225141932793
    ],
    [
      3.035429929094599e-08,
      1.5733959172942258e-07,
      0.008335253074422037,
      0.004397179536616838,
      2.279653392749063e-12,
      0.9872673796927907
    ],
    [
      6.669718583557794e-06,
      0.8347165668947683,
      0.1639851782333987,
      2.818571239680227e-06,
      0.0007418649477832437,
      0.0005469016342268766
    ],
    [
      0.9158558167112826,
      3.4288653167114256e-08,
      1.9576678605753534e-14,
      1.2297180782347907e-05,
      0.084131851819262,
      1.4777767056033143e-16
    ],
    [
      1.478131753660366e-06,
      2.0003479447614157e-10,
      0.00017890956025327418,
      0.1418770692922424,
      1.9100088552122964e-11,
      0.8579425427966159
    ],
    [
      1.713709356086739e-05,
      0.871495859772879,
      4.834106761353347e-05,
      4.848642037345278e-09,
      0.128438655413718,
      1.8035866736653846e-09
    ],
    [
      0.00018686360303480612,
      0.11616580510677332,
      0.7920336670918053,
      0.0019551889436711777,
      0.00027429492206365445,
      0.0893841803326518
    ],
    [
      0.8270099332669703,
      7.545748219112531e-07,
      4.657599136194496e-11,
      0.0002074545600650631,
      0.1727818575500264,
      1.5402748337952432e-12
    ],
    [
      0.8822630531736232,
      1.9550506207893248e-07,
      9.699935072643774e-12,
      0.00017329089039370678,
      0.11756346042080978,
      4.1130872073352893e-13
    ],
    [
      9.278841908998486e-08,
      0.955824450149368,
      4.718756295232268e-06,
      1.9303788566397427e-12,
      0.04417073829504291,
      8.944538450205405e-12
    ],
    [
      0.09939682566632022,
      0.0011621039005082641,
      9.914580160281153e-09,
      1.1821060530005916e-05,
      0.8994292394477013,
      1.0360072295240671e-11
    ],
    [
      2.677340143560834e-08,
      0.9971222188842299,
      0.0007471109813867107,
      3.68850587751669e-11,
      0.0021306265012354143,
      1.6822861753252404e-08
    ],
    [
      0.0003009335130655427,
      0.13445904151360774,
      1.4440139538991179e-08,
      1.5613042226109906e-09,
      0.8652400089718001,
      8.272078373768735e-14
    ],
    [
      0.33609275706195085,
      0.00024503912279215905,
      3.176647027297216e-08,
      0.0002060525877813129,
      0.6634561191862175,
      2.747879383484623e-10
    ],
    [
      0.0693834607209203,
      0.005369078317123765,
      3.945903630167119e-07,
      3.46707352997069e-05,
      0.9252123948922488,
      7.440444402257466e-10
    ],
    [
      1.5839234746966118e-09,
      0.9934583562896412,
      0.006418506861705887,
      1.4496605567127222e-11,
      0.0001229043047285915,
      2.309455041650611e-07
    ],
    [
      0.0015449810537913847,
      0.4377172503495028,
      7.969675805659732e-05,
      1.4479284573764754e-06,
      0.5606565984439459,
      2.5466246110716147e-08
    ],
    [
      0.0025934306992660802,
      0.00014188763326834092,
      0.05519771509785304,
      0.3287236029472159,
      3.549220060622339e-05,
      0.6133078714217907
    ],
    [
      1.2562096565347156e-07,
      0.819014532226541,
      0.1807046765510038,
      6.91907009549679e-08,
      5.160860870783596e-05,
      0.00022898780208088489
    ],
    [
      0.0009643594206796567,
      0.07666858183351194,
      2.1968170699667578e-08,
      1.0799088710919065e-08,
      0.9223670259782033,
      3.457418033117202e-13
    ],
    [
      0.3505807108022738,
      0.0009095490675730274,
      1.4588077178880194e-06,
      0.001230289111688064,
      0.6472779590406966,
      3.317005053656506e-08
    ],
    [
      0.2403915203332361,
      4.840945601921743e-13,
      1.0124960480580138e-09,
      0.7595280976644997,
      7.536731399742408e-05,
      5.0136752867625815e-06
    ],
    [
      6.330888526159535e-11,
      0.4461971836366441,
      0.5534227225754876,
      4.5851226202581597e-10,
      3.283619845625926e-08,
      0.0003800604298484041
    ],
    [
      4.733511512496551e-06,
      0.8433297245817837,
      5.6465392347687754e-06,
      2.2914447688125764e-10,
      0.15665989509282383,
      4.5501036808836934e-11
    ],
    [
      6.94573688719185e-07,
      0.002752099354891936,
      0.5840057431604048,
      0.0005264077747329259,
      4.451867855852804e-08,
      0.4127150106176032
    ],
    [
      0.16361847142608626,
      0.0013314800646645967,
      1.3810854227971901e-07,
      9.633353796999356e-05,
      0.8349535762964121,
      5.663247890380493e-10
    ],
    [
      0.007074819263659912,
      0.11400626353013667,
      9.850898120046732e-06,
      4.055726886768919e-06,
      0.878905005871303,
      4.709893537206434e-09
    ],
    [
      0.0017088023188372822,
      1.2273394111386286e-05,
      0.015428044831621695,
      0.44432495503501757,
      7.93887744637298e-06,
      0.5385179855429657
    ],
    [
      0.9173010300912076,
      4.469805993955832e-08,
      4.933579651286138e-13,
      6.61772781549774e-05,
      0.08263274793206975,
      1.4638111171851468e-14
    ],
    [
      6.141107039701084e-09,
      0.0006997326502922152,
      0.5225802767387979,
      6.775730183720347e-05,
      6.642740380815639e-11,
      0.4766522271015383
    ],
    [
      0.0007284600598432773,
      0.07210002766382326,
      6.982301436046615e-09,
      4.020400437895563e-09,
      0.9271715012735721,
      5.947055074429424e-14
    ],
    [
      0.9318119442890941,
      3.7857915100249244e-08,
      1.7955905918517623e-08,
      0.05063655003286295,
      0.017551331136749705,
      1.187274722375179e-07
