{
  "dataset": "circles",
  "algorithm": "gmm",
  "params": {
    "n_components": 4,
    "covariance_type": "diag"
  },
  "labels": [
    0,
    3,
    0,
    1,
    0,
    0,
    0,
    0,
    3,
    1,
    2,
    1,
    1,
    0,
    0,
    0,
    2,
    3,
    3,
    1,
    2,
    2,
    3,
    0,
    3,
    2,
    2,
    1,
    0,
    0,
    2,
    0,
    1,
    1,
    2,
    0,
    0,
    3,
    1,
    3,
    0,
    0,
    2,
    1,
    3,
    3,
    2,
    2,
    1,
    2,
    3,
    1,
    0,
    1,
    1,
    3,
    0,
    2,
    1,
    3,
    2,
    2,
    3,
    2,
    0,
    3,
    1,
    3,
    2,
    0,
    0,
    3,
    3,
    3,
    3,
    3,
    2,
    3,
    1,
    1,
    1,
    0,
    2,
    1,
    3,
    0,
    1,
    1,
    3,
    3,
    0,
    2,
    0,
    3,
    1,
    0,
    0,
    3,
    1,
    2,
    2,
    1,
    2,
    3,
    3,
    3,
    3,
    2,
    3,
    0,
    0,
    1,
    3,
    2,
    2,
    2,
    2,
    2,
    0,
    3,
    1,
    1,
    3,
    1,
    2,
    2,
    1,
    1,
    0,
    3,
    2,
    0,
    2,
    2,
    0,
    3,
    1,
    2,
    2,
    2,
    3,
    1,
    2,
    0,
    2,
    2,
    2,
    2,
    2,
    1,
    2,
    0,
    3,
    2,
    2,
    0,
    2,
    1,
    0,
    3,
    0,
    3,
    1,
    3,
    1,
    2,
    2,
    2,
    1,
    0,
    2,
    1,
    2,
    0,
    0,
    1,
    0,
    1,
    0,
    0,
    0,
    1,
    1,
    2,
    1,
    0,
    0,
    3,
    1,
    1,
    2,
    0,
    0,
    3,
    0,
    2,
    0,
    0,
    0,
    0,
    1,
    3,
    2,
    1,
    1,
    1,
    2,
    3,
    2,
    0,
    2,
    0,
    3,
    3,
    2,
    0,
    0,
    2,
    0,
    2,
    0,
    2,
    3,
    1,
    0,
    0,
    2,
    1,
    3,
    3,
    0,
    0,
    1,
    2,
    0,
    0,
    3,
    1,
    1,
    1,
    1,
    1,
    1,
    2,
    0,
    0,
    3,
    3,
    3,
    1,
    2,
    3,
    2,
    1,
    3,
    1,
    0,
    0,
    1,
    1,
    3,
    0,
    0,
    0,
    0,
    2,
    1,
    0,
    1,
    0,
    1,
    1,
    2,
    3,
    3,
    0,
    0,
    0,
    2,
    0,
    3,
    1,
    1,
    2,
    0,
    1,
    3,
    1,
    0,
    3,
    0,
    3,
    0,
    0,
    0,
    1,
    3,
    1,
    2,
    2,
    1,
    2,
    3,
    1,
    0,
    1,
    2,
    2,
    0,
    0,
    0,
    2,
    0,
    0,
    0,
    3,
    0,
    0,
    0,
    3,
    0,
    1,
    3,
    1,
    3,
    2,
    0,
    2,
    1,
    0,
    1,
    2,
    3,
    2,
    1,
    0,
    1,
    0,
    2,
    0,
    3,
    2,
    2,
    0,
    1,
    3,
    2,
    1,
    1,
    3,
    2,
    1,
    2,
    2,
    1,
    0,
    2,
    1,
    1,
    1,
    0,
    3,
    2,
    3,
    3,
    2,
    2,
    0,
    1,
    1,
    2,
    1,
    2,
    2,
    3,
    1,
    1,
    0,
    3,
    0,
    0,
    1,
    2,
    3,
    1,
    3,
    3,
    2,
    1,
    3,
    0,
    2,
    0,
    1,
    2,
    1,
    1,
    0,
    2,
    1,
    2,
    3,
    1,
    2,
    2,
    2,
    3,
    0,
    2,
    1,
    1,
    3,
    2,
    1,
    1,
    3,
    2,
    0,
    3,
    0,
    2,
    1,
    2,
    3,
    1,
    0,
    1,
    3,
    2,
    1,
    0,
    0,
    0,
    2,
    3,
    0,
    2,
    2,
    2,
    3,
    0,
    0,
    2,
    1,
    3,
    2,
    0,
    3,
    2,
    3,
    2,
    3,
    0,
    3,
    2,
    1,
    1,
    1,
    2,
    1,
    1,
    3,
    3,
    0,
    2,
    2,
    2,
    3,
    1,
    1,
    2,
    1,
    1,
    0,
    3,
    1,
    0,
    2,
    3,
    1,
    0,
    0,
    0,
    0,
    0,
    3,
    1,
    3,
    1,
    1,
    0,
    2,
    2,
    1,
    3,
    0,
    2,
    0,
    1,
    0
  ],
  "means": [
    {
      "x": -0.6693314802607433,
      "y": 0.12329136332510074
    },
    {
      "x": -0.03938749364579111,
      "y": -0.6866077273886632
    },
    {
      "x": 0.724680326397316,
      "y": -0.00522910511224145
    },
    {
      "x": 0.10998734045322393,
      "y": 0.694809995029084
    }
  ],
  "probabilities": [
    [
      0.9606115638373378,
      6.818470054268378e-05,
      4.540164958817139e-08,
      0.039320206060469834
    ],
    [
      0.011305938374067076,
      4.531634265669018e-12,
      0.00013664604201069032,
      0.9885574155793906
    ],
    [
      0.9915119281032084,
      0.004213665322172855,
      1.0441324361414302e-07,
      0.0042743021613750225
    ],
    [
      0.3399433218807533,
      0.6600566192579804,
      6.660281824620439e-09,
      5.220098442312773e-08
    ],
    [
      0.9075113611172917,
      8.352889024088505e-09,
      4.1563388729798255e-11,
      0.09248863048825604
    ],
    [
      0.7863660128871647,
      0.213573278537826,
      2.5130087242063944e-07,
      6.0457274136889866e-05
    ],
    [
      0.9912441142941673,
      0.0018226407339013925,
      7.22314615772448e-08,
      0.006933172740469908
    ],
    [
      0.9984060199857455,
      0.0002762072167597517,
      9.216782721041735e-13,
      0.0013177727965731816
    ],
    [
      0.05458181378643366,
      8.149482549514632e-11,
      1.9858494400661814e-05,
      0.9453983276376708
    ],
    [
      0.0004762514285021089,
      0.9937847335181001,
      0.00573896342245934,
      5.163093854752938e-08
    ],
    [
      4.428430142794377e-11,
      6.485221660491405e-05,
      0.9907602579881357,
      0.0091748897509751
    ],
    [
      2.4502021828955412e-05,
      0.9855627175331122,
      0.014412780441984813,
      3.0741217613644656e-12
    ],
    [
      0.09792757412793743,
      0.9020464442207419,
      2.3967282062093147e-05,
      2.014369258759787e-06
    ],
    [
      0.7580048890620843,
      1.4123784029482952e-09,
      2.141320973495141e-09,
      0.24199510738421656
    ],
    [
      0.9753201358667863,
      0.006865019289160899,
      5.091355993788679e-06,
      0.017809753488058796
    ],
    [
      0.9073881574160227,
      0.09236357352933733,
      2.416658908755665e-07,
      0.0002480273887489845
    ],
    [
      7.094143760822886e-07,
      0.0182408111724167,
      0.98045423036526,
      0.0013042490479472373
    ],
    [
      2.0802311893431122e-08,
      2.2794467470879597e-09,
      0.44408582981861383,
      0.5559141470996277
    ],
    [
      0.006632506124659759,
      2.2458806066849784e-05,
      0.027999331589427218,
      0.9653457034798463
    ],
    [
      0.18982885584663062,
      0.8100311026477213,
      9.574736806119337e-05,
      4.429413758691326e-05
    ],
    [
      1.895600700041612e-06,
      0.05575752088463179,
      0.9436680422443064,
      0.0005725412703618563
    ],
    [
      5.404300324609033e-08,
      0.008452602638076014,
      0.990689923433698,
      0.0008574198852225878
    ],
    [
      0.0003834150766709303,
      6.887250171498063e-06,
      0.12957575107588687,
      0.8700339465972707
    ],
    [
      0.8073338523787266,
      3.302896098771863e-05,
      1.949731129839246e-06,
      0.19263116892915583
    ],
    [
      0.30593577252326554,
      1.0118831169980206e-09,
      7.11577750199444e-07,
      0.6940635148871012
    ],
    [
      0.0007602437451126156,
      0.2720158767099002,
      0.721732917255199,
      0.005490962289788204
    ],
    [
      2.5742394955322416e-05,
      0.05482800149265501,
      0.9416735768327531,
      0.003472679279636585
    ],
    [
      1.2431514559267373e-07,
      0.757306907223275,
      0.24269296691265058,
      1.5489289178559399e-09
    ],
    [
      0.9083685789698576,
      1.0177613134539198e-09,
      7.577353689235831e-12,
      0.09163142000480355
    ],
    [
      0.5658066159484337,
      1.4341057756321202e-06,
      2.2017264936303156e-06,
      0.4341897482192971
    ],
    [
      3.015518776793007e-06,
      0.39489807120368914,
      0.6050842268883723,
      1.468638916205754e-05
    ],
    [
      0.7153334857488689,
      8.04958893217006e-07,
      2.652715636169145e-07,
      0.2846654440206744
    ],
    [
      0.0002928012965204494,
      0.9636458195366394,
      0.0360598711634472,
      1.5080033930865406e-06
    ],
    [
      0.034846934672858154,
      0.9651520740150918,
      9.911932846337085e-07,
      1.1876533360845416e-10
    ],
    [
      5.965041435640828e-11,
      7.976781725894189e-05,
      0.9916691217853222,
      0.008251110337768588
    ],
    [
      0.6457639038961536,
      2.8128302468472268e-05,
      1.110442494730636e-05,
      0.3541968633764307
    ],
    [
      0.570822844352509,
      0.429173598811612,
      5.8800414184802753e-08,
      3.498035464703792e-06
    ],
    [
      0.01334588345501531,
      4.693050008132117e-12,
      0.00011141230718582158,
      0.9865427042331057
    ],
    [
      1.2091878451079116e-06,
      0.8669652540465125,
      0.1330335331126564,
      3.6529857769528867e-09
    ],
    [
      0.004748805903790962,
      5.495727125604812e-13,
      0.0003509355223482315,
      0.9949002585733114
    ],
    [
      0.8442569100052536,
      0.1554457334495861,
      1.3184875734845205e-06,
      0.00029603805758675935
    ],
    [
      0.9473065897159167,
      6.768582091179888e-09,
      8.125634834397314e-13,
      0.05269340351468841
    ],
    [
      1.8788060650761818e-05,
      0.05429035567434088,
      0.9428746358179818,
      0.0028162204470266157
    ],
    [
      0.005587578919022361,
      0.9943681446205337,
      4.4276460036936965e-05,
      4.068491962423864e-13
    ],
    [
      3.275412575259308e-07,
      9.581942404939049e-08,
      0.4765832080193673,
      0.5234163686199511
    ],
    [
      0.04885196035649076,
      1.0222831311970178e-11,
      1.860348446620268e-05,
      0.9511294361488202
    ],
    [
      5.7861681266873765e-12,
      0.0003914409496782788,
      0.9975163154342379,
      0.0020922436102977487
    ],
    [
      1.2206684732753638e-11,
      2.082615504806177e-06,
      0.9472580821206128,
      0.05273983525167591
    ],
    [
      0.10243477620217421,
      0.8975637054715787,
      1.4427026246882396e-06,
      7.562362229391426e-08
    ],
    [
      1.1357164532582987e-08,
      2.6284949185930593e-07,
      0.7559753531511499,
      0.24402437264219376
    ],
    [
      0.47252827426152505,
      5.809746815116323e-13,
      4.277104345063418e-08,
      0.5274716829668502
    ],
    [
      0.029767569905717783,
      0.9702309681586834,
      1.4618243927725562e-06,
      1.1120605014674735e-10
    ],
    [
      0.9911147291896746,
      0.0088215256970461,
      2.1948364658109852e-13,
      6.374511305982559e-05
    ],
    [
      0.39645165998076975,
      0.6035401642926392,
      1.2344909357094924e-06,
      6.94123565532103e-06
    ],
    [
      0.0003662914278240164,
      0.9982928797824129,
      0.0013408287762978986,
      1.3465262573872442e-11
    ],
    [
      0.0015013559273369564,
      1.2269893894105578e-13,
      0.0011304820426082652,
      0.9973681620299321
    ],
    [
      0.6566560752692393,
      0.3433437034996547,
      6.042920281377772e-11,
      2.211706765626462e-07
    ],
    [
      3.730440206908632e-09,
      1.885681800992736e-06,
      0.8908476960753225,
      0.10915041451243608
    ],
    [
      1.8565940919694785e-05,
      0.980686587842436,
      0.019294846111419357,
      1.0522489843254124e-10
    ],
    [
      0.487410404197336,
      6.037008140121695e-13,
      3.5690095300814207e-08,
      0.512589560111965
    ],
    [
      3.824283522200894e-06,
      0.05161746640965501,
      0.9473674222137165,
      0.0010112870931063321
    ],
    [
      3.318168061975156e-05,
      0.002932344355799767,
      0.9378364607233834,
      0.059198013240197064
    ],
    [
      0.128972472241883,
      4.301281906129285e-07,
      7.924035953297944e-05,
      0.8709478572703933
    ],
    [
      5.613481451214943e-06,
      0.3943045580211135,
      0.6056634018481936,
      2.6426649241707007e-05
    ],
    [
      0.5754922548424798,
      8.288776616181513e-12,
      1.1603942943561248e-08,
      0.42450773354528865
    ],
    [
      9.167827629460795e-07,
      5.055600856449621e-11,
      0.12323860025592055,
      0.8767604829107605
    ],
    [
      0.00012528558338955088,
      0.9284252975166889,
      0.07144759718349122,
      1.8197164303766309e-06
    ],
    [
      9.002442601828887e-05,
      2.2602855744767427e-11,
      0.012272639478630405,
      0.9876373360727486
    ],
    [
      2.1631681644945365e-12,
      0.03291241266703967,
      0.9670780705336729,
      9.516797124188806e-06
    ],
    [
      0.8835656580289709,
      0.11626752258520681,
      2.2045838508283688e-07,
      0.0001665989274371534
    ],
    [
      0.8501767087042295,
      0.00031085542378550746,
      1.0015585307829464e-05,
      0.1495024202866773
    ],
    [
      0.43698011315997287,
      1.9117820826933607e-05,
      4.6250630088648804e-05,
      0.5629545183891117
    ],
    [
      5.969478350654016e-05,
      2.0157756481234696e-05,
      0.41437130495877267,
      0.5855488425012395
    ],
    [
      3.996170531214142e-05,
      1.058367008849213e-08,
      0.059960744793285475,
      0.9399992829177323
    ],
    [
      0.01651802461450898,
      1.3203468087253773e-07,
      0.0009421738419903143,
      0.9825396695088198
    ],
    [
      0.00014851598499008515,
      4.291929024222362e-08,
      0.04045326631461926,
      0.9593981747811003
    ],
    [
      1.1080134842579182e-05,
      1.1407715101544919e-05,
      0.5567480680038452,
      0.44322944414621046
    ],
    [
      0.07411781613160029,
      5.17992667491008e-11,
      1.0928736694329779e-05,
      0.925871255079906
    ],
    [
      0.00037380808845570716,
      0.9867224911674882,
      0.012903473453769625,
      2.2729028657352765e-07
    ],
    [
      1.5872654835007433e-05,
      0.6786034026127973,
      0.3213742510823326,
      6.47365003517867e-06
    ],
    [
      0.4723261411840904,
      0.5276738561421381,
      9.12311145084691e-15,
      2.67376235033692e-09
    ],
    [
      0.5160958696510637,
      1.2054519244669675e-11,
      2.595723489044583e-08,
      0.48390410437964665
    ],
    [
      2.5660054204411655e-05,
      0.02858318282760045,
      0.9641812353811018,
      0.007209921737093286
    ],
    [
      0.013856382041554254,
      0.9861363024728035,
      7.315426207917756e-06,
      5.943439771827663e-11
    ],
    [
      0.011201443111589713,
      7.015825904616201e-08,
      0.001155954142030085,
      0.9876425325881212
    ],
    [
      0.6965682787421799,
      2.2740639865238881e-10,
      3.3940618090243415e-09,
      0.30343171763635185
    ],
    [
      0.008169570768033338,
      0.991809421018531,
      2.1008138669652502e-05,
      7.476617458288868e-11
    ],
    [
      0.37978348036750686,
      0.6197103292799101,
      0.00015069141192786093,
      0.0003554989406551605
    ],
    [
      0.009089793249520115,
      5.988425943421057e-07,
      0.0035317362128889987,
      0.9873778716949966
    ],
    [
      0.00031912335731999227,
      2.2086110354750196e-07,
      0.041228606731650734,
      0.9584520490499258
    ],
    [
      0.9916646504083042,
      0.007169880189385351,
      1.2847423758199518e-08,
      0.001165456554886826
    ],
    [
      1.1972958779910177e-07,
      0.12349900594144171,
      0.8764766543685107,
      2.4219960459762927e-05
    ],
    [
      0.9511192322646626,
      2.3577316861269605e-05,
      2.120361217289944e-08,
      0.0488571692148639
    ],
    [
      0.04385270361962808,
      8.946010286009602e-08,
      0.0002210647928240897,
      0.9559261421274449
    ],
    [
      0.11309546448062338,
      0.8868484004449918,
      4.954066758972468e-05,
      6.594406795130098e-06
    ],
    [
      0.9090581386803728,
      0.00026190968573385593,
      2.3927403911665365e-06,
      0.0906775588935023
    ],
    [
      0.6676260463917064,
      7.608426213187126e-08,
      9.22052738378579e-08,
      0.33237378531875755
    ],
    [
      0.013840434322533979,
      3.7485792936879685e-10,
      0.00018936129301952691,
      0.9859702040095887
    ],
    [
      0.0003066986342407264,
      0.9896612555470222,
      0.010031967756611205,
      7.806212572207185e-08
    ],
    [
      4.7987523547666175e-11,
      1.4244034182450013e-05,
      0.9770869995377088,
      0.02289875638012126
    ],
    [
      2.3172443468448666e-12,
      0.0014937423122992198,
      0.997905975510596,
      0.0006002821747875211
    ],
    [
      0.005370978967159598,
      0.9934755118585337,
      0.0011529927716011465,
      5.164027055253096e-07
    ],
    [
      1.617798984262654e-08,
      3.4370789110503476e-07,
      0.7570580299442621,
      0.24294161016985716
    ],
    [
      0.07448429176841742,
      2.3352983385730025e-08,
      5.5748931240756785e-05,
      0.9254599359473582
    ],
    [
      0.35189566689532376,
      1.4678127001488477e-06,
      1.522268810370271e-05,
      0.6480876426038725
    ],
    [
      5.452560532986639e-05,
      8.962354044237547e-15,
      0.015127972427963422,
      0.984817501966698
    ],
    [
      0.00040973311774694594,
      5.890819762890547e-07,
      0.04922640464386111,
      0.9503632731564157
    ],
    [
      1.1673030153416105e-09,
      0.23776515757469868,
      0.7622346231485955,
      2.181094027124538e-07
    ],
    [
      0.42718144656906787,
      1.8849895514529833e-06,
      9.334265205913797e-06,
      0.5728073341761748
    ],
    [
      0.9731884415467287,
      0.026754211345999934,
      1.1677064723913137e-10,
      5.7346990500793665e-05
    ],
    [
      0.9430336472896341,
      0.05696149709497471,
      2.789831133640475e-14,
      4.85561536338321e-06
    ],
    [
      0.04108988910573091,
      0.958830506420295,
      7.8626780327409e-05,
      9.77693646818033e-07
    ],
    [
      0.22733751615888603,
      1.9494381391369893e-06,
      5.798541394900611e-05,
      0.7726025489890258
    ],
    [
      6.400552365602668e-10,
      2.4047509791632807e-07,
      0.8384558829260821,
      0.1615438759587648
    ],
    [
      1.0861421332256387e-06,
      0.3433059447240105,
      0.6566836692948036,
      9.29983905264477e-06
    ],
    [
      1.492329877140332e-05,
      3.686843709965423e-05,
      0.6488577720025358,
      0.35109043626159325
    ],
    [
      9.037079151380307e-12,
      0.0009144592090030832,
      0.9980831526559782,
      0.0010023881259816042
    ],
    [
      1.2133406521477185e-09,
      0.13824419991868153,
      0.8617544300600338,
      1.3688079440494773e-06
    ],
    [
      0.9982087914965134,
      0.00020319887972010964,
      8.803156960267917e-13,
      0.0015880096228862008
    ],
    [
      1.8621681493891796e-06,
      2.8295956785778673e-09,
      0.1709884886067395,
      0.8290096463955153
    ],
    [
      3.20537396525903e-07,
      0.6388226789083585,
      0.361176908367901,
      9.218634402496961e-08
    ],
    [
      0.028545912413900545,
      0.9714525925368118,
      1.495048854629777e-06,
      4.329270722396061e-13
    ],
    [
      0.017535532668166,
      7.179701326356108e-06,
      0.0058489123564379915,
      0.9766083752740695
    ],
    [
      0.16720338675606722,
      0.8327965361684672,
      6.428909766261349e-08,
      1.2786367850368779e-08
    ],
    [
      1.2809103948901313e-10,
      0.024428564289345478,
      0.9755464944847202,
      2.4941097843326486e-05
    ],
    [
      3.065449843586281e-11,
      0.03595021010497113,
      0.9640400685483159,
      9.721316058470186e-06
    ],
    [
      0.1681878376504349,
      0.8318117594993015,
      3.194647062538482e-07,
      8.33855572180083e-08
    ],
    [
      4.676145217606712e-06,
      0.9351602865999729,
      0.064835035342361,
      1.9124483177312602e-09
    ],
    [
      0.9808114508567972,
      0.019161994119354025,
      2.58061584537245e-13,
      2.6555023590892974e-05
    ],
    [
      0.1369362706643223,
      1.3270293438349574e-06,
      0.00013100499509641504,
      0.8629313973112376
    ],
    [
      6.938325742579311e-08,
      8.80034564059554e-07,
      0.746787173687544,
      0.2532118768946345
    ],
    [
      0.9915329097287309,
      1.4777253337669508e-05,
      6.483116680348807e-12,
      0.008452313011448212
    ],
    [
      2.3409008720254665e-07,
      0.20889377081158045,
      0.7910946567977093,
      1.1338300623090258e-05
    ],
    [
      1.145974574302026e-06,
      8.925772193623307e-06,
      0.7436414811604375,
      0.2563484470927947
    ],
    [
      0.9921801498782091,
      0.007759065312834246,
      1.2175315569077228e-14,
      6.078480894442785e-05
    ],
    [
      0.0013981622616721717,
      1.5750338996843597e-12,
      0.0011936115022089418,
      0.997408226234544
    ],
    [
      0.00011628914080910569,
      0.995802446982222,
      0.004081263869580632,
      7.388357783999325e-12
    ],
    [
      3.438043431488464e-11,
      3.619228218647819e-08,
      0.7986031084572736,
      0.2013968553160637
    ],
    [
      5.760953256665046e-10,
      1.1682615874916152e-06,
      0.9044499702718574,
      0.09554886089045969
    ],
    [
      2.704072705752702e-07,
      0.0001166335184422925,
      0.948116228096285,
      0.051766867978002055
    ],
    [
      0.0055662150134094595,
      4.898496548736659e-10,
      0.0005842227612861302,
      0.9938495617354548
    ],
    [
      2.817291559081779e-06,
      0.9480690154370734,
      0.05192816726477056,
      6.596841103541678e-12
    ],
    [
      2.6315349267736335e-08,
      0.006666848909168315,
      0.9925133941609665,
      0.0008197306145160993
    ],
    [
      0.8582915090538838,
      7.994183870213969e-08,
      2.3874658190288286e-09,
      0.14170840861681172
    ],
    [
      1.4421081398736658e-09,
      0.0013974568755842703,
      0.9970884926320452,
      0.0015140490502625766
    ],
    [
      3.541464680990789e-06,
      0.00013738427749801453,
      0.8741356668287561,
      0.1257234074290647
    ],
    [
      7.001847240281617e-10,
      2.9071779571686574e-08,
      0.730476526143096,
      0.26952344408493983
    ],
    [
      9.377003914627259e-10,
      0.3196960474868509,
      0.680303904286142,
      4.7289307006577895e-08
    ],
    [
      2.0191973714497408e-07,
      0.0003647891724819513,
      0.9766829217489295,
      0.022952087158851595
    ],
    [
      0.022599310762833075,
      0.9769909583559454,
      0.00040732898640828794,
      2.4018948131249102e-06
    ],
    [
      5.95254812689426e-12,
      5.508133670319434e-05,
      0.990973669650111,
      0.008971249007233187
    ],
    [
      0.9962805833873901,
      2.7846308291056384e-05,
      1.0746684862962977e-13,
      0.00369157030421138
    ],
    [
      2.9422578880487767e-06,
      1.2076217626474395e-09,
      0.12579753614977723,
      0.8741995203847129
    ],
    [
      5.285325929594721e-10,
      7.348590970156317e-07,
      0.8887818676039078,
      0.1112173970084626
    ],
    [
      2.4942182744049192e-06,
      0.3262016185539712,
      0.6737730880569632,
      2.279917079128598e-05
    ],
    [
      0.8835793091215234,
      0.0006236399999589973,
      1.1725996265147701e-05,
      0.11578532488225246
    ],
    [
      1.7741125777721078e-11,
      9.213430877863402e-05,
      0.9932137270904169,
      0.006694138583063607
    ],
    [
      4.4561783412051945e-06,
      0.7097211423084161,
      0.29027343158072233,
      9.69932520268816e-07
    ],
    [
      0.8588114498734265,
      0.14116288996268742,
      1.1517384537256397e-08,
      2.5648646501512876e-05
    ],
    [
      0.0010814003501727779,
      2.2948455998200266e-09,
      0.004129305384959808,
      0.994789291970022
    ],
    [
      0.9859172674810802,
      3.3286775635815544e-07,
      1.3169227732193658e-15,
      0.014082399651162222
    ],
    [
      0.010744586517097919,
      2.0775463471482643e-06,
      0.0052684297373047405,
      0.9839849061992502
    ],
    [
      0.0649106911768344,
      0.9350385148654545,
      4.912626900115312e-05,
      1.6676887098265385e-06
    ],
    [
      1.5947661787841087e-08,
      8.961069540884578e-10,
      0.4163258634517072,
      0.5836741197045238
    ],
    [
      0.007406343426549828,
      0.9845145026616843,
      0.00805706179357887,
      2.2092118187153624e-05
    ],
    [
      1.5840388188857362e-06,
      0.1657297600098671,
      0.8341870186671914,
      8.163728412263955e-05
    ],
    [
      1.3364878638876053e-08,
      1.040236261694622e-07,
      0.6911840587076493,
      0.3088158239038459
    ],
    [
      6.024114481100511e-11,
      3.5317927682032225e-06,
      0.9533849958377706,
      0.046611472309220005
    ],
    [
      0.0005605229954007861,
      0.969512637461804,
      0.029923833273970565,
      3.0062688244026925e-06
    ],
    [
      0.9875864324619619,
      5.815728651782979e-07,
      2.7879693903160898e-15,
      0.01241298596517014
    ],
    [
      2.746085348738633e-09,
      3.5567760399613694e-09,
      0.5694226069536101,
      0.43057738674352847
    ],
    [
      0.08129711422456523,
      0.9187017488664831,
      1.1153807695008452e-06,
      2.1528182129463167e-08
    ],
    [
      0.0004497991375450454,
      0.29747020312700145,
      0.6991430931458457,
      0.0029369045896076845
    ],
    [
      0.9851660065618063,
      4.802515422430423e-06,
      1.1756635978313977e-11,
      0.014829190911014607
    ],
    [
      0.9819305087067831,
      1.5891036220921074e-06,
      3.5975982305592254e-12,
      0.018067902185997308
    ],
    [
      0.05545627651950062,
      0.9445435549744167,
      1.6849467612801316e-07,
      1.140643310705192e-11
    ],
    [
      0.9956222874536316,
      0.0038600779917076617,
      1.9635135261989931e-10,
      0.0005176343583095664
    ],
    [
      0.003075559640776243,
      0.9968203674698315,
      0.00010407281698458922,
      7.240784299475088e-11
    ],
    [
      0.6142016985907454,
      0.38579817439909064,
      5.5797997415317774e-11,
      1.2695436603094642e-07
    ],
    [
      0.9954067110059057,
      0.0006872173589196292,
      2.0375249777398866e-09,
      0.0039060695976499142
    ],
    [
      0.9850020463301047,
      0.01438775211771341,
      1.3759129563752288e-08,
      0.0006101877930525697
    ],
    [
      0.00023520204641066852,
      0.9976290001950882,
      0.002135797739139547,
      1.936167025422391e-11
    ],
    [
      0.3615060160943909,
      0.6384837269136622,
      2.1839158746214445e-06,
      8.07307607233027e-06
    ],
    [
      0.00019832203662322378,
      0.0005000101355161736,
      0.646750891290111,
      0.3525507765377497
    ],
    [
      4.646818029212631e-05,
      0.9580307667737553,
      0.0419226894290825,
      7.561686998715308e-08
    ],
    [
      0.7444363184239902,
      0.25556284490342396,
      1.2135950846321777e-10,
      8.365512264958134e-07
    ],
    [
      0.9886100784961375,
      0.0021169006386922004,
      1.9159906864337158e-07,
      0.00927282926610165
    ],
    [
      0.05283798810084484,
      3.857633390064801e-12,
      1.5446786986211605e-05,
      0.9471465651083111
    ],
    [
      4.698314054876198e-08,
      0.7171034380722152,
      0.2828965141498968,
      7.947477382727847e-10
    ],
    [
      0.10682838013175873,
      0.8931715307553548,
      8.748739148782113e-08,
      1.62549500045253e-09
    ],
    [
      7.748229132543072e-08,
      0.008829145860938234,
      0.9902093897230987,
      0.0009613869336719147
    ],
    [
      0.9948299033934024,
      0.0035109772711411622,
      6.195455823756744e-09,
      0.0016591131400006168
    ],
    [
      0.7486916527631267,
      0.251262372827653,
      2.8217847152486123e-07,
      4.5692230749067236e-05
    ],
    [
      7.935678937324135e-05,
      5.525333643951692e-05,
      0.4921070088289529,
      0.5077583810452345
    ],
    [
      0.9827298093995288,
      5.254388295575697e-07,
      1.7721407242232027e-13,
      0.017269665161464463
    ],
    [
      1.3202388857099964e-10,
      0.003749090967865842,
      0.9959327963919846,
      0.000318112508125873
    ],
    [
      0.7385247636164478,
      0.2614747733925863,
      2.7925512749332756e-11,
      4.62963040218954e-07
    ],
    [
      0.6040031512326113,
      2.935435834101154e-07,
      4.866489622790088e-07,
      0.3959960685748431
    ],
    [
      0.6538361730230687,
      0.346163512495738,
      1.5565353927646822e-10,
      3.143255394722421e-07
    ],
    [
      0.9953136548006901,
      0.002621799774249342,
      5.864874170137624e-09,
      0.002064539560186336
    ],
    [
      4.8439060137949974e-05,
      0.920889399528489,
      0.07906164511167094,
      5.162997021504138e-07
    ],
    [
      0.22833870846058832,
      4.960731610527471e-10,
      1.4286747851672775e-06,
      0.7716598623685534
    ],
    [
      7.831031709807305e-11,
      0.034699549729198746,
      0.9652881804841292,
      1.2269708361767798e-05
    ],
    [
      0.32936711214751857,
      0.6706328776011695,
      9.565817378193167e-10,
      9.294730119104373e-09
    ],
    [
      0.20991831775452094,
      0.7900816432988246,
      2.4912583536231756e-08,
      1.403407097980245e-08
    ],
    [
      4.552548957746456e-06,
      0.9595279843190945,
      0.04046746312002108,
      1.192703991692275e-11
    ],
    [
      2.2233625627863675e-12,
      0.029743036676247465,
      0.9702455373007532,
      1.1426020776241891e-05
    ],
    [
      0.3416549525440862,
      1.983459030273761e-07,
      4.972996690125013e-06,
      0.6583398761133208
    ],
    [
      9.141401173286676e-06,
      0.19595155510467413,
      0.8038081305819171,
      0.00023117291223545252
    ],
    [
      0.9809090676850327,
      0.00014860455261348613,
      1.6134051188741166e-08,
      0.01894231162830265
    ],
    [
      4.763800394621414e-06,
      0.0018270842434982815,
      0.9680943145824452,
      0.030073837373661892
    ],
    [
      0.9966091461675628,
      4.265817061920361e-05,
      3.1833058808044e-13,
      0.0033481956614997417
    ],
    [
      0.004130320613519951,
      4.3965223739038056e-05,
      0.05892096088371588,
      0.9369047532790252
    ],
    [
      0.0034492771882124965,
      2.0499945652621588e-06,
      0.01568087529516513,
      0.9808677975220571
    ],
    [
      1.0768782513054616e-09,
      0.00032346242982621374,
      0.994777610658571,
      0.004898925834724797
    ],
    [
      0.9739692747806161,
      0.0022778001520512934,
      1.8230959581546478e-06,
      0.023751101971374474
    ],
    [
      0.8497662445080207,
      0.15003439815467415,
      6.176682107491055e-07,
      0.00019873966909421766
    ],
    [
      2.3912647089069213e-10,
      0.14861975045841005,
      0.8513796858437755,
      5.634586877678701e-07
    ],
    [
      0.9229599626281284,
      4.422152746164699e-05,
      1.874710295638524e-07,
      0.07699562837338042
    ],
    [
      8.355750940270763e-09,
      0.1730298498690822,
      0.826968143793777,
      1.9979813896502455e-06
    ],
    [
      0.9501524700549117,
      0.04956883156460497,
      5.7584832599107034e-08,
      0.0002786407956509188
    ],
    [
      1.5176343451577974e-06,
      9.182635709214181e-06,
      0.7249854696359337,
      0.2750038300940121
    ],
    [
      1.2181517317500203e-08,
      5.514177161077938e-11,
      0.33347754984479583,
      0.666522437918545
    ],
    [
      5.783574597509258e-05,
      0.9898452515042774,
      0.010096912315931768,
      4.3381579557493544e-10
    ],
    [
      0.8492840559253909,
      0.15071387759298976,
      2.6255267247300607e-11,
      2.0664553640968937e-06
    ],
    [
      0.9901283292965846,
      0.00046954900539677877,
      1.4251801236538561e-08,
      0.009402107446217535
    ],
    [
      1.0912553390660959e-10,
      0.0016491991485747335,
      0.9976111858067276,
      0.0007396149355722116
    ],
    [
      0.014824305807751405,
      0.9832784636629449,
      0.0018881308505360166,
      9.09967876764418e-06
    ],
    [
      0.0001142013476249864,
      1.0436772517240063e-06,
      0.12835642990537569,
      0.8715283250697475
    ],
    [
      0.0012506050419405557,
      6.75303039575341e-11,
      0.0018333471293110843,
      0.9969160477612182
    ],
    [
      0.9893575197158921,
      4.0639627241909655e-06,
      9.027722327378726e-13,
      0.010638416320481231
    ],
    [
      0.8071351183500381,
      2.7480455542297973e-08,
      4.148712725158472e-09,
      0.1928648500207936
    ],
    [
      0.0006635953889349129,
      0.9868464081462043,
      0.012489328587093937,
      6.678777669643316e-07
    ],
    [
      3.2155149747914863e-10,
      8.890749720040193e-06,
      0.9631698188760737,
      0.03682129005265488
    ],
    [
      0.9851538074975759,
      0.0019406045347910687,
      3.619423348974325e-07,
      0.012905226025298203
    ],
    [
      0.916902931790718,
      1.2390787768156737e-05,
      5.27993157520781e-08,
      0.0830846246221981
    ],
    [
      0.37799705036841746,
      8.384859135307181e-07,
      8.434103671113326e-06,
      0.6219936770419979
    ],
    [
      0.25357581593575046,
      0.7464241539564249,
      1.1948970735101228e-08,
      1.8158853845075352e-08
    ],
    [
      0.4822377229260181,
      0.5177621381839003,
      1.618406500982052e-09,
      1.372716751785394e-07
    ],
    [
      0.030613828091234214,
      0.9693850273066289,
      1.1445541884528324e-06,
      4.794827276043885e-11
    ],
    [
      0.4249766480997162,
      0.5750225373964333,
      5.1699598106050594e-08,
      7.628042522616346e-07
    ],
    [
      0.00559202451715801,
      0.9943678735616133,
      4.010185322366003e-05,
      6.800519534728835e-11
    ],
    [
      0.0006519427424359027,
      0.9919148450114774,
      0.00743300821953618,
      2.0402655061663897e-07
    ],
    [
      7.137008108116872e-12,
      8.947217157154615e-05,
      0.9934012005122081,
      0.0065093273090832135
    ],
    [
      0.9136670792716449,
      0.08609135509974472,
      1.901695036785321e-07,
      0.00024137545910655773
    ],
    [
      0.8557874891623604,
      8.733393881530255e-07,
      2.1971731625224718e-08,
      0.14421161552651982
    ],
    [
      0.4342840358642085,
      4.879272993076798e-12,
      6.499688648513716e-08,
      0.5657158991340259
    ],
    [
      1.0609382878688366e-06,
      8.908168553226958e-12,
      0.09998462515808683,
      0.900014313894717
    ],
    [
      0.009858128093839858,
      2.5814379185414167e-07,
      0.0022502453260657726,
      0.9878913684363025
    ],
    [
      0.15282227956694466,
      0.847177671512803,
      4.400005575905574e-08,
      4.920196627102443e-09
    ],
    [
      1.2631646072108532e-05,
      0.39743501946068227,
      0.6024970938854152,
      5.525500783038423e-05
    ],
    [
      0.00017995608621882046,
      3.687662330833021e-07,
      0.07048138068750381,
      0.9293382944600442
    ],
    [
      2.100385895440045e-06,
      0.2564949876372688,
      0.7434649247638014,
      3.79872130342655e-05
    ],
    [
      3.74027924318974e-05,
      0.9895906726683138,
      0.010371924531857117,
      7.397369961809514e-12
    ],
    [
      0.0008495286265632319,
      3.513085547590906e-05,
      0.1568684447097103,
      0.8422468958082506
    ],
    [
      0.09120054727320412,
      0.9087807609697273,
      1.7539949914228263e-05,
      1.1518071542266915e-06
    ],
    [
      0.5459158844240526,
      0.4540840785029247,
      2.420495856416955e-11,
      3.704881786150116e-08
    ],
    [
      0.9288686778132171,
      0.07111294226784769,
      2.7376691951028634e-10,
      1.837964516818412e-05
    ],
    [
      0.4682463203114536,
      0.5317536765232885,
      5.018862286882991e-13,
      3.164755767371806e-09
    ],
    [
      0.0007455628419888879,
      0.9097699181564565,
      0.08944668690954094,
      3.7832092013549605e-05
    ],
    [
      0.0003638111663776245,
      3.6041290682949012e-06,
      0.10438693001573587,
      0.8952456546888181
    ],
    [
      0.9974999802279376,
      0.0022840375094253223,
      1.0230285385940413e-13,
      0.00021598226253464762
    ],
    [
      0.9718796550501119,
      0.00031007845210876946,
      1.4702261901040495e-07,
      0.027810119475160242
    ],
    [
      0.927278401423368,
      1.061316984354062e-08,
      1.2427747534922576e-11,
      0.07272158795103452
    ],
    [
      0.8590780012965852,
      0.14091754356641883,
      1.801626430455309e-10,
      4.454956833240498e-06
    ],
    [
      8.007165348102711e-12,
      0.004191616148593086,
      0.9956090367254851,
      0.00019934711791502597
    ],
    [
      0.0005659593162173118,
      0.953657764405926,
      0.04576918102975728,
      7.09524809952496e-06
    ],
    [
      0.9137577106605106,
      5.074984001901499e-08,
      1.5192547615162206e-10,
      0.08624223843772376
    ],
    [
      0.28324350150131355,
      0.7167518906926272,
      1.7165577496401288e-06,
      2.8912483098870063e-06
    ],
    [
      0.9985183574015908,
      0.001160956062154443,
      8.278845162402273e-16,
      0.00032068653625409954
    ],
    [
      0.002669255542740755,
      0.9972199079656288,
      0.00011083648198974576,
      9.640844879289225e-12
    ],
    [
      1.1226237814642298e-05,
      0.9723569624568695,
      0.027631811155632343,
      1.4968364373909235e-10
    ],
    [
      1.0292193794161125e-12,
      0.004315884594376203,
      0.9954932711883364,
      0.00019084421625829463
    ],
    [
      0.0014487370957062913,
      0.00017139765154536906,
      0.22539102094139205,
      0.7729888443113563
    ],
    [
      4.610604255178764e-05,
      1.2920255366306213e-08,
      0.0582565009741652,
      0.9416973800630277
    ],
    [
      0.9581322362957849,
      0.001912012232602342,
      4.393641396450068e-06,
      0.03995135783021626
    ],
    [
      0.9249670654137481,
      0.07441810706626209,
      7.342417267045692e-07,
      0.0006140932782629097
    ],
    [
      0.9814627077523191,
      0.018439871949421812,
      1.5120148975950853e-10,
      9.742014705766466e-05
    ],
    [
      2.938450261257789e-06,
      0.00010761271337457153,
      0.8683375396487846,
      0.13155190918757945
    ],
    [
      0.998485218030211,
      0.00024156142060375874,
      3.5302245045368847e-13,
      0.0012732205488323746
    ],
    [
      0.0001575085782334753,
      2.8285416673775308e-08,
      0.03456455218489969,
      0.9652779109514503
    ],
    [
      1.6244170444193313e-06,
      0.5928037597897508,
      0.4071934514072119,
      1.164385992990071e-06
    ],
    [
      0.21907731867355207,
      0.7808865170106601,
      2.1560222895073167e-05,
      1.4604092892657192e-05
    ],
    [
      7.754177824118734e-09,
      0.45617593667176687,
      0.5438240308697135,
      2.470434165667897e-08
    ],
    [
      0.9912481772902195,
      0.008665898959117289,
      1.8974269136359962e-12,
      8.592374876579913e-05
    ],
    [
      0.055177757156101626,
      0.9448023138283452,
      1.9605338331373655e-05,
      3.2367722179111276e-07
    ],
    [
      0.0012628907585602528,
      5.117220105491452e-07,
      0.02041926606254925,
      0.97831733145688
    ],
    [
      0.0031146548867578222,
      0.9950450276973584,
      0.001839962185672246,
      3.552302116159636e-07
    ],
    [
      0.9203728573483028,
      0.07948810075754602,
      5.181193232146322e-08,
      0.00013899008221894936
    ],
    [
      0.0038313320521773967,
      3.3291695424920597e-06,
      0.017826385853055012,
      0.978338952925225
    ],
    [
      0.8745033869069225,
      2.3080265741307058e-05,
      3.78482590202702e-07,
      0.12547315434474615
    ],
    [
