{
  "dataset": "circles",
  "algorithm": "gmm",
  "params": {
    "n_components": 5,
    "covariance_type": "tied"
  },
  "labels": [
    0,
    0,
    4,
    4,
    0,
    4,
    4,
    4,
    0,
    1,
    2,
    1,
    1,
    0,
    4,
    4,
    2,
    3,
    3,
    1,
    2,
    2,
    3,
    0,
    0,
    2,
    2,
    1,
    0,
    0,
    2,
    0,
    1,
    1,
    2,
    0,
    4,
    0,
    1,
    3,
    4,
    0,
    2,
    1,
    3,
    0,
    2,
    3,
    1,
    3,
    0,
    1,
    4,
    4,
    1,
    3,
    4,
    3,
    1,
    0,
    2,
    2,
    0,
    2,
    0,
    3,
    1,
    3,
    2,
    4,
    0,
    0,
    3,
    3,
    3,
    3,
    3,
    0,
    1,
    2,
    4,
    0,
    2,
    1,
    3,
    0,
    1,
    4,
    3,
    3,
    4,
    2,
    0,
    0,
    1,
    0,
    0,
    0,
    1,
    2,
    2,
    1,
    3,
    0,
    0,
    3,
    3,
    2,
    0,
    4,
    4,
    1,
    0,
    3,
    2,
    3,
    2,
    2,
    4,
    3,
    2,
    1,
    3,
    1,
    2,
    2,
    1,
    1,
    4,
    0,
    3,
    0,
    2,
    3,
    4,
    3,
    1,
    3,
    3,
    3,
    3,
    1,
    2,
    0,
    2,
    3,
    3,
    2,
    2,
    1,
    2,
    4,
    3,
    3,
    2,
    0,
    2,
    2,
    4,
    3,
    0,
    3,
    1,
    3,
    1,
    2,
    3,
    3,
    1,
    0,
    3,
    1,
    2,
    0,
    0,
    1,
    4,
    1,
    4,
    4,
    4,
    1,
    4,
    3,
    1,
    4,
    4,
    0,
    2,
    1,
    2,
    4,
    4,
    3,
    0,
    2,
    4,
    0,
    4,
    4,
    1,
    0,
    2,
    4,
    1,
    1,
    2,
    0,
    2,
    0,
    2,
    4,
    3,
    3,
    2,
    4,
    4,
    2,
    0,
    2,
    4,
    3,
    3,
    1,
    4,
    4,
    2,
    1,
    3,
    3,
    0,
    0,
    1,
    3,
    4,
    0,
    0,
    4,
    4,
    1,
    4,
    1,
    1,
    2,
    4,
    0,
    0,
    3,
    3,
    1,
    2,
    3,
    2,
    1,
    3,
    1,
    4,
    4,
    4,
    1,
    3,
    4,
    0,
    0,
    4,
    2,
    1,
    0,
    1,
    4,
    1,
    1,
    2,
    3,
    3,
    4,
    4,
    4,
    3,
    4,
    3,
    2,
    1,
    2,
    4,
    1,
    3,
    1,
    4,
    3,
    0,
    3,
    4,
    0,
    0,
    1,
    3,
    1,
    2,
    2,
    1,
    2,
    3,
    1,
    4,
    1,
    2,
    2,
    4,
    4,
    0,
    2,
    4,
    4,
    4,
    3,
    4,
    0,
    4,
    0,
    4,
    1,
    3,
    1,
    0,
    3,
    0,
    2,
    1,
    4,
    1,
    2,
    3,
    3,
    1,
    4,
    1,
    0,
    2,
    0,
    3,
    2,
    2,
    4,
    1,
    3,
    2,
    1,
    1,
    3,
    2,
    1,
    2,
    2,
    1,
    0,
    2,
    1,
    2,
    1,
    0,
    3,
    2,
    3,
    3,
    3,
    3,
    0,
    1,
    1,
    3,
    1,
    2,
    3,
    3,
    1,
    1,
    4,
    3,
    4,
    4,
    2,
    2,
    0,
    1,
    0,
    3,
    2,
    4,
    3,
    4,
    2,
    4,
    2,
    3,
    1,
    1,
    0,
    2,
    1,
    2,
    3,
    1,
    2,
    2,
    2,
    3,
    0,
    3,
    1,
    1,
    3,
    2,
    4,
    1,
    3,
    2,
    0,
    3,
    4,
    2,
    1,
    2,
    3,
    1,
    0,
    1,
    3,
    3,
    1,
    4,
    0,
    0,
    2,
    3,
    0,
    3,
    2,
    3,
    3,
    0,
    4,
    3,
    1,
    0,
    2,
    4,
    3,
    2,
    3,
    2,
    3,
    4,
    3,
    2,
    1,
    1,
    1,
    2,
    1,
    1,
    3,
    3,
    0,
    2,
    2,
    3,
    0,
    1,
    1,
    3,
    1,
    1,
    4,
    3,
    1,
    0,
    2,
    3,
    4,
    4,
    4,
    0,
    0,
    4,
    0,
    1,
    0,
    1,
    2,
    4,
    2,
    3,
    1,
    0,
    0,
    2,
    0,
    1,
    0
  ],
  "means": [
    {
      "x": -0.47459196072195003,
      "y": 0.5783857363183944
    },
    {
      "x": -0.046508849732621746,
      "y": -0.7227713338689401
    },
    {
      "x": 0.709826744377994,
      "y": -0.2118486202718921
    },
    {
      "x": 0.4172935167015099,
      "y": 0.5958391394489896
    },
    {
      "x": -0.6870657091130044,
      "y": -0.1924512717240465
    }
  ],
  "probabilities": [
    [
      0.7200889530073892,
      0.0004927484379443164,
      1.5516887853779604e-05,
      0.0019305018706129889,
      0.2774722797962
    ],
    [
      0.5290244221563795,
      2.4871970067917593e-08,
      1.168245633703875e-05,
      0.4709273157028511,
      3.655481246224203e-05
    ],
    [
      0.1794302439968976,
      0.009066084444308118,
      6.259122210675082e-05,
      0.0005363992003212885,
      0.8109046811363664
    ],
    [
      0.000161739574172715,
      0.34953918627388136,
      1.4331286233190274e-05,
      1.6838877301432908e-07,
      0.6502845744769398
    ],
    [
      0.9867039996170563,
      2.7140960690431696e-07,
      1.515487630766037e-08,
      0.00025989354076410355,
      0.013035820277696446
    ],
    [
      0.0076937128984103445,
      0.11636025891138647,
      0.00011560325718655704,
      2.8517302982261352e-05,
      0.8758019076300343
    ],
    [
      0.266051107585454,
      0.005201608612585444,
      4.622173036612178e-05,
      0.0007166428607854981,
      0.727984419210809
    ],
    [
      0.1615464664855217,
      0.0001993492355110036,
      5.733038613762107e-08,
      5.629959783234414e-06,
      0.8382484969887979
    ],
    [
      0.8427074004609922,
      1.1122659772738655e-07,
      7.059688529088513e-06,
      0.15704541599108274,
      0.00024001263279801278
    ],
    [
      3.6834382843117222e-06,
      0.9669815923642519,
      0.02949347256155524,
      1.3766758390955079e-05,
      0.003507484877517547
    ],
    [
      2.5279042475274904e-06,
      2.0958595223895534e-05,
      0.8215146876178446,
      0.17846179228989192,
      3.359279186803465e-08
    ],
    [
      1.6518460026439697e-09,
      0.9921648470972868,
      0.007769118861241227,
      2.837840583787985e-08,
      6.600401122021257e-05
    ],
    [
      0.00042621801883723984,
      0.7828245766502949,
      0.0017346548289530407,
      2.0121502181997157e-05,
      0.21499442899973284
    ],
    [
      0.9950736631863486,
      1.2859076857758033e-07,
      5.5510351943360493e-08,
      0.0014462913098816602,
      0.003479861402649135
    ],
    [
      0.29283314079900774,
      0.019302771056179946,
      0.0006092537906893766,
      0.004223177066633486,
      0.6830316572874895
    ],
    [
      0.019846424350380774,
      0.06339775950179732,
      0.0001116879984179917,
      7.240950030642268e-05,
      0.9165717186490975
    ],
    [
      4.616194858548263e-05,
      0.008666628217461617,
      0.9569505777493201,
      0.0342960808842673,
      4.0551200365608076e-05
    ],
    [
      0.00017768355185734502,
      4.251982118096494e-08,
      0.006419775010420643,
      0.9934024795453923,
      1.937250838824562e-08
    ],
    [
      0.15937661278303078,
      0.0003816848657133642,
      0.017979004478250685,
      0.8197384164745367,
      0.0025242813984685435
    ],
    [
      0.002686293390764805,
      0.649669050375146,
      0.004496558023799097,
      0.000181791407263468,
      0.3429663068030267
    ],
    [
      3.925016959829715e-05,
      0.021975583429219153,
      0.9601824600495582,
      0.017718035022103118,
      8.467132952159117e-05
    ],
    [
      1.2111042753343664e-05,
      0.0030009706477270646,
      0.9687394640230974,
      0.028240543354782058,
      6.910931640037334e-06
    ],
    [
      0.027956470327369514,
      8.419911289739775e-05,
      0.025319515506895447,
      0.9464494659893125,
      0.00019034906352518306
    ],
    [
      0.884583463062723,
      0.00033336428207238916,
      7.088495952710193e-05,
      0.01216549896685236,
      0.10284678872882538
    ],
    [
      0.97761469213462,
      2.416973566031954e-07,
      1.3168480595356837e-06,
      0.02115388822543338,
      0.0012298610945306009
    ],
    [
      0.0014956889079082874,
      0.14891900065871555,
      0.798247952933042,
      0.04663487792342517,
      0.004702479576908993
    ],
    [
      0.0003352944076994825,
      0.0328991812616068,
      0.9148780756166259,
      0.05143044236165264,
      0.00045700635241523977
    ],
    [
      1.703939161735109e-08,
      0.5135636860918135,
      0.4864074074146325,
      1.0248761233597043e-05,
      1.8640692928935566e-05
    ],
    [
      0.9933085103564243,
      5.0404525569490483e-08,
      2.9829064652943326e-09,
      0.00014865111483371531,
      0.006542785141310378
    ],
    [
      0.9585230436364826,
      3.275699333213892e-05,
      2.449701363077243e-05,
      0.01848571323119209,
      0.02293398912536252
    ],
    [
      6.4358817356141175e-06,
      0.1346214646810864,
      0.8635116114117859,
      0.0017081352494661844,
      0.00015235277592576453
    ],
    [
      0.9666137962244319,
      1.7720680810219804e-05,
      6.465231578058085e-06,
      0.0073844729607671624,
      0.025977544902412816
    ],
    [
      2.0939232273622876e-05,
      0.8435998047820741,
      0.15227426693698176,
      0.00022074529351334265,
      0.0038842437551570765
    ],
    [
      8.896673959029861e-07,
      0.9678962580153228,
      6.668357614123446e-05,
      1.511974353111275e-08,
      0.032036153621396876
    ],
    [
      2.720147390180757e-06,
      2.6145823059993086e-05,
      0.8339775545524236,
      0.16599353696335903,
      4.2513767451511926e-08
    ],
    [
      0.9046399646744597,
      0.00032295445063617163,
      0.00016150986189114274,
      0.027981463774259765,
      0.06689410723875294
    ],
    [
      0.0015190281313126144,
      0.19743249816063088,
      5.045479436035771e-05,
      3.323620125497078e-06,
      0.8009946952935706
    ],
    [
      0.5669640408547331,
      2.5186147784095532e-08,
      1.0322086851476808e-05,
      0.43298457573074733,
      4.10361415208041e-05
    ],
    [
      7.035154977361596e-08,
      0.7149196575930623,
      0.2849904893374068,
      1.224229734832472e-05,
      7.754042063295951e-05
    ],
    [
      0.3249657447526851,
      6.246157763736717e-09,
      9.85354353813792e-06,
      0.6750158289953507,
      8.566462267995667e-06
    ],
    [
      0.01860724726605607,
      0.11185744310890315,
      0.0003160206282408723,
      0.00013551268317739406,
      0.8690837763136223
    ],
    [
      0.9808938918458563,
      1.337858301470016e-07,
      2.0096329253691954e-09,
      5.577906620837143e-05,
      0.01905019329247201
    ],
    [
      0.00026145992521108615,
      0.031244516364443857,
      0.9224202921861966,
      0.04569998887431776,
      0.0003737426498307007
    ],
    [
      4.241601699722508e-09,
      0.9987938340853757,
      8.932436314089322e-05,
      6.713785913132633e-10,
      0.0011168366385031297
    ],
    [
      0.000676039944609086,
      1.0246126021523e-06,
      0.019148446829811882,
      0.9801740509002823,
      4.377126946234828e-07
    ],
    [
      0.826937143357952,
      3.098601604496586e-08,
      3.568765995601609e-06,
      0.17295312144873648,
      0.00010613544130019524
    ],
    [
      2.6499300591267344e-07,
      2.7292929908702343e-05,
      0.9575307642635643,
      0.0424416677533007,
      1.0060220135346362e-08
    ],
    [
      3.936048352555429e-06,
      1.4546288558719401e-06,
      0.40548744348208476,
      0.5945071601373145,
      5.703392480675193e-09
    ],
    [
      8.479986230902522e-05,
      0.7920466315974903,
      0.00027303808370965056,
      1.195669487950045e-06,
      0.20759433478700312
    ],
    [
      0.00012921942299691383,
      1.2654399887513695e-06,
      0.06130836313612058,
      0.9385610439584436,
      1.0804245008350785e-07
    ],
    [
      0.9916328916639141,
      1.4981988694016428e-09,
      2.1076165433435186e-08,
      0.008263553906530873,
      0.00010353185519078849
    ],
    [
      7.514888937306444e-07,
      0.9731693222278084,
      7.860912680636081e-05,
      1.589151303806822e-08,
      0.026751301264978534
    ],
    [
      0.013020386808940718,
      0.0008181804270172596,
      2.4994230603060406e-08,
      2.183758653132726e-07,
      0.9861611893939464
    ],
    [
      0.001714934123889389,
      0.383590057614337,
      0.00032270035513868873,
      1.4570356467678283e-05,
      0.6143577375501673
    ],
    [
      1.4014800632349824e-08,
      0.9975543646396701,
      0.0019608970740847276,
      2.8707484562561163e-08,
      0.00048469556396031106
    ],
    [
      0.1458271698232475,
      1.852170955563189e-09,
      9.94253396727468e-06,
      0.8541611250877758,
      1.7607028382446518e-06
    ],
    [
      0.0003953630018588689,
      0.057066844833229914,
      7.941155703957691e-07,
      5.326670911547086e-08,
      0.9425369447826317
    ],
    [
      7.089984909149635e-05,
      5.172367369590028e-06,
      0.18731563052195332,
      0.8126081456796173,
      1.5158196845697997e-07
    ],
    [
      1.8396684450151555e-08,
      0.97449636224581,
      0.025349216228585464,
      4.150418714497434e-07,
      0.00015398808704837318
    ],
    [
      0.9923094112101798,
      1.4890019126281122e-09,
      1.920770699948416e-08,
      0.007582629476346491,
      0.00010793861676481383
    ],
    [
      7.443786649890277e-05,
      0.023513110107236286,
      0.9510233931909572,
      0.025255847232525937,
      0.00013321160278187023
    ],
    [
      0.0023094054058637663,
      0.00479999794753047,
      0.6146216583944387,
      0.3779502874018646,
      0.00031865085030255934
    ],
    [
      0.8572832533512134,
      2.7009072292740863e-05,
      0.0001824179510615676,
      0.13595794055201288,
      0.006549379073419357
    ],
    [
      1.1504368348108695e-05,
      0.14206203929095998,
      0.8553328221417902,
      0.0023652411964502646,
      0.00022839300245131952
    ],
    [
      0.9956386055305299,
      6.118157695808483e-09,
      2.3964941908824045e-08,
      0.004016921373876073,
      0.0003444430124945344
    ],
    [
      0.0013506690216773547,
      8.554874535774692e-09,
      0.00063616022816273,
      0.99801311196031,
      5.0234975507746967e-08
    ],
    [
      1.576058054648233e-05,
      0.748737552834944,
      0.2486331678638257,
      0.00031907979770414406,
      0.002294438922979586
    ],
    [
      0.0243024051613017,
      2.158220730691678e-08,
      0.00016823833471048282,
      0.9755280365058836,
      1.2984158969827075e-06
    ],
    [
      3.598974062299714e-09,
      0.0003104011152117904,
      0.9990156527784066,
      0.0006739360276158005,
      6.479791829987769e-09
    ],
    [
      0.01522488376422366,
      0.07302092600236387,
      0.000105635371630151,
      5.3273013371644405e-05,
      0.9115952818484105
    ],
    [
      0.7679823397675181,
      0.0020421764228628235,
      0.00036229316806199484,
      0.01817669764397566,
      0.21143649299758155
    ],
    [
      0.8986719337284086,
      0.0002790765727590872,
      0.000321966171139527,
      0.05946034494738712,
      0.04126667858030553
    ],
    [
      0.007971899089175862,
      0.00011378744956301194,
      0.06743713872837957,
      0.9244059548439278,
      7.121988895379156e-05
    ],
    [
      0.011769936584954229,
      7.812950338321903e-07,
      0.002533600871992417,
      0.9856903156197625,
      5.365628257096536e-06
    ],
    [
      0.4838304979119916,
      1.793587440075632e-05,
      0.0008072749366725684,
      0.5138296162947751,
      0.001514674982160228
    ],
    [
      0.025433285564927084,
      2.811305802329749e-06,
      0.0033471982886334427,
      0.9711932085249455,
      2.349631569167873e-05
    ],
    [
      0.003341688549534684,
      5.918204199245889e-05,
      0.07857109356027446,
      0.9180063905685169,
      2.164527968153686e-05
    ],
    [
      0.8831930946849379,
      7.355613944223177e-08,
      3.896511693826191e-06,
      0.11657314905334343,
      0.00022978619388551777
    ],
    [
      8.032194040169476e-06,
      0.933540414175877,
      0.06267784407011288,
      4.786014255840715e-05,
      0.003725849417411463
    ],
    [
      1.037981824439827e-05,
      0.3462803742794014,
      0.6521661473712395,
      0.0009951540530353338,
      0.0005479444780795386
    ],
    [
      3.3881763138368914e-05,
      0.018413293976619997,
      5.102627551461102e-09,
      1.6584888331211097e-10,
      0.9815528189917654
    ],
    [
      0.9939713070004359,
      8.688996059431252e-09,
      4.2588409107400805e-08,
      0.0056757185260129465,
      0.00035292319614588956
    ],
    [
      0.0005451428450979977,
      0.021472345513550775,
      0.8895400859667404,
      0.08801841848453096,
      0.00042400719007989134
    ],
    [
      2.8280376722300474e-07,
      0.9888661787863242,
      0.0001460731390291455,
      1.5487076824260158e-08,
      0.010987449783802835
    ],
    [
      0.41732269353604406,
      1.1786139731573152e-05,
      0.0007770556290909969,
      0.580920369379645,
      0.0009680953154882673
    ],
    [
      0.9965129576949056,
      4.1201911791258913e-08,
      3.7355095063255315e-08,
      0.0019576818977533397,
      0.0015292818503344367
    ],
    [
      2.3402548466430056e-07,
      0.9924544975856445,
      0.0002649419452927884,
      2.4441554255862446e-08,
      0.007280302002023827
    ],
    [
      0.010198567666452756,
      0.47561110102064985,
      0.005882477982009026,
      0.0006619222110277787,
      0.5076459311198608
    ],
    [
      0.3109259979473725,
      4.468301347435375e-05,
      0.002551970130716336,
      0.6850041914968988,
      0.001473157411537849
    ],
    [
      0.036839711409440035,
      9.745871737414144e-06,
      0.005609526827145493,
      0.9574717430737296,
      6.927281794755018e-05
    ],
    [
      0.08332440310293893,
      0.00870459900523391,
      1.8520075623808172e-05,
      0.00010376042975206675,
      0.9078487173864512
    ],
    [
      1.795968255306553e-06,
      0.02477851176516243,
      0.9728298920046673,
      0.0023753272639407664,
      1.4472997974037859e-05
    ],
    [
      0.8013379734816874,
      0.00020355728385491686,
      7.215519478554397e-06,
      0.0016737546314137184,
      0.19677749908356526
    ],
    [
      0.7127677629475851,
      1.2507238327321967e-05,
      0.0002728477432528079,
      0.28455336574081164,
      0.0023935163300232124
    ],
    [
      0.0008243294586927654,
      0.7545836756856775,
      0.0028444148969568013,
      5.045720309494949e-05,
      0.24169712275557798
    ],
    [
      0.7316080735045252,
      0.0017206417624504218,
      0.00017091619289028362,
      0.009424369709683864,
      0.25707599883045035
    ],
    [
      0.983652997758416,
      2.9839160453232417e-06,
      1.597117150092967e-06,
      0.005624954900252837,
      0.01071746630813614
    ],
    [
      0.5672910276012177,
      4.0669516426546393e-07,
      5.8003495910050885e-05,
      0.4324411600167237,
      0.00020940219098414047
    ],
    [
      3.922864560155408e-06,
      0.9507882214793888,
      0.04632722618214363,
      2.2437193478878398e-05,
      0.0028581922804285917
    ],
    [
      4.983695742468368e-06,
      8.421155195943181e-06,
      0.631837464828385,
      0.36814910482948976,
      2.5491187157663338e-08
    ],
    [
      6.018037664266376e-08,
      4.040397204654447e-05,
      0.9864503582226636,
      0.013509171879073693,
      5.745839742671154e-09
    ],
    [
      4.322392868057512e-05,
      0.9633334265560918,
      0.013902116649135344,
      3.152772337893086e-05,
      0.022689705142713727
    ],
    [
      0.00015223832778784042,
      1.6542091451994274e-06,
      0.06482605280665174,
      0.935019907070226,
      1.4758618935886232e-07
    ],
    [
      0.8356177634319193,
      4.283419985031927e-06,
      7.093077521239062e-05,
      0.16232253255697318,
      0.0019844898159100378
    ],
    [
      0.9358982258172794,
      4.296966788146495e-05,
      7.859980751356609e-05,
      0.04795376575928275,
      0.01602643894804273
    ],
    [
      0.012268364858619108,
      1.1149751310928476e-10,
      1.0099120258800037e-05,
      0.9877215046802746,
      3.122934984714716e-08
    ],
    [
      0.03935800638043685,
      1.9110767274633275e-05,
      0.008119177237039536,
      0.9523941085334445,
      0.00010959708180453552
    ],
    [
      1.5517009059931752e-08,
      0.020280204381505976,
      0.9795852204200155,
      0.0001338815566038776,
      6.781248656378216e-07
    ],
    [
      0.9439086468725485,
      4.717909764850921e-05,
      6.210078530960926e-05,
      0.036251408879571886,
      0.019730664364921678
    ],
    [
      0.011553363598282407,
      0.007232845620131531,
      1.0635260060605565e-06,
      2.0759778040225883e-06,
      0.9812106512777762
    ],
    [
      0.0019466335553846967,
      0.0014750300045586983,
      7.140086404058645e-09,
      1.3637924043679368e-08,
      0.9965783156620462
    ],
    [
      0.00017895989660855703,
      0.8908037711876625,
      0.003139665300623227,
      1.9132795074910324e-05,
      0.1058584708200306
    ],
    [
      0.8928764475213748,
      6.480292311363805e-05,
      0.0002069743883015175,
      0.09302247475245115,
      0.01382930041475888
    ],
    [
      3.319280878139057e-05,
      7.073364651584206e-07,
      0.09919822644944308,
      0.9007678513367858,
      2.2068524396976405e-08
    ],
    [
      3.1331902476802414e-06,
      0.10155476135224348,
      0.8970341792126783,
      0.0013329027025343148,
      7.502354229621202e-05
    ],
    [
      0.0035522519925686833,
      0.00015010253685194793,
      0.1272146513245104,
      0.869042336201742,
      4.06579443269644e-05
    ],
    [
      1.932648732029204e-07,
      5.200958752867526e-05,
      0.9759443650842633,
      0.024003417371601412,
      1.469173337895111e-08
    ],
    [
      3.938107686432014e-08,
      0.010151578020844666,
      0.9894779958812623,
      0.0003697499658050834,
      6.367510113571777e-07
    ],
    [
      0.18946245422735772,
      0.00016781871476313396,
      5.462576164661973e-08,
      6.5915142099482175e-06,
      0.8103630809179075
    ],
    [
      0.001921141921592169,
      1.3971227663622328e-07,
      0.0028586807318998725,
      0.9952196789681282,
      3.586661031674755e-07
    ],
    [
      2.0667702969277897e-07,
      0.2813571766930355,
      0.7184979883198186,
      0.00010421575577806097,
      4.0412554338360776e-05
    ],
    [
      1.3852053523739582e-08,
      0.9947426649376295,
      1.7122577030720575e-05,
      2.8598049754451123e-10,
      0.005240198347305776
    ],
    [
      0.3442250091800309,
      0.00023154422808247267,
      0.00623663429052794,
      0.6449274690711108,
      0.004379343230247825
    ],
    [
      5.00995508118585e-05,
      0.6752504361992799,
      4.498064158849884e-05,
      1.6384359619722885e-07,
      0.32465431976472336
    ],
    [
      6.373734518394812e-08,
      0.0010980806086287706,
      0.9969704768357823,
      0.0019312637496954966,
      1.1506854846024496e-07
    ],
    [
      1.6526685197231713e-08,
      0.0009131410220894028,
      0.998166146402703,
      0.0009206530218425052,
      4.302667998855054e-08
    ],
    [
      0.0001266656953018726,
      0.6651312831916688,
      0.00012563837758471273,
      8.057224059880505e-07,
      0.3346156070130385
    ],
    [
      7.809864880792619e-08,
      0.8677263791628529,
      0.13212317569183135,
      5.5160919198515904e-06,
      0.0001448509547469239
    ],
    [
      0.006786157302717442,
      0.0013359572458997552,
      2.7070852130452683e-08,
      1.1628796501562988e-07,
      0.9918777420925656
    ],
    [
      0.8380390940336262,
      5.9408232842108825e-05,
      0.0003387662806294806,
      0.15196158409958083,
      0.009601147353321448
    ],
    [
      0.0002992225527519708,
      4.312235287081412e-06,
      0.07486274586381038,
      0.9248332305063368,
      4.888418137085467e-07
    ],
    [
      0.5897071162730738,
      5.240638911491019e-05,
      1.03571187682554e-07,
      5.073905368237425e-05,
      0.41018963471294123
    ],
    [
      1.6398557148019933e-06,
      0.046567384096025996,
      0.9519057513815353,
      0.001500810892366938,
      2.4413774356858025e-05
    ],
    [
      0.0010664162364606017,
      3.8244694612838224e-05,
      0.12042425819025485,
      0.8784651776758859,
      5.903202785710504e-06
    ],
    [
      0.011486384288078532,
      0.00034196305497038044,
      4.5229212254107484e-09,
      6.49241408986588e-08,
      0.9881715832098893
    ],
    [
      0.1554088978237139,
      9.446006729284021e-09,
      2.5938924567367126e-05,
      0.8445602752183843,
      4.878587327813324e-06
    ],
    [
      5.616089202821774e-09,
      0.9961417727502483,
      0.003654920365004948,
      2.9505054638942256e-08,
      0.00020327176360303753
    ],
    [
      8.567880455303547e-06,
      8.285875891459868e-08,
      0.06566026946185702,
      0.9343310780568304,
      1.7420985457732055e-09
    ],
    [
      2.9425612883292565e-05,
      2.4704335746593827e-06,
      0.2051119344882481,
      0.7948561257012707,
      4.3764023353328106e-08
    ],
    [
      0.00035495590821968555,
      0.0002595709967126485,
      0.4754900571727957,
      0.5238869348024506,
      8.481119821538715e-06
    ],
    [
      0.3648125765152563,
      4.740602305766019e-07,
      0.00012630063841259035,
      0.6349363968617426,
      0.00012425192435793153
    ],
    [
      1.412211489446486e-09,
      0.9669776898571553,
      0.03299391079930315,
      1.0630330637197971e-07,
      2.8291628023720638e-05
    ],
    [
      8.616169021563205e-06,
      0.0021631432374532916,
      0.9700447520883759,
      0.02777930118237683,
      4.187322772356859e-06
    ],
    [
      0.9788809003978346,
      2.159798459920265e-06,
      2.6035207256049284e-07,
      0.0011708815369820308,
      0.019945797914651106
    ],
    [
      3.612227090119083e-06,
      0.0003765075961117802,
      0.9543147960737692,
      0.045304565832255984,
      5.18270773065869e-07
    ],
    [
      0.0014240528303709784,
      0.0003848335221870014,
      0.32043265510634983,
      0.6777242673975721,
      3.4191143520288093e-05
    ],
    [
      3.5149143235638084e-05,
      1.3719992977926697e-07,
      0.0369630824559872,
      0.9630016225923881,
      8.608459269185596e-09
    ],
    [
      6.789766078981522e-09,
      0.03214061293388032,
      0.9677993125165062,
      5.9442147903913656e-05,
      6.256119433175207e-07
    ],
    [
      0.0002042552984258795,
      0.0005657644898960675,
      0.6748230778828084,
      0.3243966567136873,
      1.02456151822309e-05
    ],
    [
      0.00020704276074596256,
      0.9202469365427044,
      0.008838659048065184,
      5.6201472229278074e-05,
      0.0706511601762552
    ],
    [
      8.504846146870888e-07,
      9.349468451705938e-06,
      0.8493366892170182,
      0.15065310256129588,
      8.268619441534618e-09
    ],
    [
      0.3878993412296995,
      3.3562858841268626e-05,
      1.2796135375695282e-08,
      6.687129451101545e-06,
      0.6120603959858728
    ],
    [
      0.00256816921923041,
      9.145599462593084e-08,
      0.0018195690291049782,
      0.9956118033686775,
      3.6692699247807187e-07
    ],
    [
      2.907305613083061e-05,
      1.6717624598847205e-06,
      0.16965710429953082,
      0.8303121172233612,
      3.365851755517508e-08
    ],
    [
      7.234440852075501e-06,
      0.1044492267246785,
      0.8932006257178592,
      0.0022149244384071236,
      0.00012798867820305624
    ],
    [
      0.7006448202476683,
      0.0035352389861863505,
      0.0004997009886012025,
      0.016833740937742977,
      0.2784864988398012
    ],
    [
      1.227798910552246e-06,
      1.8636572908011405e-05,
      0.871469447991471,
      0.1285106686883068,
      1.8948403910679825e-08
    ],
    [
      2.318663455671965e-06,
      0.3739684278453559,
      0.6254336222247773,
      0.0003536751731237439,
      0.00024195609328751393
    ],
    [
      0.005525308614454958,
      0.054446329712146496,
      1.7436483722717606e-05,
      5.8272647276994135e-06,
      0.9400050979249482
    ],
    [
      0.12162981288476654,
      8.754497224393504e-07,
      0.0005275769110645154,
      0.8777878093352924,
      5.392541915419364e-05
    ],
    [
      0.8256218789926111,
      6.418394096900747e-07,
      3.3099790568276653e-10,
      3.3715897695613157e-06,
      0.174374107247212
    ],
    [
      0.3003059618655855,
      9.955085160914215e-05,
      0.0043448986461174025,
      0.6929837618561008,
      0.002265826780587169
    ],
    [
      0.0003056555498850427,
      0.8424831595380168,
      0.002549618871750528,
      2.2675433553291872e-05,
      0.15463889060679423
    ],
    [
      0.00015566444969152321,
      2.106140175382049e-08,
      0.004531791877222499,
      0.9953125112753177,
      1.1336366560918777e-08
    ],
    [
      0.00037850166782561957,
      0.8974091114167405,
      0.0653216084528737,
      0.0005826907138524553,
      0.03630808774870765
    ],
    [
      1.1369869667047426e-05,
      0.04980242025771192,
      0.9452340662919981,
      0.0048680766171955115,
      8.406696342712027e-05
    ],
    [
      0.00014099479115948675,
      6.315249835862214e-07,
      0.03855472208086358,
      0.9613035745408768,
      7.706211649324439e-08
    ],
    [
      8.151599215277536e-06,
      3.39630908899843e-06,
      0.4181030031678657,
      0.5818854302250016,
      1.8698828325356054e-08
    ],
    [
      4.051418319816596e-05,
      0.8544653539655028,
      0.13905544240763412,
      0.00030439819539947145,
      0.006134291248265335
    ],
    [
      0.7907675922133656,
      1.1310415438149176e-06,
      6.010621257040758e-10,
      4.160756747093793e-06,
      0.20922711538728145
    ],
    [
      6.639842286691214e-05,
      3.8154285721374213e-08,
      0.011335113297493976,
      0.9885984428550153,
      7.270338025358424e-09
    ],
    [
      3.7235312778037084e-05,
      0.8440134284301334,
      0.00020119869493167802,
      5.084672294704581e-07,
      0.1557476290949273
    ],
    [
      0.0008682022793426672,
      0.15445741415730915,
      0.8084532888674776,
      0.03274771139012574,
      0.0034733833057449485
    ],
    [
      0.7429979774795658,
      2.585933244689897e-05,
      9.819763366277061e-08,
      8.537542922768908e-05,
      0.25689068956112615
    ],
    [
      0.8173534134276479,
      9.429477944289652e-06,
      3.5900992720638746e-08,
      6.272560461659836e-05,
      0.1825743955887985
    ],
    [
      2.810155914426704e-07,
      0.9679512197018798,
      1.6712970251888962e-05,
      1.9037449016394155e-09,
      0.03203178440853208
    ],
    [
      0.06032848078935403,
      0.0027183785383054103,
      1.4830542746071729e-06,
      1.4707189951577466e-05,
      0.9369369504281144
    ],
    [
      1.294861523520085e-07,
      0.9960685980621317,
      0.000628028054222314,
      3.8784186826589593e-08,
      0.0033032056133068147
    ],
    [
      0.00029589034153792494,
      0.06764643127831693,
      7.762293089912929e-07,
      3.9150512383823485e-08,
      0.9320568630003238
    ],
    [
      0.2506917477102478,
      0.0016643529366933162,
      5.358010582129086e-06,
      0.0001693388334207924,
      0.7474692025090561
    ],
    [
      0.050338684113802094,
      0.013014889327776693,
      1.946725097969517e-05,
      6.213665675858658e-05,
      0.9365648226506831
    ],
    [
      1.4980046439621687e-08,
      0.9966104136088632,
      0.0029813216735819735,
      4.4999411922400814e-08,
      0.0004082047380964752
    ],
    [
      0.0017455859361018694,
      0.42522253082632283,
      0.00045550811356007224,
      1.9350864287123735e-05,
      0.5725570242597281
    ],
    [
      0.010476165588679361,
      0.0013945220117196344,
      0.22084906407423072,
      0.7668410117652166,
      0.0004392365601537088
    ],
    [
      1.7760305195512066e-06,
      0.8623253294888807,
      0.13669267759885698,
      4.123673443522609e-05,
      0.0009389801473075488
    ],
    [
      0.0008118621374669073,
      0.04393624499081298,
      1.1514657218147015e-06,
      1.4098389437397233e-07,
      0.955250600422104
    ],
    [
      0.29079915371033416,
      0.00647500631366626,
      8.178691704042429e-05,
      0.001156146483065639,
      0.7014879065758934
    ],
    [
      0.8354998073538585,
      1.640769270454785e-08,
      2.267104571599105e-06,
      0.16442208827232713,
      7.582086155005596e-05
    ],
    [
      7.757456573316895e-09,
      0.45098368660069404,
      0.5489990349024741,
      7.581143104024471e-06,
      9.689596271082886e-06
    ],
    [
      1.1530964316167e-05,
      0.8268767583605467,
      3.849850554739941e-05,
      4.9256820365100394e-08,
      0.17307316291276928
    ],
    [
      1.5274939626660194e-05,
      0.003364100546196646,
      0.9661645411650095,
      0.030447257910863525,
      8.825438303772668e-06
    ],
    [
      0.11749272695780054,
      0.005135097693573558,
      1.1692511746560944e-05,
      0.00011341363920877739,
      0.8772470691976706
    ],
    [
      0.006370824611369828,
      0.13492615256988222,
      0.00012481852078745522,
      2.4938947257309244e-05,
      0.8585532653507031
    ],
    [
      0.008416512369963288,
      0.00024505299316924275,
      0.1008591655176798,
      0.8903595598310866,
      0.00011970928810088519
    ],
    [
      0.8496938035173117,
      2.4728269900297056e-06,
      5.092594559884093e-09,
      2.1633250570922e-05,
      0.15028208531253248
    ],
    [
      3.5374474437468253e-07,
      0.00031413315050477577,
      0.9876574066930796,
      0.012028000413669037,
      1.0599800224294031e-07
    ],
    [
      0.0005819710349162399,
      0.03398306062285647,
      4.782181881386839e-07,
      5.6820027174031926e-08,
      0.9654344333040121
    ],
    [
      0.9746212396123399,
      9.159048376053216e-06,
      6.2338444049179195e-06,
      0.010668229748783151,
      0.014695137746095982
    ],
    [
      0.00047775071056054507,
      0.06812997781796008,
      1.3996655764218012e-06,
      9.354281055338873e-08,
      0.9313907782630925
    ],
    [
      0.1400319582472139,
      0.004320516504753008,
      1.115241897748002e-05,
      0.00013432095311678255,
      0.8555020518759388
    ],
    [
      5.305367294210395e-06,
      0.7449529315618745,
      0.2537084398508767,
      0.00016399887580749526,
      0.0011693243441471101
    ],
    [
      0.967000176886138,
      1.797812731013514e-07,
      1.6996045962941808e-06,
      0.03217453215431259,
      0.000823411573680155
    ],
    [
      3.1704826942050856e-08,
      0.0012255073812577086,
      0.9976111933629007,
      0.0011631843709280871,
      8.318008653871204e-08
    ],
    [
      7.094833782378172e-05,
      0.3306413731713439,
      4.556468011863458e-06,
      3.399545624091491e-08,
      0.6692830880273639
    ],
    [
      6.286020605573914e-05,
      0.5836432287005298,
      2.7823866199884634e-05,
      1.295239433090468e-07,
      0.41626595770327124
    ],
    [
      2.500626566969404e-09,
      0.9700803235363803,
      0.029877375643143255,
      1.3827011364781902e-07,
      4.216004973623534e-05
    ],
    [
      4.084693589304798e-09,
      0.0002893033548953641,
      0.9989489870737616,
      0.0007616989191745653,
      6.567474950199601e-09
    ],
    [
      0.95744041316484,
      9.731493200499704e-06,
      2.184761390015432e-05,
      0.03437054724642746,
      0.008157460481631946
    ],
    [
      4.330751186568711e-05,
      0.07332878731651071,
      0.9176333906014102,
      0.00872298646706384,
      0.00027152810314936605
    ],
    [
      0.5694072380073834,
      0.0008102850881816497,
      1.1978258475503216e-05,
      0.0009589130392621867,
      0.42881158560669713
    ],
    [
      0.0007873754765587922,
      0.002784567298260385,
      0.696246631564715,
      0.30008581316438077,
      9.561249608500125e-05
    ],
    [
      0.3543119693135025,
      5.5526709629756544e-05,
      2.532509317254343e-08,
      9.044420839967736e-06,
      0.6456234342309348
    ],
    [
      0.103702592324661,
      0.0005017928119382143,
      0.029760827461827958,
      0.8641048622744449,
      0.0019299251271279155
    ],
    [
      0.14527628058683517,
      7.663242658262474e-05,
      0.007280997521971922,
      0.846476688263267,
      0.000889401201343291
    ],
    [
      7.590787983054799e-06,
      0.00014777153570085796,
      0.8818903673474434,
      0.11795390546738191,
      3.648614907622509e-07
    ],
    [
      0.4035283195180874,
      0.008512944697183106,
      0.000284330974503208,
      0.00404321813504546,
      0.5836311866751809
    ],
    [
      0.015454240688768975,
      0.09966998308502091,
      0.0001987622800815594,
      8.235371539127893e-05,
      0.8845946602307373
    ],
    [
      1.0508259061738063e-08,
      0.007122568184373656,
      0.9926779621333726,
      0.00019925143076579942,
      2.0774322888968017e-07
    ],
    [
      0.8129779395335592,
      0.00038077316289518117,
      2.600070126737343e-05,
      0.004019630116331508,
      0.18259565648594675
    ],
    [
      1.295329987952979e-07,
      0.020554968343122742,
      0.9789348809056736,
      0.0005075394179322673,
      2.481800272458676e-06
    ],
    [
      0.024749487191160147,
      0.034390415186543954,
      4.648056162981926e-05,
      5.139556414621446e-05,
      0.94076222149652
    ],
    [
      0.0012248752074012395,
      4.023649095074339e-05,
      0.11435138544955421,
      0.8843766057791309,
      6.897072962989655e-06
    ],
    [
      0.00013316209418253263,
      3.0013291558097594e-09,
      0.001500329017700295,
      0.9983665027602449,
      3.126543320614311e-09
    ],
    [
      7.322658854382648e-08,
      0.9795811012799922,
      0.02001575488440895,
      7.876699834335098e-07,
      0.0004022829390269861
    ],
    [
      0.001353627097293368,
      0.018616514040432363,
      4.3768702152618316e-07,
      1.2779980231037147e-07,
      0.9800292933754505
    ],
    [
      0.38627252041129484,
      0.0017679339403460018,
      1.4941033022322994e-05,
      0.0005808859555491224,
      0.6113637186597879
    ],
    [
      5.905997299025052e-07,
      0.00018010871155355263,
      0.9768071964301447,
      0.02301201606760411,
      8.819096754028012e-08
    ],
    [
      0.00033552818533255814,
      0.9185098872368964,
      0.024916700731279755,
      0.00020885016643997932,
      0.056029033680051084
    ],
    [
      0.0159404045188071,
      1.859572359763568e-05,
      0.014641252520814734,
      0.9693537921708971,
      4.595506588349418e-05
    ],
    [
      0.14955777880257376,
      1.0038333765718565e-07,
      0.00011624872464083073,
      0.8503071598825134,
      1.871220693410855e-05
    ],
    [
      0.6985266965138172,
      1.481285412561141e-05,
      2.459775763535256e-08,
      2.996130072118855e-05,
      0.30142850473357824
    ],
    [
      0.9870903837668983,
      1.0600243676899738e-06,
      2.2734298598519273e-07,
      0.0015851175669397658,
      0.011323211298808391
    ],
    [
      1.9128278682654607e-05,
      0.9258816939936703,
      0.06800644599105858,
      9.010597041059568e-05,
      0.006002625766177866
    ],
    [
      1.622375683366408e-05,
      1.038460796760949e-05,
      0.4780905305473405,
      0.5218827887040128,
      7.23838452061595e-08
    ],
    [
      0.3360921338907895,
      0.006586025345863106,
      0.00011476278984052044,
      0.0017424110648873844,
      0.6554646669086196
    ],
    [
      0.8709898298432125,
      0.0001295961628914789,
      8.618196846208185e-06,
      0.0027526888114374603,
