{
  "dataset": "circles",
  "algorithm": "gmm",
  "params": {
    "n_components": 6,
    "covariance_type": "full"
  },
  "labels": [
    0,
    3,
    4,
    4,
    0,
    4,
    4,
    4,
    3,
    1,
    5,
    1,
    1,
    0,
    4,
    4,
    2,
    5,
    3,
    1,
    2,
    2,
    3,
    0,
    0,
    2,
    2,
    2,
    0,
    0,
    2,
    0,
    1,
    1,
    5,
    0,
    4,
    3,
    2,
    3,
    4,
    0,
    2,
    1,
    5,
    3,
    5,
    5,
    1,
    5,
    0,
    1,
    4,
    4,
    1,
    3,
    4,
    5,
    1,
    0,
    2,
    5,
    0,
    2,
    0,
    3,
    1,
    3,
    2,
    4,
    0,
    0,
    3,
    3,
    3,
    3,
    5,
    3,
    1,
    2,
    4,
    0,
    2,
    1,
    3,
    0,
    1,
    4,
    3,
    3,
    4,
    2,
    0,
    3,
    1,
    0,
    0,
    3,
    1,
    5,
    5,
    1,
    5,
    0,
    0,
    3,
    3,
    2,
    0,
    4,
    4,
    1,
    0,
    5,
    2,
    5,
    5,
    2,
    4,
    3,
    2,
    1,
    3,
    1,
    2,
    2,
    1,
    1,
    4,
    0,
    5,
    0,
    2,
    5,
    4,
    3,
    1,
    5,
    5,
    5,
    3,
    1,
    2,
    0,
    5,
    5,
    5,
    2,
    5,
    1,
    5,
    0,
    3,
    5,
    2,
    0,
    5,
    2,
    4,
    3,
    0,
    3,
    1,
    5,
    1,
    2,
    5,
    5,
    1,
    0,
    5,
    1,
    2,
    0,
    0,
    1,
    4,
    1,
    4,
    4,
    4,
    1,
    4,
    5,
    1,
    4,
    4,
    3,
    2,
    1,
    2,
    4,
    4,
    3,
    0,
    2,
    4,
    0,
    4,
    4,
    1,
    0,
    2,
    4,
    1,
    1,
    2,
    0,
    2,
    0,
    5,
    0,
    3,
    3,
    5,
    0,
    4,
    2,
    0,
    2,
    4,
    5,
    5,
    1,
    4,
    0,
    5,
    1,
    3,
    3,
    0,
    0,
    1,
    5,
    0,
    0,
    0,
    4,
    4,
    1,
    4,
    1,
    1,
    5,
    4,
    0,
    0,
    3,
    3,
    1,
    2,
    3,
    2,
    1,
    3,
    1,
    4,
    4,
    4,
    1,
    3,
    4,
    0,
    0,
    4,
    2,
    1,
    0,
    4,
    4,
    1,
    1,
    2,
    3,
    3,
    0,
    4,
    4,
    5,
    4,
    3,
    2,
    1,
    2,
    4,
    1,
    3,
    1,
    4,
    3,
    0,
    3,
    4,
    0,
    0,
    1,
    3,
    1,
    2,
    2,
    1,
    2,
    3,
    1,
    4,
    1,
    5,
    2,
    4,
    4,
    0,
    2,
    4,
    4,
    4,
    3,
    4,
    0,
    4,
    0,
    4,
    1,
    3,
    2,
    3,
    5,
    0,
    2,
    1,
    4,
    1,
    5,
    5,
    5,
    1,
    4,
    1,
    0,
    2,
    0,
    3,
    2,
    2,
    4,
    1,
    5,
    5,
    1,
    1,
    3,
    2,
    4,
    5,
    2,
    1,
    0,
    2,
    1,
    2,
    1,
    0,
    3,
    2,
    3,
    3,
    5,
    5,
    0,
    1,
    1,
    5,
    1,
    2,
    5,
    3,
    1,
    1,
    4,
    3,
    4,
    4,
    2,
    5,
    0,
    2,
    3,
    3,
    5,
    4,
    5,
    4,
    2,
    4,
    2,
    5,
    1,
    1,
    0,
    2,
    2,
    2,
    3,
    1,
    5,
    2,
    2,
    3,
    0,
    5,
    1,
    1,
    3,
    2,
    4,
    1,
    3,
    5,
    0,
    3,
    4,
    5,
    1,
    2,
    3,
    1,
    0,
    1,
    3,
    5,
    1,
    4,
    0,
    0,
    2,
    3,
    0,
    5,
    2,
    5,
    3,
    0,
    4,
    5,
    1,
    0,
    5,
    4,
    3,
    2,
    3,
    5,
    3,
    0,
    3,
    2,
    1,
    1,
    1,
    5,
    1,
    1,
    3,
    3,
    0,
    2,
    5,
    5,
    3,
    1,
    1,
    5,
    1,
    1,
    4,
    3,
    1,
    0,
    5,
    3,
    4,
    4,
    4,
    0,
    0,
    4,
    0,
    1,
    0,
    2,
    2,
    4,
    5,
    5,
    1,
    0,
    0,
    5,
    0,
    1,
    0
  ],
  "means": [
    {
      "x": -0.5571149556968139,
      "y": 0.5016630383778135
    },
    {
      "x": -0.07174197261844928,
      "y": -0.728877164336582
    },
    {
      "x": 0.6317224910264366,
      "y": -0.38943414927612985
    },
    {
      "x": 0.1894639252038234,
      "y": 0.7112933709015228
    },
    {
      "x": -0.6718550627527543,
      "y": -0.24141301745629637
    },
    {
      "x": 0.7377906619885186,
      "y": 0.28561224873312124
    }
  ],
  "probabilities": [
    [
      0.8369934637268056,
      3.430340193137273e-05,
      1.0685861256512319e-08,
      0.0008398804557199669,
      0.16213233362139484,
      8.108286763272206e-09
    ],
    [
      0.11332526700568342,
      4.694616537042983e-13,
      1.7936237744066872e-10,
      0.8865001697429977,
      4.365397774919486e-07,
      0.00017412653170959715
    ],
    [
      0.29541391959770485,
      0.0031233533155164057,
      6.28118646248796e-07,
      7.861309769295972e-05,
      0.7013834799160577,
      5.954381876521675e-09
    ],
    [
      0.00014710664028906952,
      0.38073829605197523,
      1.0751206601705866e-05,
      8.548131701342224e-11,
      0.6191038460150925,
      5.602361838615682e-13
    ],
    [
      0.9813344457516898,
      2.4759563797275625e-09,
      3.170091255282946e-14,
      0.0006537001194303669,
      0.01801185163848546,
      1.4406377696276553e-11
    ],
    [
      0.009431644794689676,
      0.10318129060332501,
      1.7083280619573066e-05,
      4.440940679456777e-07,
      0.8873695365190061,
      7.082916319880613e-10
    ],
    [
      0.41758835053066684,
      0.0013453242440303694,
      2.565909900032097e-07,
      0.0001322117842938594,
      0.5809338511185931,
      5.731425844672407e-09
    ],
    [
      0.3424251077020674,
      0.00011664199339912252,
      1.1659208016271614e-11,
      3.2297530941259835e-07,
      0.6574579273175457,
      1.906669792468942e-14
    ],
    [
      0.3944383948044214,
      1.5695028067285398e-11,
      1.7422138488929158e-10,
      0.6055152298804475,
      1.64075234433129e-05,
      2.996760177132113e-05
    ],
    [
      1.2739324304576248e-07,
      0.87733856956908,
      0.1191368886997843,
      6.953066570597724e-08,
      0.003517541730508321,
      6.803076718653813e-06
    ],
    [
      4.825285398726461e-09,
      1.153788565511047e-06,
      0.10918359714279773,
      0.0035425131255330793,
      3.648465290140396e-13,
      0.8872727311174534
    ],
    [
      6.203377214200792e-12,
      0.903960904948098,
      0.09563858307891536,
      1.229539834208089e-11,
      0.0004002873908432607,
      2.2456364445010865e-07
    ],
    [
      0.00017478778788413443,
      0.7222091134101066,
      0.0022455631562153687,
      1.4187317970393264e-07,
      0.27537036104434215,
      3.272827215252504e-08
    ],
    [
      0.9890396253564031,
      3.443487939724415e-10,
      1.9399916583488502e-13,
      0.007231289397223272,
      0.003729083785402043,
      1.1164286859151888e-09
    ],
    [
      0.4404509633514815,
      0.005425006308488024,
      1.3094522107521464e-05,
      0.0012368506743174145,
      0.5528735089837107,
      5.761598949603359e-07
    ],
    [
      0.028428357830049503,
      0.0489431504656629,
      8.840887864960228e-06,
      2.3292230322095324e-06,
      0.9226173199448089,
      1.6485815902226687e-09
    ],
    [
      8.11817829526174e-07,
      0.00352405317245169,
      0.6989319092690943,
      0.0034779856524907635,
      3.135559933559093e-07,
      0.29406492653214017
    ],
    [
      1.5613584103566165e-05,
      3.6569839300687203e-11,
      0.00021390247223338957,
      0.2451466364477392,
      5.522216708588874e-13,
      0.7546238474588018
    ],
    [
      0.0586794379227992,
      4.691418063893765e-06,
      0.00027466421229140444,
      0.9106439225047894,
      7.192201975137757e-05,
      0.030325361922304724
    ],
    [
      0.001512152048325461,
      0.5992210751275237,
      0.003627984950182599,
      4.33664559855666e-06,
      0.39563397355035007,
      4.776780193483813e-07
    ],
    [
      6.532926247258892e-07,
      0.0112896124022123,
      0.8460365858521042,
      0.0014050215022155294,
      1.2782986038639478e-06,
      0.1412668486522395
    ],
    [
      1.1175348223226832e-07,
      0.0012039074700874038,
      0.6236825943198389,
      0.0021446162670522317,
      1.931007251830681e-08,
      0.37296875087946685
    ],
    [
      0.006478603455580964,
      7.36627701042858e-07,
      0.0006460549364927658,
      0.8470416416055617,
      1.3860202759187446e-06,
      0.14583157735438762
    ],
    [
      0.943636755856624,
      1.1399443576170222e-05,
      7.285779839801014e-08,
      0.011362081679690404,
      0.044989146425094106,
      5.437372170266618e-07
    ],
    [
      0.877255955954333,
      2.223514911416028e-10,
      2.693668041442574e-11,
      0.12229961138515132,
      0.00044378816832443076,
      6.442429029393175e-07
    ],
    [
      0.0001553068578582262,
      0.0856650710709529,
      0.8269017951008771,
      0.008576543347412683,
      0.00047831243335903474,
      0.07822297118954015
    ],
    [
      1.5672472206099565e-05,
      0.014407678722865537,
      0.7696657741785952,
      0.008126074151522264,
      1.2796232572769934e-05,
      0.2077720042422384
    ],
    [
      7.194990188958564e-12,
      0.3910639773882458,
      0.6086520184169136,
      1.457942672473776e-08,
      2.785389347401437e-06,
      0.00028120421887172127
    ],
    [
      0.9856502285853631,
      3.245911391414409e-10,
      1.6466978133060274e-15,
      0.0006016563656980878,
      0.01374811472110268,
      3.2432915748722068e-12
    ],
    [
      0.9569974735380155,
      3.5987743085283037e-07,
      7.769698822200066e-09,
      0.034543552040578955,
      0.00845767289710764,
      9.338771683727024e-07
    ],
    [
      3.854273362194423e-08,
      0.08388766371364349,
      0.9038447585042723,
      3.3051796519460305e-05,
      5.883871180224e-06,
      0.012228603571650875
    ],
    [
      0.9749986248360903,
      2.0251408235965762e-07,
      9.180392015855169e-10,
      0.012729817430663684,
      0.012271260022224865,
      9.427889984381553e-08
    ],
    [
      6.041964257148448e-07,
      0.6569606422438962,
      0.34133095605154806,
      2.792836369252459e-06,
      0.0014988337158643036,
      0.00020617095589636758
    ],
    [
      2.511593987263866e-07,
      0.8869170173871931,
      0.0007097979306926225,
      3.0078700375811677e-12,
      0.1123729335089155,
      1.0792366964247933e-11
    ],
    [
      5.5121929406646475e-09,
      1.5741994385351169e-06,
      0.11753862251833845,
      0.0035562869274694104,
      5.958295214221313e-13,
      0.8789035108419647
    ],
    [
      0.9415480810838435,
      8.76351095724803e-06,
      2.3455950665207345e-07,
      0.03422946069006363,
      0.024209581357251167,
      3.878798377733857e-06
    ],
    [
      0.0016032827737231994,
      0.20471224668155102,
      1.4931027604515558e-05,
      1.2607827133835254e-08,
      0.7936695268726863,
      3.660779980682395e-11
    ],
    [
      0.12737658152465228,
      5.094048638226593e-13,
      1.4809727251397223e-10,
      0.8724793416195092,
      5.677610023681389e-07,
      0.00014350894622941463
    ],
    [
      8.636867447064732e-11,
      0.4925481009901654,
      0.5072927238465498,
      2.2632675913424456e-08,
      1.8741178435624968e-05,
      0.000140411265804645
    ],
    [
      0.05327188013294983,
      3.628169216064814e-14,
      1.1516345978877067e-10,
      0.9463754488366061,
      4.180918772287249e-08,
      0.00035262910605652004
    ],
    [
      0.02306627255549425,
      0.08473382633255457,
      3.964463762053612e-05,
      4.87467663030649e-06,
      0.8921553720815857,
      9.716114681431497e-09
    ],
    [
      0.9635736671053987,
      2.232468404573311e-09,
      1.1493616950243152e-15,
      0.00011217146183097455,
      0.03631415920006895,
      2.3217409959426307e-13
    ],
    [
      1.0808374564140794e-05,
      0.013832085538714931,
      0.7796364134182046,
      0.006641055525686159,
      9.63423396475523e-06,
      0.1998700029088655
    ],
    [
      3.8531818552922385e-10,
      0.9724031035873661,
      0.005472330681815068,
      6.875379123395817e-14,
      0.022124565306509966,
      3.892214223273925e-11
    ],
    [
      5.425790733587713e-05,
      2.618916690055175e-09,
      0.0006925483352534289,
      0.3187534821077363,
      7.126588753078811e-11,
      0.6804997089594917
    ],
    [
      0.3234710947010534,
      1.647677917411369e-12,
      3.950966321393143e-11,
      0.6764970983230397,
      5.7216410502224444e-06,
      2.6085293699563447e-05
    ],
    [
      3.3829638505462627e-10,
      7.566874383069071e-06,
      0.28126527522630845,
      0.000896502911329088,
      1.8020889902495062e-13,
      0.717830654649503
    ],
    [
      8.216241639291792e-09,
      1.4318581723447951e-08,
      0.02525344387185991,
      0.007282862684661666,
      6.174831113100215e-15,
      0.9674636709086489
    ],
    [
      3.5136366718417294e-05,
      0.7062434571909593,
      0.0004823316547680041,
      1.740390302007406e-09,
      0.29323907271734495,
      3.2981887391557905e-10
    ],
    [
      2.904032645960614e-06,
      4.205046966594468e-09,
      0.0027930557480473216,
      0.09062771397628036,
      2.8223474856479783e-12,
      0.9065763220351571
    ],
    [
      0.8551699690595448,
      1.360493785885573e-13,
      1.303066805791734e-14,
      0.14473926016596544,
      9.072340659594378e-05,
      4.736774462018792e-08
    ],
    [
      1.9579534228310902e-07,
      0.8992459571996918,
      0.0008928056408316479,
      3.429607299724859e-12,
      0.09986104134424582,
      1.6458857074601613e-11
    ],
    [
      0.06439532622866835,
      0.002631061624037791,
      7.700731771514763e-11,
      2.4066620961524094e-09,
      0.9329736096636241,
      4.0140802118957923e-16
    ],
    [
      0.0012788618342285177,
      0.34271156423860866,
      0.0001492957088273269,
      9.699001085724744e-08,
      0.6558601797573704,
      1.4709543047089489e-09
    ],
    [
      2.9576710832660985e-10,
      0.9612379509195733,
      0.03547253013768651,
      1.4386101214898775e-11,
      0.0032894967073601048,
      2.1925227054657596e-08
    ],
    [
      0.023102840784115508,
      5.311185992343859e-15,
      1.611609504491369e-10,
      0.9759613418893487,
      3.6466096463530992e-09,
      0.0009358135187597344
    ],
    [
      0.0010473631216710551,
      0.13867498463627295,
      2.0439430039944282e-07,
      3.8969679803394877e-11,
      0.86027744780878,
      5.883705152170519e-15
    ],
    [
      6.618979704580904e-07,
      3.148201922184438e-08,
      0.009711813286467943,
      0.04048127539054704,
      2.8043680703235944e-12,
      0.9498062179401909
    ],
    [
      7.806971380114473e-11,
      0.8401710913827168,
      0.15953456104584507,
      4.097452892834108e-10,
      0.0002921875322776889,
      2.1595513453712876e-06
    ],
    [
      0.8652846805634824,
      1.4340863756452593e-13,
      1.136100944111487e-14,
      0.13461534043160456,
      9.993960228162675e-05,
      3.9402476723929676e-08
    ],
    [
      1.6777933136357694e-06,
      0.011263599714878803,
      0.8202643675497923,
      0.002471643936593855,
      2.298367398688661e-06,
      0.16599641263802292
    ],
    [
      0.00018461987432283252,
      0.0005945806559098932,
      0.18684201499601322,
      0.12096258256518548,
      3.050460753615919e-06,
      0.691413151447815
    ],
    [
      0.6711123914332535,
      1.2723255083594692e-07,
      1.2696072640404743e-07,
      0.32784965366636926,
      0.0009538281504852984,
      8.387255661453064e-05
    ],
    [
      9.196603079707719e-08,
      0.08545405337497576,
      0.9005193228781546,
      5.5308394286860546e-05,
      9.564510255183477e-06,
      0.013961658876297049
    ],
    [
      0.9462296173446876,
      2.021293722415025e-12,
      2.4270363330521803e-14,
      0.05339057251421669,
      0.0003797993795058336,
      1.0759544616454042e-08
    ],
    [
      0.00036004549687731796,
      1.420926586689794e-12,
      4.813240042417241e-06,
      0.7673715227455546,
      8.263958851331417e-12,
      0.23226361850784083
    ],
    [
      2.9094537799004896e-07,
      0.5271612170781551,
      0.4717714454750878,
      3.8807079810417e-06,
      0.000590739681891888,
      0.00047242611150633506
    ],
    [
      0.005273077372320607,
      1.0116581490880468e-12,
      9.180865891686571e-08,
      0.9779525237389438,
      1.3204137520088312e-09,
      0.016774305758651593
    ],
    [
      1.3883108514280458e-12,
      0.0014133290692114825,
      0.8690838222744351,
      1.2726393977341116e-05,
      2.904102896519462e-12,
      0.12949012225808354
    ],
    [
      0.021164993823689773,
      0.05933588794231277,
      9.769643526001746e-06,
      1.3878418738627658e-06,
      0.9194879595934929,
      1.1551047266294494e-09
    ],
    [
      0.8874544167922231,
      0.00014102318753846256,
      1.4572189043504897e-06,
      0.013115590373102705,
      0.09928497689295974,
      2.5355352717157173e-06
    ],
    [
      0.8968781186446758,
      5.8383141208241885e-06,
      6.057152306170781e-07,
      0.0913225858749344,
      0.011770875643639734,
      2.1975807398613322e-05
    ],
    [
      0.0011732827114240348,
      1.6643135146071204e-06,
      0.0038335943131729932,
      0.5698559329595716,
      2.5761714452119845e-07,
      0.42513526808517205
    ],
    [
      0.002509172031448308,
      6.091981362935623e-10,
      1.559326016425267e-05,
      0.9019641155157765,
      7.608051892467641e-09,
      0.09551111097536073
    ],
    [
      0.19190650354819838,
      3.1000890281151416e-08,
      8.065843469326444e-07,
      0.8065631629378066,
      4.9542748122584635e-05,
      0.0014799531806350549
    ],
    [
      0.005597296283375556,
      3.274137234583924e-09,
      1.8461553189358496e-05,
      0.9335659252552043,
      6.652710903623024e-08,
      0.06081824710698472
    ],
    [
      0.0003226425794711582,
      7.133225149689022e-07,
      0.004711159414628315,
      0.40054863212844977,
      3.279796706340281e-08,
      0.5944168197569688
    ],
    [
      0.4603196744113323,
      1.0142399867844405e-11,
      6.887030218781515e-11,
      0.539643307248721,
      2.1176785884409444e-05,
      1.58414750496423e-05
    ],
    [
      2.5399556328567147e-07,
      0.8029343007285871,
      0.19455294849364874,
      3.6885436178602705e-07,
      0.0024800072734113307,
      3.2120654428014205e-05
    ],
    [
      8.433655342094778e-08,
      0.20515707411978976,
      0.7910175907579323,
      1.44372752597986e-05,
      4.423699525850187e-05,
      0.003766576515206288
    ],
    [
      0.00046266889908146,
      0.25577933413672577,
      3.580064589009041e-09,
      9.192854830948957e-15,
      0.7437579933841192,
      6.028255740657885e-20
    ],
    [
      0.9304612541814271,
      2.799544147587536e-12,
      6.38681651989018e-14,
      0.06922348071086001,
      0.0003152408718323659,
      2.4233017337389e-08
    ],
    [
      3.1204728557790724e-05,
      0.007786046031854414,
      0.6464107656506035,
      0.01809220080114756,
      9.653088548977049e-06,
      0.32767012969928777
    ],
    [
      4.933964338863378e-08,
      0.9425940209621433,
      0.0022832924574011683,
      4.177796624529055e-12,
      0.05512263715695458,
      7.968000137429086e-11
    ],
    [
      0.1455035484157271,
      1.467322881854227e-08,
      6.815367097574471e-07,
      0.8526169066445124,
      2.355507508579634e-05,
      0.0018552936547361774
    ],
    [
      0.9836996353331466,
      5.506193954547109e-11,
      7.91630888642186e-14,
      0.014558050813345274,
      0.0017423115883792998,
      2.2099878100750246e-09
    ],
    [
      3.073046505818403e-08,
      0.9584738695975268,
      0.004116721880876015,
      8.993783991788818e-12,
      0.03740937746251206,
      3.196265186703039e-10
    ],
    [
      0.00800089615860099,
      0.4194435995509461,
      0.0030382650406791923,
      3.477134603165812e-05,
      0.5694808607192964,
      1.6071844456641188e-06
    ],
    [
      0.11051224325492492,
      1.2824204115494655e-07,
      6.4449671094352065e-06,
      0.8843039029220096,
      3.630114512155136e-05,
      0.0051409794687933595
    ],
    [
      0.008519877102999618,
      2.0729532196377426e-08,
      4.0766508970926476e-05,
      0.9332922977487522,
      3.213934203887681e-07,
      0.05814671651632475
    ],
    [
      0.15423716106176488,
      0.004577849771228817,
      2.0483914863688082e-07,
      7.63988486994482e-06,
      0.8411771441357754,
      3.0721228638903535e-10
    ],
    [
      6.802050116415452e-09,
      0.019508315052712843,
      0.935866344783553,
      6.359110372558664e-05,
      1.804245673940304e-07,
      0.044561561833391175
    ],
    [
      0.8848630381052744,
      1.0380006728306852e-05,
      2.4360972148626206e-09,
      0.0008678052759896486,
      0.11425877008129053,
      4.094619991954912e-09
    ],
    [
      0.3885164438415545,
      2.4469574815469118e-08,
      1.5606187129675036e-07,
      0.6109958591075824,
      0.0001582678027379266,
      0.0003292487166792218
    ],
    [
      0.00036493437704458764,
      0.7011453611565486,
      0.003190950545104236,
      5.861605468789602e-07,
      0.29529805003975107,
      1.177210048674629e-07
    ],
    [
      0.8613656016215179,
      0.00012923099964509704,
      4.915830691126803e-07,
      0.0055806196951811516,
      0.13292352349358744,
      5.326069991960038e-07
    ],
    [
      0.9793419203025503,
      1.7368341596337536e-08,
      7.124697280995608e-11,
      0.014832592885576932,
      0.005825429908899744,
      3.9463384340874405e-08
    ],
    [
      0.1685410827644435,
      6.067996972799432e-11,
      4.803766908628306e-09,
      0.8311466401152863,
      4.3247013709372165e-06,
      0.000307947554452227
    ],
    [
      1.0859880799193312e-07,
      0.8315213587028131,
      0.16618134924885206,
      1.2769603245008127e-07,
      0.002281171285610337,
      1.5884467884133475e-05
    ],
    [
      1.031808758034254e-08,
      1.7880132053084493e-07,
      0.05168830404628858,
      0.006126579888020401,
      1.1764856806562239e-13,
      0.9421849269461653
    ],
    [
      5.808290594750983e-11,
      3.2878243714300754e-05,
      0.46705705250234647,
      0.00030865568654735317,
      2.0429458605818885e-13,
      0.5326014135091046
    ],
    [
      5.257238498554323e-06,
      0.9313597567974059,
      0.041983849525361924,
      2.7750162105567505e-07,
      0.026648567213515696,
      2.2917235969974186e-06
    ],
    [
      3.561452948336757e-06,
      5.9425706036595945e-09,
      0.0029823097921750086,
      0.096341577265389,
      4.8137536590203176e-12,
      0.9006725455421033
    ],
    [
      0.5364305422338925,
      6.2283763640094845e-09,
      1.736488118888878e-08,
      0.46329363157753684,
      0.00019786934825111521,
      7.793324706204385e-05
    ],
    [
      0.893269920643964,
      3.9177011338669257e-07,
      4.584272582184069e-08,
      0.10243057537158934,
      0.00428999995593875,
      9.066415668534302e-06
    ],
    [
      0.003495076429965775,
      1.8802733350033448e-16,
      1.070166286606217e-09,
      0.9859590016393787,
      1.1071149616823348e-11,
      0.010545920849417972
    ],
    [
      0.009346004508273505,
      5.994838783391132e-08,
      7.790057134737907e-05,
      0.9245108471724518,
      6.275051021935174e-07,
      0.06606456029443732
    ],
    [
      6.858613023528271e-12,
      0.03955596653755956,
      0.9474960771042187,
      1.0758344805113973e-06,
      8.543833865186872e-09,
      0.012946871973048777
    ],
    [
      0.9218025088421463,
      4.934168473168367e-07,
      3.349696758068042e-08,
      0.0722825832135769,
      0.005909549650880369,
      4.831379581597923e-06
    ],
    [
      0.032450541528169265,
      0.010744384040490213,
      1.925308947963967e-08,
      2.753973112927324e-08,
      0.9568050276382288,
      2.9108888928952477e-13
    ],
    [
      0.018108503599259817,
      0.013744726117645982,
      1.1128655890014147e-10,
      3.4597822005147246e-11,
      0.9681467701372102,
      7.221517234537226e-18
    ],
    [
      5.229927232043163e-05,
      0.8494150790498377,
      0.00609073661630439,
      1.356451336339672e-07,
      0.14444164111833702,
      1.0829806676438639e-07
    ],
    [
      0.7984618532149319,
      5.74074099310184e-07,
      2.0555190199579567e-07,
      0.1986778278556624,
      0.002815169452430525,
      4.436985097379578e-05
    ],
    [
      3.233993306049179e-07,
      2.3977335209503277e-09,
      0.00473737225291225,
      0.0369866889569371,
      1.159582169111473e-13,
      0.9582756129929707
    ],
    [
      1.3373002795674685e-08,
      0.06814376881346533,
      0.9185109893688795,
      2.292059165087156e-05,
      2.3207182219507475e-06,
      0.013319987134779583
    ],
    [
      0.0003168805398654053,
      2.737323445919329e-06,
      0.009762169764167992,
      0.3491394776478586,
      8.279600037633111e-08,
      0.6407786519286617
    ],
    [
      2.5849537325760754e-10,
      2.380607412108783e-05,
      0.382695003233425,
      0.0006058284875532166,
      6.065390793474e-13,
      0.6166753619457989
    ],
    [
      2.8997932651300306e-11,
      0.017921143757570313,
      0.9530878432428682,
      4.855766838413639e-06,
      4.513398493418364e-09,
      0.02898615269032658
    ],
    [
      0.37678351297507656,
      8.61974089094469e-05,
      8.614590983553579e-12,
      4.1523235987203786e-07,
      0.6231298743750188,
      2.083536419630756e-14
    ],
    [
      0.0003669596184797326,
      9.874383184419667e-11,
      3.96894953936713e-05,
      0.6938414469092667,
      1.1598665130861932e-10,
      0.3057519037621293
    ],
    [
      2.3527936160890293e-10,
      0.20383172665947674,
      0.7945489518232828,
      4.328719876255607e-07,
      2.5750499454699255e-06,
      0.0016163133600277935
    ],
    [
      3.5521036183791216e-09,
      0.9299603612484256,
      0.0010381607758638933,
      1.240170201317094e-14,
      0.06900147442288579,
      7.0856889617068e-13
    ],
    [
      0.15296212144075064,
      1.9008240193867047e-06,
      3.8818906924318075e-05,
      0.8395972225067906,
      0.00018616515683704527,
      0.007213771164678031
    ],
    [
      2.761165991227905e-05,
      0.6021791477546512,
      7.414902916392985e-05,
      6.973365946827836e-11,
      0.39771909148240625,
      4.132553333538608e-12
    ],
    [
      7.178812243911917e-11,
      0.0018287744068285136,
      0.8493361227723577,
      5.0657273342341274e-05,
      1.3234360828783328e-10,
      0.14878444534333998
    ],
    [
      1.085887002540127e-11,
      0.002383335519477783,
      0.8850503999271564,
      1.9246271815638182e-05,
      4.58403664434384e-11,
      0.112547018224851
    ],
    [
      6.578907821668366e-05,
      0.5910378089123302,
      0.00016011432032333504,
      8.860295844284221e-10,
      0.40873628674533924,
      5.776103915663728e-11
    ],
    [
      1.8309772203970406e-10,
      0.640184420560305,
      0.3597045557561534,
      9.772234216433725e-09,
      7.068467207569249e-05,
      4.032905613379995e-05
    ],
    [
      0.03796981624598189,
      0.005464497745039436,
      1.8017428395649945e-10,
      8.111911835319145e-10,
      0.956565685017613,
      2.5598634438300424e-16
    ],
    [
      0.6700344591394376,
      4.1128684660423134e-07,
      3.9214229683389174e-07,
      0.3284010295241113,
      0.00143442458188521,
      0.00012928332542232643
    ],
    [
      8.860593643684545e-06,
      2.0732993577714658e-08,
      0.0036334707825201604,
      0.12863929309117977,
      3.906075995193337e-11,
      0.867718354760602
    ],
    [
      0.7082710091412964,
      6.6067953047377165e-06,
      4.173907411522154e-12,
      9.362225053054197e-06,
      0.2917130218336444,
      5.276808520693555e-13
    ],
    [
      5.529563674240026e-09,
      0.035759583107639346,
      0.9400784430294735,
      2.993146914620116e-05,
      4.525591596192306e-07,
      0.02413158430501765
    ],
    [
      4.96655883293116e-05,
      4.047092068773545e-07,
      0.007598138494387518,
      0.20188072504263388,
      2.749729519034908e-09,
      0.7904710634157128
    ],
    [
      0.07567714794871393,
      0.0018776054352152255,
      7.276886700863125e-12,
      5.867498895665987e-10,
      0.9224452460220438,
      1.56493355083684e-17
    ],
    [
      0.026238195120077606,
      8.900177236362034e-14,
      9.738286607645541e-10,
      0.9724743859005615,
      1.2881803585336248e-08,
      0.0012874051236397151
    ],
    [
      5.7693506854294925e-11,
      0.94030353029929,
      0.0583552555849122,
      1.4460951626853846e-11,
      0.0013411472079891246,
      6.683565418070015e-08
    ],
    [
      7.175068949371874e-08,
      1.9482100304860148e-10,
      0.00358494257525379,
      0.023119668438041387,
      1.4698647069666947e-15,
      0.9732953170411929
    ],
    [
      1.7864145856360324e-07,
      1.374678584252698e-08,
      0.010457627863193956,
      0.025109340867205083,
      2.7991196387076615e-13,
      0.9644328388810767
    ],
    [
      6.5326874042447305e-06,
      7.525851934115111e-06,
      0.05267512775453434,
      0.05733465312318976,
      3.718777949699875e-09,
      0.8899761568641595
    ],
    [
      0.087339124656627,
      6.44624280463873e-11,
      1.7779280081627423e-08,
      0.9117295508443845,
      1.3246870089496858e-06,
      0.0009299819682370624
    ],
    [
      1.5920936218933966e-12,
      0.8149366920947025,
      0.18498943554116645,
      5.3404135533917394e-11,
      7.166989678528403e-05,
      2.2024123494625563e-06
    ],
    [
      6.71416457616349e-08,
      0.0008556343694273098,
      0.5952260815003643,
      0.0019526354460747014,
      8.501798648712563e-09,
      0.4019655730406894
    ],
    [
      0.981818578582924,
      2.1400209035877057e-08,
      4.226743200595817e-12,
      0.002237386852523715,
      0.01594401238070209,
      7.794145276798176e-10
    ],
    [
      1.5161401992060275e-08,
      9.471103499430458e-05,
      0.37129664182017746,
      0.002219843870750302,
      1.6777834176348009e-10,
      0.6263887879448978
    ],
    [
      6.3210274650397e-05,
      1.1436646549842241e-05,
      0.03569263458908087,
      0.14968351338993993,
      4.6933483784238066e-08,
      0.8145491581662951
    ],
    [
      6.567264237749766e-07,
      2.5790120735428077e-10,
      0.00172196811509279,
      0.05759093172349128,
      3.8905550792473656e-14,
      0.940686443177052
    ],
    [
      1.9413432183077027e-12,
      0.06754590868250102,
      0.9253458385571942,
      3.229344973373136e-07,
      1.1991268142379643e-08,
      0.007107917832597659
    ],
    [
      3.2495961606586437e-06,
      3.103277359208846e-05,
      0.11363645992867615,
      0.03291561183140566,
      6.740520179631917e-09,
      0.8534136391296452
    ],
    [
      4.8667665412423946e-05,
      0.8961298384946558,
      0.018311207354721134,
      6.82764963275242e-07,
      0.08550849125418933,
      1.1124660577673004e-06
    ],
    [
      1.115008488761329e-09,
      6.542568321551558e-07,
      0.12119677646521922,
      0.00220367826623056,
      3.540346090496633e-14,
      0.8765988898966741
    ],
    [
      0.5600616886497586,
      1.01882550287315e-05,
      2.653908810632343e-13,
      6.095166551053521e-07,
      0.43992751357828835,
      3.944963413467128e-15
    ],
    [
      0.0005477615100606717,
      4.390303728338621e-11,
      1.770835888006613e-05,
      0.7733865942068284,
      1.3648284363798543e-10,
      0.22604793574384488
    ],
    [
      1.9512954224781757e-07,
      8.020649496890873e-09,
      0.008439021021900837,
      0.02726545073685653,
      1.8847439438607267e-13,
      0.9642953250908625
    ],
    [
      4.659385347434108e-08,
      0.06558416304089226,
      0.9172911949437053,
      5.060551961428771e-05,
      4.248560083567783e-06,
      0.017069741341851036
    ],
    [
      0.8467295653597054,
      0.0003212343541940577,
      2.9442412774459707e-06,
      0.010704317223343513,
      0.14223918359456864,
      2.7552269106333828e-06
    ],
    [
      1.959435291713601e-09,
      1.5253155409243786e-06,
      0.13961535249704812,
      0.002390093773822575,
      1.8129494227730638e-13,
      0.8579930264539718
    ],
    [
      9.10545924917225e-09,
      0.22935241599145664,
      0.7685842125696973,
      2.833243432499589e-06,
      1.9526485558732235e-05,
      0.0020410026043956478
    ],
    [
      0.0091003584171659,
      0.06080394900162632,
      1.6585025440757324e-06,
      5.4669218899517876e-08,
      0.9300939793910852,
      1.8359666236863666e-11
    ],
    [
      0.02650709546312632,
      2.2599588405185727e-10,
      3.3569392731529866e-07,
      0.967076463472973,
      2.647200431883294e-07,
      0.006415840423934527
    ],
    [
      0.7936997004905832,
      9.084658201552128e-08,
      1.217986315836213e-16,
      9.743305464988882e-07,
      0.20629923433228783,
      9.540229388268808e-17
    ],
    [
      0.1149311151235325,
      4.77809562628273e-07,
      1.8216930506725576e-05,
      0.8778729313517729,
      6.71406775804582e-05,
      0.007110118107044874
    ],
    [
      0.00010733598964140576,
      0.7924039505912716,
      0.004003796168228715,
      1.728101442490948e-07,
      0.2034846708435682,
      7.35971457640155e-08
    ],
    [
      1.5832223505921558e-05,
      1.380475803073958e-11,
      0.00014567578999261264,
      0.25659897466294446,
      2.663104886243388e-13,
      0.7432395173094859
    ],
    [
      5.880247459625974e-05,
      0.846814781139827,
      0.12691690571394507,
      1.8653586108841703e-05,
      0.026104783453729196,
      8.607363179355389e-05
    ],
    [
      9.770472252595105e-08,
      0.0308686706614029,
      0.9254777461561325,
      0.00018341933216321234,
      1.8488810868530816e-06,
      0.043468217264492036
    ],
    [
      4.277194152590761e-06,
      1.6183085027429749e-09,
      0.0016696340571198632,
      0.11474548425611526,
      2.0535604886614164e-12,
      0.8835806028722502
    ],
    [
      2.1563950571829528e-08,
      3.477092958331969e-08,
      0.025557470547179342,
      0.009765374965293231,
      5.259868511989689e-14,
      0.9646770981525947
    ],
    [
      1.6723746010342472e-06,
      0.6897596146887109,
      0.3074203195126684,
      4.89420660253734e-06,
      0.0026048507100122015,
      0.00020864850740473178
    ],
    [
      0.7793261930270927,
      1.6436451769975147e-07,
      3.8062078822745357e-16,
      1.0289854600290177e-06,
      0.22067261362292898,
      1.9138773866728296e-16
    ],
    [
      3.1861921227465673e-06,
      3.8999417987682035e-11,
      0.00046955660877049077,
      0.12476934168168578,
      6.456104979409927e-14,
      0.8747579154783568
    ],
    [
      1.4207305793013554e-05,
      0.7532436248383774,
      0.0004839794527139029,
      4.768471963071853e-10,
      0.24625818778117242,
      1.450962618441571e-10
    ],
    [
      6.67545994117045e-05,
      0.08793314693229042,
      0.8458650577263523,
      0.004583224078203323,
      0.00031321619973380735,
      0.06123860046400844
    ],
    [
      0.8088361049979064,
      2.0131859779563247e-06,
      2.4284781983198778e-12,
      2.474312724272237e-05,
      0.19113713868510238,
      1.341913317250692e-12
    ],
    [
      0.8478711751418813,
      6.073553822417311e-07,
      3.5989420052147674e-13,
      2.2889682036671562e-05,
      0.1521053278198902,
      4.4970371945705935e-13
    ],
    [
      1.0654564898202274e-07,
      0.8632791307542902,
      0.0002948687385423028,
      1.1816260265854522e-13,
      0.136425893961012,
      3.885654059822313e-13
    ],
    [
      0.1399318409653843,
      0.0020155297314711673,
      6.21413358874859e-09,
      6.515353598799903e-07,
      0.8580519715510614,
      2.5896208838049916e-12
    ],
    [
      9.94118276554833e-09,
      0.9723113478093339,
      0.00999339988214003,
      1.9813964424748835e-11,
      0.017695240140100276,
      2.2074290821588067e-09
    ],
    [
      0.000759895125261774,
      0.16272123554741738,
      2.4307211158075644e-07,
      2.1725974997166598e-11,
      0.8365186262334792,
      4.193814147027745e-15
    ],
    [
      0.412667628497671,
      0.0004514018279230063,
      9.142396331067202e-09,
      2.2372019046580944e-05,
      0.586858588393768,
      1.1919495645487103e-10
    ],
    [
      0.09411860495165926,
      0.008446011316680614,
      3.4767730848712545e-07,
      3.2276552143870195e-06,
      0.8974318081988218,
      2.0031538913021542e-10
    ],
    [
      2.4932666640752013e-10,
      0.9515867079399994,
      0.04607703813712903,
      2.622045825572199e-11,
      0.0023362048749772098,
      4.877234712864686e-08
    ],
    [
      0.001232547199702221,
      0.3764571409417631,
      0.00023038193617776973,
      1.4635445912590246e-07,
      0.622079780561713,
      3.006184750665114e-09
    ],
    [
      0.0016533172098825409,
      7.043946033794361e-05,
      0.02937413443948497,
      0.44577522743320175,
      4.521184627685538e-06,
      0.5231223602724652
    ],
    [
      1.7462994227904492e-08,
      0.6457761927511384,
      0.35375559846548965,
      2.0805418658698015e-07,
      0.00037861771369628597,
      8.936555249499403e-05
    ],
    [
      0.002084363879523605,
      0.09704929744278266,
      1.92726760646063e-07,
      2.0481659676687237e-10,
      0.9008661457460929,
      2.355696283119107e-14
    ],
    [
      0.4458898706135698,
      0.001590170076463578,
      5.688462282416865e-07,
      0.00024668722346334683,
      0.5522726857265527,
      1.7513722264051458e-08
    ],
    [
      0.3149367640690326,
      5.813121563661573e-13,
      1.639557207029527e-11,
      0.6850386428285486,
      4.128483385125392e-06,
      2.046460205647392e-05
    ],
    [
      2.0899463751133576e-12,
      0.3788849070615787,
      0.6208034291087501,
      9.348309909218203e-09,
      1.3498309024827089e-06,
      0.0003103046483688046
    ],
    [
      5.336174288255372e-06,
      0.7208863405886363,
      0.00012652364642612622,
      1.147424201548778e-11,
      0.2789817995768312,
      2.343895756617441e-12
    ],
    [
      1.561079405701908e-07,
      0.0013134385845375888,
      0.6228639217648676,
      0.0024385223560379776,
      2.767618928785076e-08,
      0.3733839335104267
    ],
    [
      0.21721459033889795,
      0.0023000595069726792,
      7.26348431890905e-08,
      9.964926188004261e-06,
      0.780475312396377,
      1.9672093352171652e-10
    ],
    [
      0.007446053767075544,
      0.12115278768987754,
      2.12319449748904e-05,
      3.398670154278055e-07,
      0.8713795860477936,
      6.832627907891571e-10
    ],
    [
      0.001210595547231116,
      5.195944657038938e-06,
      0.007368289450266055,
      0.5241555660960444,
      5.610913589128533e-07,
      0.4672597918704426
    ],
    [
      0.848178097487518,
      1.7925591217143007e-07,
      1.1982169781483285e-14,
      8.352059451229617e-06,
      0.1518133711970865,
      2.006262894904752e-14
    ],
    [
      7.28358893796328e-10,
      0.00021412605510141874,
      0.57671344982422,
      0.0004395910922320486,
      3.258715257599206e-11,
      0.42263283226750026
    ],
    [
      0.001876860352826897,
      0.09666900271180044,
      8.259934933132012e-08,
      5.831637248307603e-11,
      0.9014540542777034,
      3.623261129164761e-15
    ],
    [
      0.9694988350126861,
      6.863449234908712e-08,
      7.30434355706501e-10,
      0.02411679667330014,
      0.006384089023379822,
      2.0992570701243086e-07
    ],
    [
