{
  "dataset": "circles",
  "algorithm": "gmm",
  "params": {
    "n_components": 3,
    "covariance_type": "full"
  },
  "labels": [
    0,
    0,
    0,
    1,
    0,
    1,
    0,
    0,
    0,
    1,
    2,
    1,
    1,
    0,
    0,
    1,
    2,
    2,
    0,
    1,
    2,
    2,
    2,
    0,
    0,
    2,
    2,
    2,
    0,
    0,
    2,
    0,
    1,
    1,
    2,
    0,
    1,
    0,
    1,
    0,
    1,
    0,
    2,
    1,
    2,
    0,
    2,
    2,
    1,
    2,
    0,
    1,
    1,
    1,
    1,
    0,
    1,
    2,
    1,
    0,
    2,
    2,
    0,
    2,
    0,
    2,
    1,
    0,
    2,
    1,
    0,
    0,
    2,
    0,
    0,
    0,
    2,
    0,
    1,
    2,
    1,
    0,
    2,
    1,
    0,
    0,
    1,
    1,
    0,
    0,
    1,
    2,
    0,
    0,
    1,
    0,
    0,
    0,
    1,
    2,
    2,
    1,
    2,
    0,
    0,
    0,
    0,
    2,
    0,
    1,
    1,
    1,
    0,
    2,
    2,
    2,
    2,
    2,
    0,
    2,
    2,
    1,
    0,
    1,
    2,
    2,
    1,
    1,
    1,
    0,
    2,
    0,
    2,
    2,
    1,
    0,
    1,
    2,
    2,
    2,
    0,
    1,
    2,
    0,
    2,
    2,
    2,
    2,
    2,
    1,
    2,
    0,
    2,
    2,
    2,
    0,
    2,
    2,
    1,
    0,
    0,
    0,
    1,
    2,
    1,
    2,
    2,
    2,
    1,
    0,
    2,
    1,
    2,
    0,
    0,
    1,
    1,
    1,
    1,
    0,
    1,
    1,
    1,
    2,
    1,
    1,
    0,
    0,
    2,
    1,
    2,
    0,
    1,
    2,
    0,
    2,
    1,
    0,
    1,
    0,
    1,
    0,
    2,
    1,
    1,
    1,
    2,
    0,
    2,
    0,
    2,
    0,
    0,
    0,
    2,
    0,
    1,
    2,
    0,
    2,
    1,
    2,
    2,
    1,
    1,
    0,
    2,
    1,
    2,
    0,
    0,
    0,
    1,
    2,
    0,
    0,
    0,
    1,
    1,
    1,
    1,
    1,
    1,
    2,
    1,
    0,
    0,
    0,
    0,
    1,
    2,
    0,
    2,
    1,
    2,
    1,
    1,
    1,
    1,
    1,
    0,
    0,
    0,
    0,
    1,
    2,
    1,
    0,
    1,
    0,
    1,
    1,
    2,
    2,
    0,
    0,
    1,
    1,
    2,
    0,
    0,
    2,
    1,
    2,
    1,
    1,
    0,
    1,
    1,
    0,
    0,
    0,
    1,
    0,
    0,
    1,
    0,
    1,
    2,
    2,
    1,
    2,
    0,
    1,
    1,
    1,
    2,
    2,
    0,
    0,
    0,
    2,
    1,
    1,
    0,
    2,
    1,
    0,
    0,
    0,
    1,
    1,
    0,
    2,
    0,
    2,
    0,
    2,
    1,
    1,
    1,
    2,
    2,
    2,
    1,
    1,
    1,
    0,
    2,
    0,
    0,
    2,
    2,
    1,
    1,
    2,
    2,
    1,
    1,
    2,
    2,
    1,
    2,
    2,
    1,
    0,
    2,
    1,
    2,
    1,
    0,
    2,
    2,
    0,
    0,
    2,
    2,
    0,
    1,
    1,
    2,
    1,
    2,
    2,
    2,
    1,
    1,
    1,
    0,
    1,
    1,
    2,
    2,
    0,
    1,
    0,
    0,
    2,
    1,
    2,
    0,
    2,
    1,
    2,
    2,
    1,
    1,
    0,
    2,
    1,
    2,
    2,
    1,
    2,
    2,
    2,
    0,
    0,
    2,
    1,
    1,
    0,
    2,
    1,
    1,
    0,
    2,
    0,
    0,
    1,
    2,
    1,
    2,
    0,
    1,
    0,
    1,
    0,
    2,
    1,
    0,
    0,
    0,
    2,
    0,
    0,
    2,
    2,
    2,
    0,
    0,
    1,
    2,
    1,
    0,
    2,
    1,
    0,
    2,
    0,
    2,
    0,
    0,
    0,
    2,
    1,
    1,
    1,
    2,
    1,
    1,
    0,
    0,
    0,
    2,
    2,
    2,
    0,
    1,
    1,
    2,
    1,
    1,
    1,
    0,
    1,
    0,
    2,
    0,
    1,
    1,
    1,
    0,
    0,
    0,
    0,
    1,
    0,
    2,
    2,
    0,
    2,
    2,
    1,
    0,
    0,
    2,
    0,
    1,
    0
  ],
  "means": [
    {
      "x": -0.3318933755210404,
      "y": 0.5446565472559456
    },
    {
      "x": -0.28535695399939554,
      "y": -0.5759768905481664
    },
    {
      "x": 0.6718489032348448,
      "y": 0.02862681948497577
    }
  ],
  "probabilities": [
    [
      0.9823910341179509,
      0.017606479334583158,
      2.4865474662598878e-06
    ],
    [
      0.9969025684877194,
      3.958895925652642e-09,
      0.0030974275533848395
    ],
    [
      0.6670695101598022,
      0.3329232120367014,
      7.2778034962899716e-06
    ],
    [
      0.0008003592527640936,
      0.9991994088297734,
      2.3191746245192578e-07
    ],
    [
      0.9996892658385752,
      0.00031071969136882817,
      1.4470056042560646e-08
    ],
    [
      0.024960207127891938,
      0.9750348778835946,
      4.914988513409228e-06
    ],
    [
      0.8009622278782856,
      0.1990325503471345,
      5.221774580006241e-06
    ],
    [
      0.8257460369728891,
      0.1742539626526148,
      3.7449622742434885e-10
    ],
    [
      0.9994876579307111,
      1.0860805281618475e-07,
      0.0005122334612361256
    ],
    [
      2.6758170157409953e-06,
      0.9720845534978688,
      0.02791277068511564
    ],
    [
      0.0002550618126562824,
      4.3440939430671186e-07,
      0.9997445037779494
    ],
    [
      2.847837997336221e-10,
      0.9545484415074489,
      0.04545155820776748
    ],
    [
      0.0005052727235649079,
      0.9993295418455153,
      0.00016518543091974624
    ],
    [
      0.9999666184527114,
      3.30396602337124e-05,
      3.418870550385198e-07
    ],
    [
      0.7561872223709742,
      0.2436690317503148,
      0.0001437458787110233
    ],
    [
      0.07800264732828821,
      0.9219904715867837,
      6.88108492804459e-06
    ],
    [
      0.00018378951765144304,
      0.001698781971366776,
      0.9981174285109818
    ],
    [
      0.11439796000443941,
      1.5902389199966148e-10,
      0.8856020398365367
    ],
    [
      0.859441734963021,
      0.00014303922374300142,
      0.14041522581323593
    ],
    [
      0.0031518457700772584,
      0.9963582851354424,
      0.0004898690944804471
    ],
    [
      0.0001145508616616358,
      0.006562516569030008,
      0.9933229325693085
    ],
    [
      7.415366971594785e-05,
      0.0004979933671355817,
      0.9994278529631485
    ],
    [
      0.48580347261337953,
      1.631023916894437e-05,
      0.5141802171474518
    ],
    [
      0.9963602375304259,
      0.003604080920805101,
      3.568154876913417e-05
    ],
    [
      0.9999698368780631,
      2.9290440504586274e-06,
      2.7234077886483782e-05
    ],
    [
      0.0036402742588816793,
      0.07962833284392115,
      0.916731392897197
    ],
    [
      0.0009421687204659618,
      0.008905626566233296,
      0.9901522047133008
    ],
    [
      2.3928823176163638e-09,
      0.43429591376552285,
      0.5657040838415947
    ],
    [
      0.9998336415865398,
      0.00016635324265945858,
      5.170800972684619e-09
    ],
    [
      0.9996444809195894,
      0.00031786028037661927,
      3.765880003412497e-05
    ],
    [
      8.520602576264019e-06,
      0.08747342048039781,
      0.9125180589170258
    ],
    [
      0.999580973887831,
      0.0004112594203267835,
      7.766691842299419e-06
    ],
    [
      1.982522953459552e-05,
      0.8518711696419236,
      0.1481090051285418
    ],
    [
      2.9633651085653694e-06,
      0.9999752571761659,
      2.1779458725765736e-05
    ],
    [
      0.00023599925427309547,
      5.986560446136982e-07,
      0.9997634020896825
    ],
    [
      0.998013481920626,
      0.0018597707900511711,
      0.00012674728932294394
    ],
    [
      0.005079549233829387,
      0.9949192700964595,
      1.1806697111000627e-06
    ],
    [
      0.9973848331340182,
      4.637521130695467e-09,
      0.0026151622284607363
    ],
    [
      1.5545431630570187e-08,
      0.6109019104119199,
      0.3890980740426485
    ],
    [
      0.9926867433933245,
      3.8435768453282564e-10,
      0.007313256222317595
    ],
    [
      0.054414855068227255,
      0.9455619924280777,
      2.3152503695010883e-05
    ],
    [
      0.9992313446820046,
      0.0007686546351038707,
      6.828917155949047e-10
    ],
    [
      0.0007378666856883672,
      0.008457223977189982,
      0.9908049093371216
    ],
    [
      9.069164732185233e-09,
      0.9994393725965491,
      0.0005606183342863363
    ],
    [
      0.09500516448554952,
      1.498818298850223e-08,
      0.9049948205262675
    ],
    [
      0.9994251817174247,
      2.42230290402196e-08,
      0.0005747940595463221
    ],
    [
      3.495954408742984e-05,
      1.9693915913692405e-06,
      0.9999630710643211
    ],
    [
      0.0018283170177908188,
      6.249270335684971e-09,
      0.9981716767329392
    ],
    [
      0.0001472151875456759,
      0.9998345519151044,
      1.8232897349993107e-05
    ],
    [
      0.023641700760545663,
      8.575990173064366e-09,
      0.9763582906634644
    ],
    [
      0.99999172786073,
      8.843989163348814e-08,
      8.183699378524528e-06
    ],
    [
      2.33237592855544e-06,
      0.9999678658780259,
      2.9801746045530662e-05
    ],
    [
      0.3422774017822615,
      0.6577225981409858,
      7.675288744149559e-11
    ],
    [
      0.0031587639704662427,
      0.9968280787636552,
      1.3157265878578436e-05
    ],
    [
      7.596556081209879e-09,
      0.9926464621423571,
      0.0073535302610870275
    ],
    [
      0.9809942181101898,
      4.376977250613836e-11,
      0.019005781846040442
    ],
    [
      0.00712793781892658,
      0.9928720571210564,
      5.060017099295967e-09
    ],
    [
      0.00742549203337969,
      3.8392675584162946e-08,
      0.9925744695739448
    ],
    [
      4.321928952719666e-09,
      0.9310000168624427,
      0.06899997881562822
    ],
    [
      0.9999927256150315,
      9.912636465313357e-08,
      7.175258603977506e-06
    ],
    [
      0.000217750088875306,
      0.006553838209322547,
      0.9932284117018023
    ],
    [
      0.010709564680043861,
      0.0005254431008110675,
      0.9887649922191453
    ],
    [
      0.9991740928661439,
      4.013201872418631e-05,
      0.0007857751151319337
    ],
    [
      1.646709638875483e-05,
      0.08986752297995079,
      0.9101160099236605
    ],
    [
      0.9999969380930253,
      8.065556431118778e-07,
      2.2553513318080586e-06
    ],
    [
      0.4661204538250436,
      4.971456780852931e-11,
      0.533879546125242
    ],
    [
      1.4899105362109908e-05,
      0.7320839883732169,
      0.2679011125214211
    ],
    [
      0.8826402308485917,
      4.926681462687809e-10,
      0.11735976865874015
    ],
    [
      9.220470598101269e-08,
      0.00047696470804793855,
      0.9995229430872463
    ],
    [
      0.05789684224538103,
      0.9420974140879805,
      5.743666638283572e-06
    ],
    [
      0.9857992789932654,
      0.01405910459251983,
      0.00014161641421487272
    ],
    [
      0.9987342292897794,
      0.00088315124265389,
      0.0003826194675669065
    ],
    [
      0.15619027482641584,
      1.1665686751424758e-05,
      0.8437980594868327
    ],
    [
      0.627259854132496,
      4.40223561576109e-08,
      0.37274010184514805
    ],
    [
      0.9913661417505348,
      6.422771615294981e-06,
      0.008627435477849823
    ],
    [
      0.7245655868465533,
      2.7444913571821063e-07,
      0.27543413870431127
    ],
    [
      0.08384443043639749,
      3.425754399207133e-06,
      0.9161521438092032
    ],
    [
      0.9996746370575837,
      1.0535867791833784e-07,
      0.000325257583738477
    ],
    [
      6.326423735605879e-06,
      0.9414043229592227,
      0.0585893506170417
    ],
    [
      1.1165373069825018e-05,
      0.27494681135011806,
      0.7250420232768122
    ],
    [
      0.012082779415015973,
      0.9879172205791333,
      5.850738887188559e-12
    ],
    [
      0.9999954833777716,
      7.051115813816781e-07,
      3.811510647098254e-06
    ],
    [
      0.0016962366741825755,
      0.004550483650174267,
      0.9937532796756434
    ],
    [
      6.603606316975184e-07,
      0.9998876929527948,
      0.00011164668657332346
    ],
    [
      0.9889676774926444,
      3.474279532086618e-06,
      0.011028848227823723
    ],
    [
      0.9999899026616934,
      9.499649481515585e-06,
      5.976888253557173e-07
    ],
    [
      4.194719019772737e-07,
      0.9997431212330022,
      0.0002564592950959457
    ],
    [
      0.014030620987313879,
      0.9852211127372027,
      0.0007482662754833822
    ],
    [
      0.9732566123761766,
      1.3608203024747576e-05,
      0.026729779420798704
    ],
    [
      0.7348973098289726,
      1.3900599004953369e-06,
      0.26510130011112687
    ],
    [
      0.46304364393223946,
      0.5369550916839988,
      1.264383761942555e-06
    ],
    [
      3.976841986347748e-06,
      0.013031322882523821,
      0.98696470027549
    ],
    [
      0.9904726562061857,
      0.009526052759626024,
      1.2910341883193479e-06
    ],
    [
      0.9976791075968838,
      8.22448295763256e-06,
      0.0023126679201587123
    ],
    [
      0.0009373076625013439,
      0.998768511011721,
      0.000294181325777796
    ],
    [
      0.9813937810455537,
      0.018555363423213768,
      5.0855531232849106e-05
    ],
    [
      0.9998823219381261,
      0.0001137552815137766,
      3.922780360483263e-06
    ],
    [
      0.9968732239509283,
      1.1009224313631595e-07,
      0.0031266659568287675
    ],
    [
      2.791465142074741e-06,
      0.9533954300017017,
      0.0466017785331563
    ],
    [
      0.0007452575127038219,
      8.144352289106504e-08,
      0.9992546610437735
    ],
    [
      7.360287422062326e-06,
      7.86536790181312e-06,
      0.9999847743446761
    ],
    [
      4.1525914165459145e-05,
      0.9939571595351365,
      0.006001314550698189
    ],
    [
      0.023762837354171503,
      1.2581653239192666e-08,
      0.9762371500641754
    ],
    [
      0.9992388443518198,
      4.906554200603057e-06,
      0.0007562490939796682
    ],
    [
      0.9996529625669194,
      0.0001735609992763403,
      0.00017347643380435425
    ],
    [
      0.8798139190965698,
      2.8229335656567424e-13,
      0.12018608090314777
    ],
    [
      0.7079000902032865,
      3.196061532806416e-06,
      0.29209671373518076
    ],
    [
      1.7842376177558576e-08,
      0.02679106613701412,
      0.97320891602061
    ],
    [
      0.999639948967938,
      0.0002448523880186099,
      0.00011519864404347906
    ],
    [
      0.15184400766019576,
      0.8481559765196188,
      1.5820185497925888e-08
    ],
    [
      0.14141674230128243,
      0.858583257689984,
      8.733467997779857e-12
    ],
    [
      0.00019636521038345517,
      0.9993078552195749,
      0.0004957795700416092
    ],
    [
      0.9993353775323749,
      0.00014088407916504114,
      0.0005237383884601108
    ],
    [
      0.011504755482567965,
      2.701943933723938e-09,
      0.9884952418154881
    ],
    [
      4.074196496448947e-06,
      0.06611074651826362,
      0.9338851792852398
    ],
    [
      0.06154561616776302,
      9.643834084105314e-06,
      0.9384447399981529
    ],
    [
      1.6876017634313107e-05,
      6.219934756338885e-06,
      0.9999769040476095
    ],
    [
      8.70907337055408e-08,
      0.010626482359061854,
      0.9893734305502044
    ],
    [
      0.8504355598017622,
      0.1495644398377969,
      3.6044095934015563e-10
    ],
    [
      0.3446140527386591,
      2.335108966486618e-09,
      0.6553859449262318
    ],
    [
      9.002588007016918e-08,
      0.2379479968350907,
      0.7620519131390292
    ],
    [
      9.323278122990558e-08,
      0.9999542717415715,
      4.563502564762412e-05
    ],
    [
      0.9653431836052349,
      9.537961820776136e-05,
      0.03456143677655723
    ],
    [
      0.00015998306684480962,
      0.9998384015608656,
      1.6153722897151054e-06
    ],
    [
      6.802190520997183e-07,
      0.000686418768242461,
      0.9993129010127056
    ],
    [
      1.8937914205305955e-07,
      0.0009105941749488074,
      0.9990892164459091
    ],
    [
      0.0002738606670016709,
      0.9997209778484221,
      5.1614845761658774e-06
    ],
    [
      1.93882746021272e-08,
      0.7827420441981968,
      0.21725793641352875
    ],
    [
      0.22903499534304203,
      0.7709650045794015,
      7.755651397021666e-11
    ],
    [
      0.998808441251144,
      8.114661687943534e-05,
      0.001110412131976514
    ],
    [
      0.0267618860857413,
      5.148815285574811e-08,
      0.9732380624261058
    ],
    [
      0.970154393150956,
      0.02984560481073225,
      2.0383119102166826e-09
    ],
    [
      2.684361642573877e-06,
      0.02833385981395417,
      0.9716634558244034
    ],
    [
      0.03237393007717443,
      1.1227804757726472e-06,
      0.9676249471423498
    ],
    [
      0.4041284616439992,
      0.5958715383506716,
      5.329230420801684e-12
    ],
    [
      0.9811906927194686,
      3.522813938115907e-10,
      0.018809306928250117
    ],
    [
      1.9031845394326943e-09,
      0.9824375382801227,
      0.017562459816692823
    ],
    [
      0.014566026480241741,
      1.3319513751987926e-10,
      0.9854339733865634
    ],
    [
      0.005523558178338477,
      1.2727227569571463e-08,
      0.994476429094434
    ],
    [
      0.004747975160194738,
      7.866661726386116e-06,
      0.995244158178079
    ],
    [
      0.9917296784065811,
      7.408190322574207e-08,
      0.008270247511515708
    ],
    [
      1.2612301439132022e-10,
      0.8714148137551867,
      0.12858518611869038
    ],
    [
      6.16264770445404e-05,
      0.00034022378338915434,
      0.9995981497395664
    ],
    [
      0.9996312943732126,
      0.00036844926669195175,
      2.563600955585624e-07
    ],
    [
      6.502595393291467e-05,
      3.3965515479786126e-05,
      0.9999010085305875
    ],
    [
      0.016003662374108465,
      1.8132367334300193e-05,
      0.9839782052585573
    ],
    [
      0.026289726263887564,
      3.592004359209673e-10,
      0.9737102733769122
    ],
    [
      4.574385348156713e-09,
      0.048562723462177895,
      0.9514372719634365
    ],
    [
      0.0020422433445227146,
      2.295783706039075e-05,
      0.9979347988184172
    ],
    [
      0.00021306165703642747,
      0.9976719339142077,
      0.0021150044287559754
    ],
    [
      0.00018584019296563663,
      1.9590088021295294e-07,
      0.9998139639061544
    ],
    [
      0.9373197731403847,
      0.06268022680228336,
      5.733188431525524e-11
    ],
    [
      0.43271611655405995,
      1.5523153730358107e-09,
      0.5672838818936247
    ],
    [
      0.006726545672649152,
      7.715132676676715e-09,
      0.9932734466122182
    ],
    [
      1.0669559089349885e-05,
      0.06341399583483662,
      0.9365753346060739
    ],
    [
      0.9752284892260623,
      0.024597006299753147,
      0.00017450447418470728
    ],
    [
      0.00015601325859311265,
      4.964880458995057e-07,
      0.9998434902533611
    ],
    [
      1.731526471202224e-06,
      0.3050307568254351,
      0.6949675116480937
    ],
    [
      0.03160188634167126,
      0.9683976757023611,
      4.379559677528852e-07
    ],
    [
      0.9562672130137108,
      8.89269047071679e-08,
      0.04373269805938456
    ],
    [
      0.9860181750592136,
      0.013981824939015463,
      1.7711146514309122e-12
    ],
    [
      0.9647523077131805,
      3.409560000909372e-05,
      0.03521359668681027
    ],
    [
      0.0003440284593446619,
      0.9993408076299162,
      0.00031516391073925764
    ],
    [
      0.13279116544414302,
      6.067667620672833e-11,
      0.8672088344951802
    ],
    [
      0.0004425534236010046,
      0.9670808074401858,
      0.03247663913621326
    ],
    [
      2.3080776437502396e-05,
      0.023633042390241443,
      0.9763438768333211
    ],
    [
      0.0345041906058393,
      3.901427591351776e-09,
      0.9654958054927331
    ],
    [
      0.0018240930154141384,
      1.9121255987398636e-08,
      0.9981758878633299
    ],
    [
      4.200408334382631e-05,
      0.8766286814135303,
      0.12332931450312568
    ],
    [
      0.9841144340930624,
      0.015885565903774764,
      3.1627452678512254e-12
    ],
    [
      0.06626487350325783,
      9.045031217305754e-11,
      0.933735126406292
    ],
    [
      7.229407046864373e-05,
      0.9999115740996665,
      1.6131829864989412e-05
    ],
    [
      0.002019030953073725,
      0.0840724047878227,
      0.9139085642591035
    ],
    [
      0.9856410765553397,
      0.014358920057033493,
      3.3876268907234755e-09
    ],
    [
      0.9906733882299096,
      0.009326610447384654,
      1.3227059140127064e-09
    ],
    [
      1.9362976043880446e-06,
      0.9999913990843372,
      6.6646180586255395e-06
    ],
    [
      0.4962549251383948,
      0.5037450364172604,
      3.844434459526821e-08
    ],
    [
      1.560981771852422e-07,
      0.9990673343847759,
      0.0009325095170468801
    ],
    [
      0.005507416888882644,
      0.9944925782750781,
      4.836039346414989e-09
    ],
    [
      0.8339384625246568,
      0.1660612526943206,
      2.847810225419185e-07
    ],
    [
      0.30818916059820944,
      0.6918096736424455,
      1.1657593449319372e-06
    ],
    [
      6.9583815740476916e-09,
      0.9892621418412635,
      0.010737851200354849
    ],
    [
      0.002934593764874961,
      0.9970445530412818,
      2.0853193843249505e-05
    ],
    [
      0.08433693822740569,
      0.0001985353791710711,
      0.9154645263934231
    ],
    [
      1.0351493405790848e-06,
      0.8310574088952243,
      0.16894155595543536
    ],
    [
      0.011984546562339434,
      0.9880154445632969,
      8.87436348831317e-09
    ],
    [
      0.8113840851974441,
      0.18860473128293812,
      1.1183519617705017e-05
    ],
    [
      0.9994653848209091,
      1.3190737119787041e-08,
      0.00053460198835384
    ],
    [
      8.485739551961723e-10,
      0.39284359591058166,
      0.6071564032408443
    ],
    [
      4.27730417099205e-05,
      0.999954727501637,
      2.4994566528489873e-06
    ],
    [
      8.854936934351035e-05,
      0.0005532450592685638,
      0.9993582055713879
    ],
    [
      0.5994459750554147,
      0.4005532893364163,
      7.356081688767633e-07
    ],
    [
      0.019457935305100024,
      0.9805369994849323,
      5.065209967774662e-06
    ],
    [
      0.125485173440403,
      2.714281452059808e-05,
      0.8744876837450765
    ],
    [
      0.9914839527127652,
      0.008516047171891918,
      1.1534295478386556e-10
    ],
    [
      8.560725201714516e-06,
      6.53992981103051e-05,
      0.999926039976688
    ],
    [
      0.012684354083446897,
      0.9873156432159886,
      2.700564630288701e-09
    ],
    [
      0.9998213725649989,
      0.00016590893898361673,
      1.2718496017382735e-05
    ],
    [
      0.006626468272853067,
      0.9933735210053743,
      1.0721772808966704e-08
    ],
    [
      0.6573059344673509,
      0.34269335595062506,
      7.095820241461111e-07
    ],
    [
      4.008800002303967e-06,
      0.7077120457374527,
      0.292283945462545
    ],
    [
      0.9999479979355695,
      1.3426125764393972e-06,
      5.065945185405193e-05
    ],
    [
      3.0271129232047594e-07,
      0.0010152025953333564,
      0.9989844946933744
    ],
    [
      0.0006141056012524119,
      0.9993858372682058,
      5.713054182702186e-08
    ],
    [
      0.00024060254758045738,
      0.9997586525642398,
      7.448881798562164e-07
    ],
    [
      2.875893649336402e-10,
      0.8897011458631143,
      0.11029885384929601
    ],
    [
      1.1175954012992868e-07,
      0.0004141394727333578,
      0.9995857487677263
    ],
    [
      0.9998626803106773,
      5.7369285265625906e-05,
      7.995040405714421e-05
    ],
    [
      8.905368900355655e-05,
      0.03397861519528503,
      0.9659323311157113
    ],
    [
      0.9601930296032618,
      0.03980572758563326,
      1.2428111049040336e-06
    ],
    [
      0.004222232900189921,
      0.0002232622739948831,
      0.9955545048258153
    ],
    [
      0.9284079692311885,
      0.07159203062018872,
      1.4862286034238776e-10
    ],
    [
      0.7423982482012361,
      0.00018346268107627707,
      0.25741828911768755
    ],
    [
      0.8995968458124236,
      2.121430691307397e-05,
      0.10038193988066327
    ],
    [
      0.0002050685259900434,
      6.146725778637247e-06,
      0.9997887847482314
    ],
    [
      0.8739454135502795,
      0.12599517917359998,
      5.9407276120419886e-05
    ],
    [
      0.049250966277571515,
      0.9507367195804418,
      1.2314141986750227e-05
    ],
    [
      2.4101251078541152e-08,
      0.010369285761528867,
      0.9896306901372202
    ],
    [
      0.9911550303300922,
      0.008838223740585169,
      6.745929322821656e-06
    ],
    [
      2.2072675748967973e-07,
      0.017404617735911322,
      0.9825951615373312
    ],
    [
      0.12625356542363728,
      0.8737438092844156,
      2.625291946824935e-06
    ],
    [
      0.036266099246714915,
      1.2758706069599306e-06,
      0.9637326248826782
    ],
    [
      0.21132732853388744,
      4.171777018696998e-12,
      0.7886726714619406
    ],
    [
      2.6644404851264294e-08,
      0.9574726840195416,
      0.04252728933605381
    ],
    [
      0.028346869036169668,
      0.9716531282249126,
      2.7389179769400736e-09
    ],
    [
      0.9037854685815457,
      0.0962132425390241,
      1.2888794301517101e-06
    ],
    [
      1.9581726058896942e-05,
      2.342140948440202e-05,
      0.9999569968644567
    ],
    [
      0.00035526334992924625,
      0.9912934008445187,
      0.008351335805552262
    ],
    [
      0.45549351104310126,
      2.30339357427027e-06,
      0.5445041855633246
    ],
    [
      0.9756682609801125,
      6.544623976469932e-09,
      0.024331732475263587
    ],
    [
      0.9810693883844777,
      0.018930611218966935,
      3.9655568038387096e-10
    ],
    [
      0.999839094106743,
      0.000160487671478499,
      4.1822177854387926e-07
    ],
    [
      1.7032968765135026e-05,
      0.9438800475369106,
      0.056102919494324215
    ],
    [
      0.0016121380266780015,
      8.783189022042258e-08,
      0.9983877741414316
    ],
    [
      0.843187789942832,
      0.1567943549799655,
      1.785507720267302e-05
    ],
    [
      0.9952741930341338,
      0.004723363840466093,
      2.443125400404078e-06
    ],
    [
      0.9997506015368746,
      0.00013836630663932698,
      0.00011103215648625717
    ],
    [
      0.000363019347409492,
      0.9996365772754346,
      4.03377155722845e-07
    ],
    [
      0.002150493638526984,
      0.997849435591327,
      7.077014594135304e-08
    ],
    [
      1.5940071189357271e-06,
      0.9999722901199976,
      2.6115872883539453e-05
    ],
    [
      0.001998591210532681,
      0.9980003586407261,
      1.0501487411558888e-06
    ],
    [
      2.683441721924255e-07,
      0.9995669646714864,
      0.00043276698434148214
    ],
    [
      7.78548699213488e-06,
      0.9649040018122866,
      0.03508821270072128
    ],
    [
      0.0001314001883380281,
      3.6472081546371633e-07,
      0.9998682350908464
    ],
    [
      0.08166221085850585,
      0.9183320057944675,
      5.783347026486133e-06
    ],
    [
      0.999076975642409,
      0.0009218018799420674,
      1.2224776490296416e-06
    ],
    [
      0.9999914473874139,
      2.648265325033342e-07,
      8.28778605338497e-06
    ],
    [
      0.5403268457705578,
      1.1457772622881209e-11,
      0.45967315421798427
    ],
    [
      0.9813585251493067,
      7.936185688904653e-06,
      0.018633538665004515
    ],
    [
      0.00010672850652406867,
      0.9998919752505959,
      1.2962428800104127e-06
    ],
    [
      3.783273070706849e-05,
      0.0951524688029365,
      0.9048096984663562
    ],
    [
      0.6136696457431831,
      1.4591182079708897e-06,
      0.38632889513860896
    ],
    [
      1.4374590248167391e-05,
      0.04375326278743564,
      0.9562323626223163
    ],
    [
      8.08947144816364e-10,
      0.9633130956693339,
      0.03668690352171919
    ],
    [
      0.4630221313365585,
      7.188728517277032e-05,
      0.5369059813782687
    ],
    [
      0.0003778697274820923,
      0.9994923345765205,
      0.00012979569599737636
    ],
    [
      0.003843154439247922,
      0.9961568428947283,
      2.666023870911857e-09
    ],
    [
      0.062131534575487576,
      0.937868441403737,
      2.4020775528907895e-08
    ],
    [
      0.004165655213200935,
      0.9958343446341733,
      1.5262615353375247e-10
    ],
    [
      0.0002333156404215741,
      0.697952047991913,
      0.30181463636766553
    ],
    [
      0.5387035552698962,
      1.03467133525366e-05,
      0.4612860980167512
    ],
    [
      0.5610021059445651,
      0.4389978940104933,
      4.4941437775206985e-11
    ],
    [
      0.9560776421710946,
      0.04391526660293605,
      7.09122596940019e-06
    ],
    [
      0.9995116073979445,
      0.0004883870724100154,
      5.5296454193864765e-09
    ],
    [
      0.028314081128007124,
      0.9716859051096072,
      1.37623859091094e-08
    ],
    [
      2.927242101343543e-06,
      3.995590018586926e-05,
      0.9999571168577128
    ],
    [
      7.322224529187329e-05,
      0.8220134288559755,
      0.1779133488987326
    ],
    [
      0.9993976703992898,
      0.0006022968469057929,
      3.275380426782904e-08
    ],
    [
      0.0015559707725291032,
      0.9984267575077519,
      1.7271719719027297e-05
    ],
    [
      0.6801888242137211,
      0.3198111757857888,
      4.898883584309455e-13
    ],
    [
      3.6664291119580525e-08,
      0.9989733080736615,
      0.0010266552620474818
    ],
    [
      4.195142740060684e-09,
      0.9054433516696186,
      0.09455664413523861
    ],
    [
      1.768610457595132e-06,
      2.446468263629638e-05,
      0.9999737667069061
    ],
    [
      0.3862851276993913,
      0.0002551400877879042,
      0.6134597322128208
    ],
    [
      0.6350683569238212,
      5.5929405049915484e-08,
      0.36493158714677365
    ],
    [
      0.9126341767436977,
      0.08725842928382149,
      0.00010739397248087203
    ],
    [
      0.12061775405311098,
      0.8793626747395361,
      1.9571207352969657e-05
    ],
    [
      0.20250902247667382,
      0.7974909554220911,
      2.2101234879582536e-08
    ],
    [
      0.016417305760137862,
      1.3773325985817128e-05,
      0.9835689209138764
    ],
    [
      0.8307807083644295,
      0.16921929147763154,
      1.579389914330762e-10
    ],
    [
      0.7531356353467332,
      2.0761435006711383e-07,
      0.24686415703891681
    ],
    [
      1.1731458697681156e-06,
      0.1927506423415202,
      0.80724818451261
    ],
    [
      0.0021841450262456894,
      0.9976772836599065,
      0.00013857131384787804
    ],
    [
      6.153618850063074e-09,
      0.11139681789790626,
      0.8886031759484749
    ],
    [
      0.32589264828742825,
      0.6741073511658523,
      5.467194528829977e-10
    ],
    [
      0.0001476603248938663,
      0.9996975921126068,
      0.00015474756249934577
    ],
    [
      0.8592057596493801,
      5.086122597924819e-06,
      0.1407891542280221
    ],
    [
      2.4831767477085373e-05,
      0.990572771899021,
      0.009402396333501699
    ],
    [
      0.07506363778465257,
      0.9249343885051036,
      1.973710243967784e-06
    ],
    [
      0.8911121381177277,
      3.104989331100476e-05,
      0.1088568119889613
    ],
    [
      0.9955884855480356,
      0.0044008423878791015,
      1.067206408536562e-05
    ],
    [
      0.9414989412868141,
      3.235699400858632e-06,
      0.05849782301378508
    ],
    [
      0.009428095774022581,
      0.990570172241773,
      1.7319842044210552e-06
    ],
    [
      0.9997172939533672,
      0.0002692614274425161,
      1.3444619190614204e-05
    ],
    [
      0.9706286984153313,
      0.029371300904618664,
      6.800501607971543e-10
    ],
    [
      1.3133249368947927e-06,
      0.9997512672685707,
      0.00024741940649265683
    ],
    [
      0.9623948483710026,
      4.2201596202503485e-06,
      0.03760093146937725
    ],
    [
      1.7502142081869195e-05,
      0.9893488380330588,
      0.010633659824859223
    ],
    [
      2.600662764606243e-05,
      0.004231164456433963,
      0.99574282891592
    ],
    [
      7.741245849735853e-05,
      0.027201016972030943,
      0.9727215705694718
    ],
    [
      0.0011932097403424497,
      0.9975967573834897,
      0.0012100328761679743
    ],
    [
      9.831938938797216e-09,
      0.013116478175498771,
      0.9868835119925622
    ],
    [
      0.9781601212778436,
      2.4209012213704436e-08,
      0.021839854513144366
    ],
    [
      7.77192275348776e-06,
      0.999991346928085,
      8.811491614677699e-07
    ],
    [
      0.11281864777802689,
      0.8871813519487893,
      2.7318368601158224e-10
    ],
    [
      4.565299542765163e-08,
      0.9573520250962652,
      0.042647929250739444
    ],
    [
      0.0015757415519090494,
      4.725095719197777e-06,
      0.9984195333523719
    ],
    [
      6.286415655408777e-07,
      0.0012949219500410396,
      0.9987044494083934
    ],
    [
      0.8513845255271212,
      0.14861547446877182,
      4.106993526416745e-12
    ],
    [
      0.7988413060777576,
      0.20115869389771815,
      2.452422933283984e-11
    ],
    [
      0.9952087955833052,
      0.004758469338860243,
      3.273507783450668e-05
    ],
    [
      2.392530260131178e-07,
      0.03202099132171895,
      0.9679787694252551
    ],
    [
      0.01051215063825864,
      0.9894823721619814,
      5.47719975983749e-06
    ],
    [
      0.01913692764494339,
      0.980848821483779,
      1.4250871277583202e-05
    ],
    [
      0.6943819429246066,
      0.30561805695731714,
      1.1807630472822257e-10
    ],
    [
      0.3436224588573911,
      5.979084535062274e-07,
      0.6563769432341552
    ],
    [
      0.02322466059310369,
      0.9765123760473444,
      0.0002629633595520344
    ],
    [
      0.9962030804749837,
      0.0037969167581386244,
      2.766877843921655e-09
    ],
    [
      0.8064058538818074,
      0.1935704432060814,
      2.3702912111250418e-05
    ],
    [
      0.9994266810049529,
      0.00012438051740907525,
      0.0004489384776381976
    ],
    [
      0.12087692177269872,
      0.8791230781941616,
      3.313961720966934e-11
    ],
    [
      4.85565159601025e-06,
      0.8601110381882794,
      0.1398841061601246
    ],
    [
      0.5799669929134486,
      2.0122905654305427e-10,
      0.42003300688532225
    ],
    [
      6.04703367808735e-05,
      0.4604558691733033,
      0.5394836604899158
    ],
    [
      0.9982828420214567,
      2.2712983514273362e-09,
      0.0017171557072452601
    ],
    [
      0.06962889967698131,
      2.630118271364543e-07,
      0.9303708373111916
    ],
    [
      0.9999748234110392,
      2.4628407488591273e-05,
      5.481814722790435e-07
    ],
    [
      9.309330942257256e-07,
      0.00037086214093967043,
      0.9996282069259662
    ],
    [
      1.879047907399464e-07,
      0.9995257160859308,
      0.00047409600927854687
    ],
    [
      0.2808327659088576,
      0.7191658734877123,
      1.3606034303011686e-06
    ],
    [
      9.072987308967162e-05,
      0.9999084261671903,
      8.439597201636672e-07
    ],
    [
      0.001424452538596557,
      4.7538849692696233e-07,
      0.9985750720729066
    ],
    [
      0.2045504308167499,
      1.9779639619294783e-11,
      0.7954495691634704
    ],
    [
      0.029576681118819254,
      1.360286950342991e-09,
      0.9704233175208938
    ],
    [
      1.4745073592403742e-05,
      0.9999637249699908,
      2.1529956416958563e-05
    ],
    [
      0.04188154503468382,
      0.9581184548757802,
      8.953586943788588e-11
    ],
    [
      0.003237384093453398,
      0.9965927525986197,
      0.00016986330792681216
    ],
    [
      0.9996810363677366,
      0.00031784999194037276,
      1.1136403230435083e-06
    ],
    [
      1.3565243926201135e-09,
      0.061017411677184344,
      0.9389825869662913
    ],
    [
      0.9989771766459521,
      0.00102278507456604,
      3.827948178232409e-08
    ],
    [
      0.8955724209761536,
      1.6049346003442564e-11,
      0.10442757900779731
    ],
    [
      5.246045835050732e-06,
      0.0001374333246218572,
      0.9998573206295431
    ],
    [
      8.58359099035001e-05,
      0.002741158684150591,
      0.997173005405946
    ],
    [
      0.34012807691220115,
      0.6598713023464631,
      6.207413358589144e-07
    ],
    [
      1.6354409789772755e-06,
      0.9999909658685058,
      7.398690515224994e-06
    ],
    [
      0.2169953857045531,
      3.1605375616689794e-10,
      0.7830046139793931
    ],
    [
      0.0022377698104112465,
      0.0004695212988631272,
      0.9972927088907256
    ],
    [
      0.000661179761245731,
      0.9987012349794049,
      0.0006375852593494769
    ],
    [
      1.8917400545638902e-06,
      0.718451338255791,
      0.28154677000415446
    ],
    [
      0.45673144411464794,
      1.4341463784510232e-05,
      0.5432542144215676
    ],
    [
      0.0004271140248073936,
      0.0007802322677126966,
      0.99879265370748
    ],
    [
      0.0016325653592410777,
      0.9983460656266702,
      2.1369014088892963e-05
    ],
    [
      0.00040404581390169025,
      5.657182652360829e-07,
      0.999595388467833
    ],
    [
      0.0005257881789607758,
      0.0006788487159944657,
      0.9987953631050448
    ],
    [
      0.000128716531109538,
      0.9855302897347823,
      0.014340993734108071
    ],
    [
      0.9981625840379503,
      0.0018374156567114908,
      3.0533831371650344e-10
    ],
    [
      2.7883669078213465e-09,
      0.041604810619800585,
      0.9583951865918324
    ],
    [
      2.9700448769634522e-06,
      0.9974264000899203,
      0.0025706298652026487
    ],
    [
      3.444127554720716e-09,
      0.33410846299401187,
      0.6658915335618606
    ],
    [
      1.447202481472075e-06,
      0.9999903006526301,
      8.25214488840694e-06
    ],
    [
      0.9998358283888478,
      0.00016416869477983172,
      2.9163724929889345e-09
    ],
    [
      0.3636303954398924,
      1.8039475353642117e-07,
      0.6363694241653542
    ],
    [
      9.189495959426407e-09,
      0.10191255938229199,
      0.8980874314282122
    ],
    [
      0.9926948394437549,
      1.9547497901267855e-09,
      0.007305158601495374
    ],
    [
      0.9178540163477714,
      1.2307768050519142e-09,
      0.08214598242145182
    ],
    [
      0.04901120223113149,
      3.3102934453070494e-10,
      0.9509887974378393
    ],
    [
      0.005882340067253529,
      3.7567840982901887e-06,
      0.9941139031486483
    ],
    [
      0.9992069017581138,
      0.0006998835486528868,
      9.32146932333555e-05
    ],
    [
      6.6136778868668696e-09,
      0.8195314799907207,
      0.18046851339560158
    ],
    [
      1.187002376633983e-05,
      0.9557494487578017,
      0.04423868121843193
    ],
    [
      0.07684464392259684,
      1.0334346771167179e-10,
      0.9231553559740596
    ],
    [
      0.001056342268903718,
      0.9889942253940738,
      0.009949432337022666
    ],
    [
      3.134565093505471e-08,
      0.00720287140391798,
      0.9927970972504312
    ],
    [
      0.005539269482044036,
      1.7204677709576537e-05,
      0.9944435258402463
    ],
    [
      0.4368993530777035,
      1.383293429562792e-07,
      0.5631005085929538
    ],
    [
      1.606527818287407e-05,
      0.9999721445761599,
      1.1790145657395742e-05
    ],
    [
      0.00037579496354059734,
      0.9734332772583839,
      0.026190927778075645
    ],
    [
      0.23968938096981993,
      0.7603106187803468,
      2.49833351178305e-10
    ],
    [
      0.9519031908931272,
      9.089506735096207e-10,
      0.048096808197921954
    ],
    [
      0.23933479978268596,
