{
  "dataset": "circles",
  "algorithm": "gmm",
  "params": {
    "n_components": 5,
    "covariance_type": "spherical"
  },
  "labels": [
    0,
    0,
    4,
    4,
    0,
    4,
    4,
    4,
    0,
    1,
    2,
    1,
    1,
    0,
    4,
    4,
    2,
    3,
    3,
    1,
    2,
    2,
    3,
    0,
    0,
    2,
    2,
    2,
    0,
    0,
    2,
    0,
    1,
    1,
    2,
    0,
    4,
    0,
    1,
    3,
    4,
    0,
    2,
    1,
    3,
    0,
    2,
    3,
    1,
    3,
    0,
    1,
    4,
    4,
    1,
    3,
    4,
    3,
    1,
    0,
    2,
    2,
    0,
    2,
    0,
    3,
    1,
    3,
    2,
    4,
    0,
    0,
    3,
    3,
    3,
    3,
    3,
    0,
    1,
    2,
    4,
    0,
    2,
    1,
    3,
    0,
    1,
    1,
    3,
    3,
    4,
    2,
    0,
    0,
    1,
    0,
    0,
    0,
    1,
    2,
    2,
    1,
    3,
    0,
    0,
    3,
    3,
    2,
    0,
    4,
    4,
    1,
    0,
    3,
    2,
    3,
    2,
    2,
    4,
    3,
    2,
    1,
    3,
    1,
    2,
    2,
    1,
    1,
    4,
    0,
    3,
    0,
    2,
    3,
    4,
    3,
    1,
    3,
    3,
    3,
    3,
    1,
    2,
    0,
    2,
    3,
    3,
    2,
    2,
    1,
    2,
    4,
    3,
    3,
    2,
    0,
    2,
    2,
    4,
    3,
    0,
    3,
    1,
    3,
    1,
    2,
    3,
    3,
    1,
    0,
    3,
    1,
    2,
    0,
    0,
    1,
    4,
    1,
    4,
    4,
    4,
    1,
    4,
    3,
    1,
    4,
    4,
    0,
    2,
    1,
    2,
    4,
    4,
    3,
    0,
    2,
    4,
    0,
    4,
    4,
    1,
    0,
    2,
    4,
    1,
    1,
    2,
    0,
    2,
    0,
    2,
    4,
    3,
    3,
    2,
    4,
    4,
    2,
    0,
    2,
    4,
    3,
    3,
    1,
    4,
    4,
    2,
    1,
    3,
    3,
    0,
    0,
    1,
    2,
    4,
    0,
    0,
    4,
    4,
    1,
    4,
    1,
    1,
    2,
    4,
    0,
    0,
    3,
    3,
    1,
    2,
    3,
    2,
    1,
    3,
    1,
    4,
    4,
    4,
    1,
    3,
    4,
    0,
    0,
    4,
    2,
    1,
    0,
    1,
    4,
    1,
    1,
    2,
    3,
    3,
    0,
    4,
    4,
    3,
    4,
    3,
    2,
    1,
    2,
    4,
    1,
    3,
    1,
    4,
    3,
    0,
    3,
    4,
    0,
    0,
    1,
    3,
    1,
    2,
    2,
    1,
    2,
    3,
    1,
    4,
    1,
    2,
    2,
    4,
    4,
    0,
    2,
    4,
    4,
    4,
    3,
    4,
    0,
    4,
    0,
    4,
    1,
    3,
    2,
    0,
    3,
    0,
    2,
    1,
    4,
    1,
    2,
    3,
    3,
    1,
    4,
    1,
    0,
    2,
    0,
    3,
    2,
    2,
    4,
    1,
    3,
    2,
    1,
    1,
    3,
    2,
    1,
    2,
    2,
    1,
    0,
    2,
    1,
    2,
    1,
    0,
    3,
    2,
    3,
    3,
    3,
    3,
    0,
    1,
    1,
    3,
    1,
    2,
    3,
    3,
    1,
    1,
    4,
    3,
    4,
    4,
    2,
    2,
    0,
    1,
    0,
    3,
    2,
    4,
    3,
    4,
    2,
    4,
    2,
    3,
    1,
    1,
    0,
    2,
    1,
    2,
    3,
    1,
    2,
    2,
    2,
    3,
    0,
    3,
    1,
    1,
    3,
    2,
    4,
    1,
    3,
    2,
    0,
    3,
    4,
    2,
    1,
    2,
    3,
    1,
    0,
    1,
    3,
    3,
    1,
    4,
    0,
    0,
    2,
    3,
    0,
    3,
    2,
    3,
    3,
    0,
    4,
    3,
    1,
    0,
    2,
    4,
    3,
    2,
    3,
    2,
    3,
    0,
    3,
    2,
    1,
    1,
    1,
    2,
    1,
    1,
    3,
    3,
    0,
    2,
    2,
    3,
    0,
    1,
    1,
    3,
    1,
    1,
    4,
    3,
    1,
    0,
    2,
    3,
    4,
    4,
    4,
    0,
    0,
    4,
    0,
    1,
    0,
    1,
    2,
    4,
    2,
    3,
    1,
    0,
    0,
    2,
    0,
    1,
    0
  ],
  "means": [
    {
      "x": -0.4798290308086721,
      "y": 0.5715189039650033
    },
    {
      "x": -0.05225399225210292,
      "y": -0.7228673539666353
    },
    {
      "x": 0.7074873155706938,
      "y": -0.21430219734394845
    },
    {
      "x": 0.4152370776041431,
      "y": 0.5953538286096062
    },
    {
      "x": -0.6905388557166524,
      "y": -0.19892549630468498
    }
  ],
  "probabilities": [
    [
      0.7487824495533355,
      0.0004415186767278949,
      1.4772164148973123e-05,
      0.0023618910178205286,
      0.24839936858796735
    ],
    [
      0.5327159503974136,
      2.7786875308976846e-08,
      1.337737240604837e-05,
      0.467255718343172,
      1.4926100133168556e-05
    ],
    [
      0.1991562739071925,
      0.008192177549443723,
      6.116153489204504e-05,
      0.0007433524967328125,
      0.7918470345117389
    ],
    [
      0.00027455265209614467,
      0.34551009416849554,
      1.9173806640031413e-05,
      4.584365240781784e-07,
      0.6541957209362442
    ],
    [
      0.9911223329517356,
      2.1816793163259736e-07,
      1.4469375718737756e-08,
      0.00030178862243591183,
      0.008575645788521059
    ],
    [
      0.009888251735180039,
      0.1088748259278134,
      0.00012479688422830797,
      5.054545273296609e-05,
      0.8810615800000453
    ],
    [
      0.2911441402402566,
      0.004683022090609776,
      4.4841149700430756e-05,
      0.0009671833459986284,
      0.7031608131734345
    ],
    [
      0.19794904710219924,
      0.00016120067550580493,
      5.9145266601980065e-08,
      9.287872068669842e-06,
      0.8018804052049596
    ],
    [
      0.8417806896749395,
      1.183848009729729e-07,
      7.673771201531463e-06,
      0.15809115683219685,
      0.00012036133686127361
    ],
    [
      4.931343800620851e-06,
      0.9631467653650355,
      0.0349698599509292,
      2.7495345517876785e-05,
      0.0018509479947170554
    ],
    [
      2.1245516512397607e-06,
      2.0156562677753716e-05,
      0.8282805601466369,
      0.17169715434784294,
      4.3911910696545955e-09
    ],
    [
      2.874701896536345e-09,
      0.9883039182761998,
      0.011675555245011626,
      9.01730132719618e-08,
      2.0433431073502434e-05
    ],
    [
      0.0006035519263728878,
      0.8056260648652039,
      0.002078194950745561,
      4.0978546596434435e-05,
      0.19165120971108107
    ],
    [
      0.9962262605843104,
      1.1270053280077627e-07,
      5.4979328290360615e-08,
      0.0015957201999026484,
      0.0021778515359260524
    ],
    [
      0.32221935589977874,
      0.018651975736357584,
      0.0006063546374045836,
      0.005607530834989402,
      0.6529147828914696
    ],
    [
      0.02416837164077934,
      0.058347118415605054,
      0.0001157593715599466,
      0.00011791554276764056,
      0.9172508350292881
    ],
    [
      4.371874811070882e-05,
      0.008644205081649795,
      0.9523314531721749,
      0.038967928621018305,
      1.2694377046257042e-05
    ],
    [
      0.00017648347050242653,
      5.3166290907041414e-08,
      0.00801011306767608,
      0.9918133465322336,
      3.763297071115425e-09
    ],
    [
      0.15346980177782588,
      0.00041879867962072917,
      0.018186580651314278,
      0.8264759549218919,
      0.0014488639693473343
    ],
    [
      0.0035601067985255083,
      0.6762807093161016,
      0.005161667814057083,
      0.000328029506424669,
      0.3146694865648912
    ],
    [
      3.80080363468542e-05,
      0.021677541340458184,
      0.9571845796445442,
      0.02107171339447315,
      2.815758417791038e-05
    ],
    [
      1.1227625144081615e-05,
      0.0029528979953732126,
      0.96555517886953,
      0.03147891837471367,
      1.7771352390143434e-06
    ],
    [
      0.02703885525243352,
      9.657937790330591e-05,
      0.026715838140365954,
      0.9460592230202073,
      8.950420909007093e-05
    ],
    [
      0.8990215398999049,
      0.0003181351648787683,
      6.843577102455417e-05,
      0.013907689049319582,
      0.08668420011487198
    ],
    [
      0.9771449551906014,
      2.38616036275983e-07,
      1.362163456143434e-06,
      0.022118167643781737,
      0.0007352763861245982
    ],
    [
      0.0014992126395868448,
      0.14986181081952027,
      0.7897073558787496,
      0.05660953738640181,
      0.002322083275741432
    ],
    [
      0.0003253865227244958,
      0.03322392710931355,
      0.9066310725208534,
      0.05963655668997881,
      0.00018305715712966562
    ],
    [
      2.0471526962607106e-08,
      0.44522170478839856,
      0.5547546863675715,
      1.9670964750924866e-05,
      3.917407752195549e-06
    ],
    [
      0.9959446833440532,
      3.9206927883329224e-08,
      2.865522376443981e-09,
      0.00017305213230253488,
      0.0038822224511938863
    ],
    [
      0.9621353996833734,
      3.193713804941204e-05,
      2.4092443540274085e-05,
      0.020201604482950674,
      0.017606966252086378
    ],
    [
      6.5825530177538725e-06,
      0.12588991511680456,
      0.8717271894518265,
      0.002326932959419949,
      4.937991893145754e-05
    ],
    [
      0.9716986737744154,
      1.6664433252834906e-05,
      6.29542350859762e-06,
      0.008189461035623192,
      0.02008890533320025
    ],
    [
      2.5060382530976222e-05,
      0.8304177613370426,
      0.16724958781079688,
      0.0003698327123444423,
      0.0019377577572850101
    ],
    [
      1.643074560396513e-06,
      0.9765855763825866,
      9.736278937172382e-05,
      4.8842246159499415e-08,
      0.023315368911235413
    ],
    [
      2.293621746510162e-06,
      2.5182371807824133e-05,
      0.8395346252781135,
      0.1604378929830594,
      5.7452728671659305e-09
    ],
    [
      0.9137544986768756,
      0.0003176268786242812,
      0.00015750654559639138,
      0.031248553159882727,
      0.05452181473902089
    ],
    [
      0.00216656323699156,
      0.1874581324858624,
      5.8793788538832386e-05,
      6.95168136227578e-06,
      0.8103095588072449
    ],
    [
      0.5702581551301061,
      2.7984649666591463e-08,
      1.177564022214825e-05,
      0.4297131265961396,
      1.6914648882662382e-05
    ],
    [
      8.920389241403714e-08,
      0.6631219763326859,
      0.3368320855671832,
      2.4313770786195506e-05,
      2.1535125452039104e-05
    ],
    [
      0.3304582053471197,
      7.149510604726478e-09,
      1.171962364865235e-05,
      0.669527063820298,
      3.00405942294508e-06
    ],
    [
      0.022989773441248685,
      0.10682951508743885,
      0.00033472347931004796,
      0.00022261583266637385,
      0.8696233721593358
    ],
    [
      0.9881574210731905,
      9.875432498046893e-08,
      1.885781957331809e-09,
      6.750757893948397e-05,
      0.011774970707763162
    ],
    [
      0.0002537034701906455,
      0.03148832800826825,
      0.9149733788456322,
      0.05313796663964023,
      0.00014662303626855142
    ],
    [
      8.72565455770303e-09,
      0.9993259939864351,
      0.00014582955748662087,
      2.6924372732629627e-09,
      0.0005281650379861496
    ],
    [
      0.0006628070033509795,
      1.2526209665886615e-06,
      0.02241979475353001,
      0.9769160287464864,
      1.1687566605160866e-07
    ],
    [
      0.8268060371947317,
      3.295501854594098e-08,
      3.947495262235831e-06,
      0.1731418243180027,
      4.815803698475838e-05
    ],
    [
      2.217895108647462e-07,
      2.4950057756313895e-05,
      0.9574208692201291,
      0.04255395783930047,
      1.093302957330709e-09
    ],
    [
      3.3735659774210892e-06,
      1.4787228193305548e-06,
      0.4375631702459859,
      0.5624319768401297,
      6.250877061141909e-10
    ],
    [
      0.00013435019515268282,
      0.8115213296347107,
      0.00035323908854146,
      2.9233818585482335e-06,
      0.1879881576997368
    ],
    [
      0.00012303004732735278,
      1.492332810741225e-06,
      0.07096204500870068,
      0.928913410260718,
      2.2350443183700152e-08
    ],
    [
      0.9913279662640354,
      1.3909500260187954e-09,
      2.2664081447796388e-08,
      0.008627679716785781,
      4.4329964147621626e-05
    ],
    [
      1.3790463913261785e-06,
      0.9807873909519732,
      0.00011435592567423266,
      5.0961827341870847e-08,
      0.01909682311413417
    ],
    [
      0.017825733454901776,
      0.0006548774427669896,
      2.7433321369962373e-08,
      4.4020996031738733e-07,
      0.9815189214590494
    ],
    [
      0.002426968654409165,
      0.3843322176074093,
      0.00038072901119059376,
      2.9481966207714153e-05,
      0.6128306027607833
    ],
    [
      2.4148123750519292e-08,
      0.996954047379741,
      0.0028385237792295506,
      8.765800351284441e-08,
      0.00020731703490245858
    ],
    [
      0.14999077690337392,
      2.1825203528611194e-09,
      1.2288983042084526e-05,
      0.8499963992466726,
      5.326843911853998e-07
    ],
    [
      0.0006319932395148996,
      0.05060205412715352,
      9.867036798213148e-07,
      1.3676762541857998e-07,
      0.9487648291620263
    ],
    [
      6.500505907731333e-05,
      5.777678031160301e-06,
      0.20676278061963102,
      0.7931664073840122,
      2.9259248335797967e-08
    ],
    [
      2.8316145702413358e-08,
      0.965492740544156,
      0.03445295221218141,
      1.0768311717936516e-06,
      5.3202096345212864e-05
    ],
    [
      0.9920241025209403,
      1.3775139251439064e-09,
      2.0621705072967305e-08,
      0.007929503653776787,
      4.637182606385358e-05
    ],
    [
      7.207034611178247e-05,
      0.023398163228635988,
      0.9467447673784125,
      0.02973824554242897,
      4.675350441068969e-05
    ],
    [
      0.002136119911329743,
      0.004989730276360951,
      0.6021443719589847,
      0.39060269197252434,
      0.00012708588080032485
    ],
    [
      0.8534715869614279,
      2.8383378451257436e-05,
      0.00018566793384308382,
      0.14183824776485088,
      0.004476113961426911
    ],
    [
      1.1766595623707784e-05,
      0.1342205225847839,
      0.8624998927996573,
      0.003189543223471917,
      7.827479646301928e-05
    ],
    [
      0.9955604517671136,
      5.56330113707152e-09,
      2.5008286087006698e-08,
      0.004269131986356483,
      0.00017038567494292843
    ],
    [
      0.001382394048079102,
      1.0967026556157798e-08,
      0.0008120589478008469,
      0.9978055242286024,
      1.1808491308293778e-08
    ],
    [
      1.8380549758623235e-05,
      0.7290777831102667,
      0.26933633477890656,
      0.0005185216879294878,
      0.0010489798731388438
    ],
    [
      0.02502043407539085,
      2.694045157241345e-08,
      0.00020682094159490372,
      0.97477229179859,
      4.262439727193142e-07
    ],
    [
      3.1839594742252242e-09,
      0.00025602120356735795,
      0.9989291648683056,
      0.000814810143621781,
      6.005458287605203e-10
    ],
    [
      0.01879281660730883,
      0.0673060886922082,
      0.0001104979906636801,
      8.87379782451898e-05,
      0.9137018587315743
    ],
    [
      0.7918718928397952,
      0.001983474633849318,
      0.0003517300818832461,
      0.021354417491493156,
      0.18443848495297913
    ],
    [
      0.9021962224598961,
      0.00028184983536931537,
      0.0003172052644115562,
      0.06495452993477932,
      0.03225019250554383
    ],
    [
      0.007603096485183404,
      0.00012962247134713754,
      0.0709518357499685,
      0.9212861820283318,
      2.9263265169161518e-05
    ],
    [
      0.011844356933337566,
      9.655847090019944e-07,
      0.002951793653966369,
      0.9852008750771389,
      2.0087508481473013e-06
    ],
    [
      0.4786290282655395,
      1.989672042970749e-05,
      0.0008473273710270831,
      0.5196066330319512,
      0.0008971146110526332
    ],
    [
      0.02540812408092136,
      3.4033874617398355e-06,
      0.003784733526644336,
      0.9707937760929647,
      9.96291200793363e-06
    ],
    [
      0.003181658430177772,
      6.797795274500343e-05,
      0.08392669415674833,
      0.912815771419604,
      7.898040724887043e-06
    ],
    [
      0.8822054556223567,
      7.72949132512039e-08,
      4.227362632638262e-06,
      0.1176757642236609,
      0.00011447549643648554
    ],
    [
      1.0233916829842389e-05,
      0.9261341861930137,
      0.07184243090614896,
      8.839963720834619e-05,
      0.0019247493467991295
    ],
    [
      1.111173198603044e-05,
      0.32657814152224257,
      0.6717609956625847,
      0.0014467581573431264,
      0.00020299292584334802
    ],
    [
      7.651475409702832e-05,
      0.01719221292467965,
      8.38935208797615e-09,
      7.05248458317111e-10,
      0.9827312632266227
    ],
    [
      0.99382591519655,
      8.03530343937179e-09,
      4.456203898250231e-08,
      0.005996841234452734,
      0.00017719097165500456
    ],
    [
      0.0005223058786753156,
      0.021859871665162033,
      0.8784037041905179,
      0.09904424359023589,
      0.00016987467540869946
    ],
    [
      5.11274079611276e-07,
      0.9926941306747918,
      0.00021153118680533129,
      4.913024996983489e-08,
      0.00709377773407323
    ],
    [
      0.4134524376280441,
      1.3207730512590857e-05,
      0.0008237863867214587,
      0.5851568497393673,
      0.0005537185153543856
    ],
    [
      0.9969840911511479,
      3.65522633708055e-08,
      3.7653349917779265e-08,
      0.0021303796608163534,
      0.0008854549824226348
    ],
    [
      4.1183749990521484e-07,
      0.9951349492393746,
      0.0003774586984391333,
      7.468659446788272e-08,
      0.004487105538092129
    ],
    [
      0.01304943114744905,
      0.4986848635917134,
      0.006605762777220611,
      0.0011143083914769705,
      0.4805456340921399
    ],
    [
      0.3056017218893422,
      4.9945712647805816e-05,
      0.002664031264557079,
      0.6908269172662369,
      0.0008573838672159088
    ],
    [
      0.03645679198200434,
      1.1565968402258262e-05,
      0.006174044306550787,
      0.957325874424237,
      3.172331880576627e-05
    ],
    [
      0.09496468751653206,
      0.007590856653588724,
      1.816401376161142e-05,
      0.00015300053160291485,
      0.8972732912845146
    ],
    [
      1.7531803121738806e-06,
      0.023025154866800953,
      0.9739373699189591,
      0.003032006396034566,
      3.7156378932579175e-06
    ],
    [
      0.8261464434634683,
      0.0001804305199865132,
      6.845689434890779e-06,
      0.002018034986872293,
      0.171648245340238
    ],
    [
      0.7076163240494631,
      1.3553123751758799e-05,
      0.0002839063722454169,
      0.2905951225929605,
      0.0014910938615793439
    ],
    [
      0.001132161262536331,
      0.7793389179947787,
      0.0033402975495668793,
      9.745670980732626e-05,
      0.2160911664833107
    ],
    [
      0.7582845128756635,
      0.0016361543728971848,
      0.00016505554214417254,
      0.011257331246155316,
      0.2286569459631398
    ],
    [
      0.9861087816624752,
      2.783388399506786e-06,
      1.5716198375728105e-06,
      0.0061618309713919505,
      0.007725032357895968
    ],
    [
      0.5677164677853335,
      4.541587198780557e-07,
      6.381974760200074e-05,
      0.4321146524607447,
      0.00010460584759983581
    ],
    [
      5.1414151745852945e-06,
      0.944236184359934,
      0.0542678467413892,
      4.3478084060812225e-05,
      0.0014473493994413824
    ],
    [
      4.214289132820439e-06,
      8.334323082770674e-06,
      0.651519562258094,
      0.3484678858400579,
      3.289632696835172e-09
    ],
    [
      5.0799380594572904e-08,
      3.582439672606812e-05,
      0.9858152070398043,
      0.014148917193122851,
      5.709663388973652e-10
    ],
    [
      5.7195614456782314e-05,
      0.9686381825549978,
      0.016079896283347828,
      6.01388569258963e-05,
      0.015164586690271766
    ],
    [
      0.0001448555045145392,
      1.947859012108219e-06,
      0.07461607819826445,
      0.9252370868400123,
      3.159819657992096e-08
    ],
    [
      0.8322792107645075,
      4.562862749249078e-06,
      7.392831818764981e-05,
      0.16640991133462862,
      0.0012323867199270427
    ],
    [
      0.9365491087902438,
      4.3413384302053524e-05,
      7.831566154377894e-05,
      0.05143178017050336,
      0.01189738199340703
    ],
    [
      0.012789182695272846,
      1.375180003277766e-10,
      1.3457173325293107e-05,
      0.9871973536126474,
      6.381236414612688e-09
    ],
    [
      0.038717571667620666,
      2.2441207732309233e-05,
      0.008813727942005656,
      0.9523947432712894,
      5.151591135200958e-05
    ],
    [
      1.5113269261907032e-08,
      0.016704930956816997,
      0.9831059686045985,
      0.00018898263935169802,
      1.026859634999972e-07
    ],
    [
      0.9458122426029865,
      4.715403409247814e-05,
      6.155317561641888e-05,
      0.039170499795773736,
      0.014908550391530755
    ],
    [
      0.014556921934384112,
      0.005964690582696564,
      1.0962162107172289e-06,
      3.705058348247345e-06,
      0.9794735862083604
    ],
    [
      0.0030493427383369003,
      0.0011955564759579954,
      8.645284499956903e-09,
      3.408943187699664e-08,
      0.9957550580509889
    ],
    [
      0.00024933967065252934,
      0.9093985013681293,
      0.0037286504239318137,
      3.8536039639096955e-05,
      0.08658497249764727
    ],
    [
      0.8909920183558712,
      6.691680429272314e-05,
      0.00020758055140307385,
      0.09870528820309588,
      0.010028196085337168
    ],
    [
      3.091442714827446e-05,
      8.09770552347596e-07,
      0.11491876995386897,
      0.8850495023210159,
      3.5274149089063135e-09
    ],
    [
      3.179198067611703e-06,
      0.09385521060050804,
      0.9043054761567002,
      0.00181384664651215,
      2.2287398211727893e-05
    ],
    [
      0.003343659191167342,
      0.00016867048959487833,
      0.13284216332463422,
      0.8636303263004418,
      1.5180694161814022e-05
    ],
    [
      1.640576812335682e-07,
      4.73866418826317e-05,
      0.9751801014032455,
      0.0247723462100327,
      1.6871580403540397e-09
    ],
    [
      3.770852057731893e-08,
      0.00867632135384227,
      0.9908305884881051,
      0.0004929492099117438,
      1.0323962012954141e-07
    ],
    [
      0.23074379404456896,
      0.00013551405471259873,
      5.618873586516704e-08,
      1.075706441564265e-05,
      0.769109878647567
    ],
    [
      0.001937372965582607,
      1.7631456770744704e-07,
      0.0034728827028645236,
      0.9945894659694036,
      1.0204758199783749e-07
    ],
    [
      2.2391292270042254e-07,
      0.24632193104469663,
      0.7535019662141468,
      0.00016589692050488145,
      9.981907728975222e-06
    ],
    [
      3.021632997966973e-08,
      0.9970181717117524,
      2.878147931008823e-05,
      1.2354339082180323e-09,
      0.0029530153571738077
    ],
    [
      0.3351708203648512,
      0.0002526637584282875,
      0.006326830136408483,
      0.6555495606440825,
      0.002700125096229591
    ],
    [
      8.747251027982913e-05,
      0.6917754413456858,
      6.227535187708286e-05,
      4.643876611190481e-07,
      0.3080743464044962
    ],
    [
      5.802015407995995e-08,
      0.0009729294532299353,
      0.9967231626809835,
      0.0023038332681085496,
      1.657752405077275e-08
    ],
    [
      1.4983609450386134e-08,
      0.0007816130064132216,
      0.9980946080848465,
      0.0011237586642882762,
      5.260842691384874e-09
    ],
    [
      0.00020549177426757554,
      0.6804462262979839,
      0.00016478008921472462,
      2.0316618682454216e-06,
      0.31918147017666554
    ],
    [
      1.0581522705746194e-07,
      0.8362970427861894,
      0.1636445724005547,
      1.1852529105078814e-05,
      4.6426468923739816e-05
    ],
    [
      0.009519978243916837,
      0.0010705892228712714,
      3.014758552301286e-08,
      2.451217876248486e-07,
      0.9894091572638389
    ],
    [
      0.8336254801234837,
      6.240972841752297e-05,
      0.000342547997991807,
      0.15926185683952818,
      0.006707705310579056
    ],
    [
      0.0002844341942456848,
      5.053166641183815e-06,
      0.08448951505218572,
      0.9152208780216753,
      1.1956525226248052e-07
    ],
    [
      0.6461777054250644,
      4.155146330458441e-05,
      9.959318440233554e-08,
      7.019007512641e-05,
      0.35371045344332025
    ],
    [
      1.6271619984662777e-06,
      0.04282931960741885,
      0.9551801102121016,
      0.0019824695896701874,
      6.473428811073147e-06
    ],
    [
      0.0010042698080928321,
      4.366172028572112e-05,
      0.12946988321299804,
      0.8694803560873872,
      1.8291712363172952e-06
    ],
    [
      0.016857560706043433,
      0.00027490061450679583,
      5.261248111953963e-09,
      1.441656619759348e-07,
      0.9828673892525398
    ],
    [
      0.15928484021285355,
      1.1205975810425227e-08,
      3.132606437030374e-05,
      0.8406821276113589,
      1.6949054415413561e-06
    ],
    [
      9.689312841345583e-09,
      0.9945613209227194,
      0.0053626214962433135,
      9.120898266605838e-08,
      7.595668274192574e-05
    ],
    [
      7.97882755235588e-06,
      9.448301654642984e-08,
      0.07926269196563603,
      0.9207292345229362,
      2.008591055672137e-10
    ],
    [
      2.6681307179265305e-05,
      2.72211810285235e-06,
      0.2281226793632141,
      0.7718479101331553,
      7.0783485114853755e-09
    ],
    [
      0.0003205938793558213,
      0.00027545281754794094,
      0.4823139115646122,
      0.5170876473376059,
      2.394400878290493e-06
    ],
    [
      0.36645298915507846,
      5.435789413332537e-07,
      0.00014099094014571238,
      0.6333457334595616,
      5.974286627316949e-05
    ],
    [
      2.3251552827199116e-09,
      0.9516966128374515,
      0.04829571421274122,
      3.1410809207273886e-07,
      7.356516559766467e-06
    ],
    [
      7.933010854763133e-06,
      0.002119979325151792,
      0.9671228079055334,
      0.030748263635152626,
      1.0161233073877489e-06
    ],
    [
      0.984103770867518,
      1.8741558933383327e-06,
      2.5025601191591256e-07,
      0.0013300293980884855,
      0.014564075322488271
    ],
    [
      3.20162792389186e-06,
      0.00036506469122908586,
      0.9520817007278628,
      0.047549935063321704,
      9.788966241225226e-08
    ],
    [
      0.0013090385223116488,
      0.00041642049292548686,
      0.3256537798413012,
      0.6726091545633088,
      1.1606580152727259e-05
    ],
    [
      3.359747793099761e-05,
      1.6287955265049796e-07,
      0.04473358449237743,
      0.9552326538232041,
      1.3269349184487356e-09
    ],
    [
      6.697973321598872e-09,
      0.025642472995043904,
      0.9742695808475264,
      8.785179113340452e-05,
      8.766832279874662e-08
    ],
    [
      0.0001836959870795566,
      0.0005863433248169727,
      0.6741078303103452,
      0.3251192714108993,
      2.858966858970164e-06
    ],
    [
      0.00027424329539721534,
      0.9354802705428504,
      0.01016858902158592,
      0.00010519840480300663,
      0.053971698735363574
    ],
    [
      7.011594077458284e-07,
      8.739379965874528e-06,
      0.8562618294618296,
      0.14372872912525575,
      8.735409717707662e-10
    ],
    [
      0.46445154872672323,
      2.6171277614348814e-05,
      1.307714726456347e-08,
      1.0648182911490716e-05,
      0.5355116187356037
    ],
    [
      0.002603042777065396,
      1.1582920930468683e-07,
      0.0022243001254678807,
      0.9951724353879331,
      1.0588032459921597e-07
    ],
    [
      2.655363137729278e-05,
      1.861541852212433e-06,
      0.19103986640312848,
      0.8089317130527376,
      5.370904245092711e-09
    ],
    [
      7.331054554237074e-06,
      0.09812333575907024,
      0.8988669325304934,
      0.002961246033271197,
      4.115462261083741e-05
    ],
    [
      0.7290411458680358,
      0.0034393290883344523,
      0.00048666106799065233,
      0.020122974055782207,
      0.24690988991985696
    ],
    [
      1.0247922238238795e-06,
      1.7601516418122888e-05,
      0.8757402116665384,
      0.1242411597570748,
      2.267744810784383e-09
    ],
    [
      2.5275028458193655e-06,
      0.34522109310375115,
      0.6541554434414961,
      0.0005416849792740348,
      7.925097263282804e-05
    ],
    [
      0.007156503907092474,
      0.048239177261394865,
      1.861111677399497e-05,
      1.0692329809169155e-05,
      0.9445750153849295
    ],
    [
      0.12259102348981198,
      1.0416423964239817e-06,
      0.0005977856510450641,
      0.8767854685415585,
      2.468067518801813e-05
    ],
    [
      0.8895285592305403,
      4.2356680289425024e-07,
      3.1149672565207956e-10,
      4.824010378380175e-06,
      0.11046619288078126
    ],
    [
      0.29360208679629896,
      0.00011026969698018812,
      0.004477244741126585,
      0.7004645651513981,
      0.0013458336141963067
    ],
    [
      0.0004273838500343935,
      0.8642744198402481,
      0.0030320669854978334,
      4.556048151699647e-05,
      0.13222056884270247
    ],
    [
      0.00015519647348246973,
      2.645052386489079e-08,
      0.005728580436829717,
      0.994116194549985,
      2.0891792426093718e-09
    ],
    [
      0.00045386875477578784,
      0.9037991382215789,
      0.0707530613139365,
      0.0009419245287732382,
      0.024052007180935694
    ],
    [
      1.1264885783973228e-05,
      0.04761563247764565,
      0.9461622476871944,
      0.006184106910042043,
      2.6748039333802463e-05
    ],
    [
      0.00013574825947453673,
      7.568937330989695e-07,
      0.045424456594030556,
      0.9544390223703427,
      1.5882418976763128e-08
    ],
    [
      7.052652278429436e-06,
      3.4985233644505365e-06,
      0.4468280544299996,
      0.5531613919553282,
      2.4390294080858814e-09
    ],
    [
      4.821459012529023e-05,
      0.8446002399595712,
      0.151608714481764,
      0.0005015637236713941,
      0.0032412672448681513
    ],
    [
      0.860771770817035,
      7.650950242452982e-07,
      5.7034294247928e-10,
      5.99544373850924e-06,
      0.13922146807385882
    ],
    [
      6.509153799669681e-05,
      4.690272103182104e-08,
      0.014150487068067711,
      0.9857843732934388,
      1.1977758226652454e-09
    ],
    [
      6.0823176911983574e-05,
      0.862886461796736,
      0.00026637707097578145,
      1.3126158249894653e-06,
      0.13678502533955117
    ],
    [
      0.0008740574455719609,
      0.15471267192544877,
      0.8024431642313001,
      0.040307925897067325,
      0.0016621805006120272
    ],
    [
      0.7879748462407697,
      2.0387884268745073e-05,
      9.272664853502578e-08,
      0.00011206350319308127,
      0.21189260964511977
    ],
    [
      0.857297573241239,
      7.237351204875985e-06,
      3.366239567898912e-08,
      8.144300770091927e-05,
      0.14261371273745954
    ],
    [
      5.755889269873286e-07,
      0.9772545059444557,
      2.6400524776080312e-05,
      7.2494162166451665e-09,
      0.022718510692425007
    ],
    [
      0.0710154746773221,
      0.002256092026192165,
      1.4702983288345377e-06,
      2.3165500587278568e-05,
      0.9267037974975696
    ],
    [
      2.21405784105552e-07,
      0.9972706556050274,
      0.000883054442355139,
      1.143398839972275e-07,
      0.0018459542069494824
    ],
    [
      0.00048599313327071585,
      0.060678598794303776,
      9.87017884021489e-07,
      1.0448849695426831e-07,
      0.9388343165660444
    ],
    [
      0.27765252470766255,
      0.001428264114911687,
      5.181790237210918e-06,
      0.00023619732697405756,
      0.7206778320602146
    ],
    [
      0.05839589355875472,
      0.01134105295717035,
      1.927134792170355e-05,
      9.47664300973282e-05,
      0.9301490157060558
    ],
    [
      2.5315236626549915e-08,
      0.9955635486262203,
      0.004266547325624775,
      1.3350038622978664e-07,
      0.00016974523253199118
    ],
    [
      0.0024611216978643684,
      0.4295656828482582,
      0.0005376659347975462,
      3.8812504418098064e-05,
      0.5673967170146618
    ],
    [
      0.009747110150436477,
      0.0014984167851374052,
      0.21954344390211541,
      0.7690173671503672,
      0.00019366201194373858
    ],
    [
      2.239031635611363e-06,
      0.841903008876856,
      0.15762438162157993,
      7.671654363260405e-05,
      0.00039365392629594017
    ],
    [
      0.0012154536266246758,
      0.038240238754660316,
      1.3566847865486602e-06,
      3.285541981882167e-07,
      0.9605426223797303
    ],
    [
      0.31721762833190215,
      0.005919513300618944,
      7.956895239384599e-05,
      0.001543154467746725,
      0.6752401349473384
    ],
    [
      0.835535577686003,
      1.7358211980057056e-08,
      2.523519321818726e-06,
      0.1644290012006397,
      3.2880235823331786e-05
    ],
    [
      9.188239697020713e-09,
      0.3792265592127656,
      0.6207570743113487,
      1.4566301134704938e-05,
      1.7909865114357836e-06
    ],
    [
      2.1069652562946335e-05,
      0.847287553586461,
      5.5341000912279615e-05,
      1.5161750626054835e-07,
      0.15263588414255763
    ],
    [
      1.4191536350885477e-05,
      0.00332061628463161,
      0.9627165106938818,
      0.033946345300142455,
      2.3361849932977645e-06
    ],
    [
      0.1326715288751396,
      0.004443712324162226,
      1.1400670240565093e-05,
      0.0001644644116442594,
      0.8627088937188134
    ],
    [
      0.008290339820761912,
      0.12710082249267773,
      0.0001361719836343559,
      4.500349683203242e-05,
      0.8644276622060939
    ],
    [
      0.00795597048666788,
      0.0002742392179742814,
      0.10422289683919571,
      0.8874968244459466,
      5.006901021555874e-05
    ],
    [
      0.8923007444600067,
      1.7881970759164235e-06,
      4.755470183340347e-09,
      2.8711142152124897e-05,
      0.10766875144529486
    ],
    [
      3.1274969268892137e-07,
      0.00029101702384198315,
      0.9865781767856066,
      0.013130477473941802,
      1.5966916997044275e-08
    ],
    [
      0.0009028970955635594,
      0.029392687137000415,
      5.777920029866386e-07,
      1.4020573090191801e-07,
      0.9697036977697022
    ],
    [
      0.9774126281509358,
      8.762894762671157e-06,
      6.1403163922656436e-06,
      0.011642591246937471,
      0.010929877390972006
    ],
    [
      0.0007480458483104142,
      0.06073451623229856,
      1.7146278752793242e-06,
      2.3220452120001202e-07,
      0.9385154910869945
    ],
    [
      0.15729001286482383,
      0.00374087890661467,
      1.0850582534229026e-05,
      0.00019269675222284547,
      0.8387655608938044
    ],
    [
      6.286335835677282e-06,
      0.7199516174612335,
      0.27927560259162726,
      0.00027671978697043574,
      0.0004897738243331448
    ],
    [
      0.9662016599944218,
      1.803555983912554e-07,
      1.7780891850662103e-06,
      0.033323481259443385,
      0.00047290030135156957
    ],
    [
      2.893518311249212e-08,
      0.001065418591364006,
      0.997518167111405,
      0.0014163741386683912,
      1.122337953371554e-08
    ],
    [
      0.0001307655737167329,
      0.32857391154976257,
      6.490705711896136e-06,
      1.0508286202637502e-07,
      0.6712887270879466
    ],
    [
      0.00011095102699058997,
      0.5954260286809323,
      3.873428859917596e-05,
      3.7266039688099787e-07,
      0.4044239133430809
    ],
    [
      4.06079236512831e-09,
      0.9569580058827154,
      0.04302982415776765,
      3.9740412250734756e-07,
      1.1768494601964414e-05
    ],
    [
      3.608007098133055e-09,
      0.0002395709435117746,
      0.9988449544523843,
      0.0009154703825687289,
      6.13527973811967e-10
    ],
    [
      0.957592755687141,
      9.760066709331284e-06,
      2.194714347557151e-05,
      0.03657967109223399,
      0.005795866010439985
    ],
    [
      4.3211450940216574e-05,
      0.07140219079860397,
      0.9174670611165504,
      0.010988397512860374,
      9.913912104482697e-05
    ],
    [
      0.6029761817863483,
      0.0007150794318595336,
      1.1430784457548989e-05,
      0.0012205512277813895,
      0.39507675676955323
    ],
    [
      0.0007235114835802243,
      0.002887845441132306,
      0.6868563805573272,
      0.30949853867277316,
      3.372384518690757e-05
    ],
    [
      0.42141760628125363,
      4.38699436698672e-05,
      2.5733156328440724e-08,
      1.4225058789854668e-05,
      0.5785242729831304
    ],
    [
      0.09927409443410522,
      0.0005503272848603012,
      0.03002117838181819,
      0.869088353028269,
      0.0010660468709470562
    ],
    [
      0.141785885559525,
      8.651473661966348e-05,
      0.007600351301958895,
      0.8500383973402739,
      0.0004888510616224558
    ],
    [
      6.605775941912497e-06,
      0.00014527847295559202,
      0.88161521191438,
      0.11823283761285193,
      6.622387049136554e-08
    ],
    [
      0.4352985662640015,
      0.008072036678698973,
      0.0002784784074865945,
      0.005214622008825102,
      0.551136296640988
    ],
    [
      0.019183645443192236,
      0.09388016582114858,
      0.0002101653729398092,
      0.00013721981087417708,
      0.8865888035518451
    ],
    [
      9.9790167499719e-09,
      0.005887405555236116,
      0.9938429360369821,
      0.0002696202511432518,
      2.8177621622519755e-08
    ],
    [
      0.835309191502334,
      0.00034917539365208875,
      2.4833856966332956e-05,
      0.004765592942792605,
      0.15955120630425498
    ],
    [
      1.2611862414347293e-07,
      0.017969528500573283,
      0.9813487211472742,
      0.0006811435002016732,
      4.807333269294099e-07
    ],
    [
      0.029628084843409765,
      0.03072841032804824,
      4.72177461602607e-05,
      8.222324144424878e-05,
      0.9395140638409374
    ],
    [
      0.0011553305053287237,
      4.59933249972763e-05,
      0.12288013611483879,
      0.8759163583928309,
      2.1816620042216635e-06
    ],
    [
      0.0001341873419113712,
      3.805191392998509e-09,
      0.0019620571543643535,
      0.9979037511913945,
      5.071382860676327e-10
    ],
    [
      1.095098322435086e-07,
      0.9735398661215275,
      0.026296703708344023,
      1.9275441385773563e-06,
      0.00016139311615778268
    ],
    [
      0.0019643967585112735,
      0.015663068175181767,
      5.003517311083401e-07,
      2.8591946599533394e-07,
      0.9823717487951099
    ],
    [
      0.41749544731902866,
      0.0015576164563095337,
      1.4359551997259714e-05,
      0.0007693343514420658,
      0.5801632423212224
    ],
    [
      5.154421553888954e-07,
      0.00016861275407212384,
      0.9755059856189301,
      0.02432487311103457,
      1.3073807927718806e-08
    ],
    [
      0.0004214477046511442,
      0.9311055520066569,
      0.02773565685899356,
      0.0003605755314875841,
      0.0403767678982107
    ],
    [
      0.015613073108678356,
      2.198046155778815e-05,
      0.015999142117185103,
      0.968346085380073,
      1.9718932505876238e-05
    ],
    [
      0.15219273541702993,
      1.1965027295979394e-07,
      0.00013579912756105694,
      0.8476636725936587,
      7.6732114771177e-06
    ],
    [
      0.7575784961046508,
      1.1274538185584347e-05,
      2.3459395304364066e-08,
      4.123431244397025e-05,
      0.24236897158532428
    ],
    [
      0.9902676457976883,
      9.337310229689657e-07,
      2.2095508329123906e-07,
      0.0017737987327341893,
      0.007957400783471139
    ],
    [
      2.389117324165382e-05,
      0.9199708212442624,
      0.07657747119560512,
      0.0001601524374161838,
      0.003267663949474617
    ],
    [
      1.4098170302819625e-05,
      1.0724037119358734e-05,
      0.5014878774648319,
      0.49848728907569123,
      1.125205494966824e-08
    ],
    [
      0.36465649286913854,
      0.006084095638425909,
      0.00011173730855629392,
      0.002293511575187596,
      0.6268541626086918
    ],
    [
      0.8892999031022225,
      0.00011680595278476282,
      8.204498977729879e-06,
