{
  "dataset": "circles",
  "algorithm": "gmm",
  "params": {
    "n_components": 4,
    "covariance_type": "spherical"
  },
  "labels": [
    0,
    3,
    0,
    1,
    0,
    1,
    0,
    0,
    3,
    1,
    2,
    1,
    1,
    0,
    0,
    1,
    2,
    3,
    3,
    1,
    2,
    2,
    3,
    0,
    0,
    2,
    2,
    2,
    0,
    0,
    2,
    0,
    1,
    1,
    2,
    0,
    1,
    3,
    2,
    3,
    1,
    0,
    2,
    1,
    3,
    3,
    2,
    2,
    1,
    3,
    0,
    1,
    0,
    1,
    1,
    3,
    1,
    3,
    1,
    0,
    2,
    2,
    0,
    2,
    0,
    3,
    1,
    3,
    2,
    1,
    0,
    0,
    3,
    3,
    3,
    3,
    3,
    3,
    1,
    2,
    1,
    0,
    2,
    1,
    3,
    0,
    1,
    1,
    3,
    3,
    0,
    2,
    0,
    3,
    1,
    0,
    0,
    3,
    1,
    2,
    2,
    1,
    3,
    3,
    0,
    3,
    3,
    2,
    0,
    0,
    0,
    1,
    0,
    3,
    2,
    3,
    2,
    2,
    0,
    3,
    2,
    1,
    3,
    1,
    2,
    2,
    1,
    1,
    0,
    0,
    3,
    0,
    2,
    3,
    0,
    3,
    1,
    3,
    3,
    2,
    3,
    1,
    2,
    0,
    2,
    3,
    3,
    2,
    2,
    1,
    2,
    0,
    3,
    3,
    2,
    0,
    2,
    2,
    1,
    3,
    0,
    3,
    1,
    3,
    1,
    2,
    3,
    2,
    1,
    0,
    3,
    1,
    2,
    0,
    0,
    1,
    0,
    1,
    1,
    0,
    0,
    1,
    1,
    3,
    1,
    1,
    0,
    3,
    2,
    1,
    2,
    0,
    1,
    3,
    0,
    2,
    1,
    0,
    1,
    0,
    1,
    0,
    2,
    1,
    1,
    1,
    2,
    0,
    2,
    0,
    2,
    0,
    3,
    3,
    2,
    0,
    1,
    2,
    0,
    2,
    0,
    3,
    3,
    1,
    1,
    0,
    2,
    1,
    3,
    3,
    0,
    0,
    1,
    2,
    0,
    0,
    0,
    1,
    1,
    1,
    1,
    1,
    1,
    2,
    1,
    0,
    0,
    3,
    3,
    1,
    2,
    3,
    2,
    1,
    3,
    1,
    1,
    1,
    1,
    1,
    3,
    0,
    0,
    0,
    1,
    2,
    1,
    0,
    1,
    0,
    1,
    1,
    2,
    3,
    3,
    0,
    1,
    0,
    3,
    0,
    3,
    2,
    1,
    2,
    0,
    1,
    3,
    1,
    1,
    3,
    0,
    3,
    1,
    0,
    0,
    1,
    3,
    1,
    2,
    2,
    1,
    2,
    3,
    1,
    0,
    1,
    2,
    2,
    0,
    0,
    0,
    2,
    1,
    1,
    0,
    3,
    1,
    0,
    0,
    0,
    0,
    1,
    3,
    2,
    3,
    3,
    0,
    2,
    1,
    0,
    1,
    2,
    3,
    3,
    1,
    1,
    1,
    0,
    2,
    0,
    3,
    2,
    2,
    0,
    1,
    3,
    2,
    1,
    1,
    3,
    2,
    1,
    2,
    2,
    1,
    0,
    2,
    1,
    2,
    1,
    0,
    3,
    2,
    3,
    3,
    3,
    2,
    0,
    1,
    1,
    3,
    1,
    2,
    2,
    3,
    1,
    1,
    0,
    3,
    0,
    0,
    2,
    2,
    0,
    2,
    3,
    3,
    2,
    1,
    3,
    0,
    2,
    0,
    2,
    2,
    1,
    1,
    0,
    2,
    2,
    2,
    3,
    1,
    2,
    2,
    2,
    3,
    0,
    3,
    1,
    1,
    3,
    2,
    1,
    1,
    3,
    2,
    0,
    3,
    1,
    2,
    1,
    2,
    3,
    1,
    0,
    1,
    3,
    2,
    1,
    0,
    0,
    0,
    2,
    3,
    0,
    2,
    2,
    3,
    3,
    0,
    1,
    3,
    1,
    0,
    2,
    1,
    3,
    2,
    3,
    2,
    3,
    0,
    3,
    2,
    1,
    1,
    1,
    2,
    1,
    1,
    3,
    3,
    0,
    2,
    2,
    3,
    3,
    1,
    1,
    3,
    1,
    1,
    1,
    3,
    1,
    0,
    2,
    3,
    1,
    0,
    1,
    0,
    0,
    0,
    0,
    1,
    0,
    2,
    2,
    0,
    2,
    2,
    1,
    0,
    0,
    2,
    0,
    1,
    0
  ],
  "means": [
    {
      "x": -0.6227328795846447,
      "y": 0.32140839229220614
    },
    {
      "x": -0.23437863677373544,
      "y": -0.6308930417024003
    },
    {
      "x": 0.6884537791046126,
      "y": -0.2000972824782851
    },
    {
      "x": 0.31761602183393806,
      "y": 0.6459133224761626
    }
  ],
  "probabilities": [
    [
      0.9788989465797229,
      0.014294649074207747,
      7.826497207209934e-05,
      0.006728139373997446
    ],
    [
      0.09522603634445939,
      2.024108069675235e-05,
      9.957291471463372e-05,
      0.9046541496601291
    ],
    [
      0.8724511651876605,
      0.1243504540348538,
      0.0003552307226790188,
      0.0028431500548065226
    ],
    [
      0.021818551614301938,
      0.9780840472248145,
      9.539554861406348e-05,
      2.0056122697553593e-06
    ],
    [
      0.9972499156017427,
      0.00021669675902806528,
      3.6893266345756755e-07,
      0.002533018706566106
    ],
    [
      0.24074489553134212,
      0.7581265823196307,
      0.0008505441373178668,
      0.0002779780117092176
    ],
    [
      0.9181727056804436,
      0.0783136375533531,
      0.00024027252516306002,
      0.0032733842410400857
    ],
    [
      0.9856320579066031,
      0.014300197596798538,
      8.335680705813935e-07,
      6.691092852782075e-05
    ],
    [
      0.34800702068787925,
      0.0001011538399209145,
      0.00010667020678780947,
      0.6517851552654119
    ],
    [
      0.0006589889641485254,
      0.9104650341726281,
      0.08880874940467164,
      6.722745855174704e-05
    ],
    [
      9.36945738778465e-06,
      0.00019094918254353052,
      0.9183379136514079,
      0.08146176770866055
    ],
    [
      6.867260529869573e-06,
      0.95205206031227,
      0.047940717372704764,
      3.550544952607534e-07
    ],
    [
      0.01774265854326511,
      0.9774613304176002,
      0.004710268287880805,
      8.574275125388544e-05
    ],
    [
      0.9838990665545129,
      0.00016916698191914454,
      1.7389736077403914e-06,
      0.015930027489960287
    ],
    [
      0.8291391555880798,
      0.15628405602834122,
      0.0020245127244177073,
      0.01255227565916116
    ],
    [
      0.42524609698648735,
      0.5731833147371235,
      0.0008804519651098274,
      0.0006901363112793006
    ],
    [
      0.0003132739300213218,
      0.015837440282438386,
      0.9576261931277632,
      0.02622309265977711
    ],
    [
      0.00014566097182174524,
      8.444612894476526e-06,
      0.02690226243717224,
      0.9729436319781115
    ],
    [
      0.09987523771125253,
      0.0063852987891845235,
      0.03701654061555227,
      0.8567229228840109
    ],
    [
      0.05064452754043503,
      0.9384986707433528,
      0.010280065666561866,
      0.0005767360496501998
    ],
    [
      0.0003590161542101105,
      0.03048940477004389,
      0.9541888887928447,
      0.01496269028290129
    ],
    [
      9.145260468190657e-05,
      0.006414081350893459,
      0.9734638535785531,
      0.02003061246587154
    ],
    [
      0.0196448929424184,
      0.001832522455459022,
      0.0548258488987304,
      0.9236967357033924
    ],
    [
      0.9501216072458053,
      0.011817660423778964,
      0.00035606747316798505,
      0.037704664857247744
    ],
    [
      0.8239869210959337,
      0.00025617890247630064,
      3.330205094604164e-05,
      0.17572359795064418
    ],
    [
      0.00796139372112189,
      0.18187517589412344,
      0.7682375417623343,
      0.04192588862242048
    ],
    [
      0.0018322232338632539,
      0.0516995609212237,
      0.9042054872278085,
      0.04226272861710466
    ],
    [
      6.51113137018516e-06,
      0.25148347830998224,
      0.7484873164826853,
      2.269407596235912e-05
    ],
    [
      0.9980611198444355,
      8.864314197641685e-05,
      1.055308061686173e-07,
      0.001850131482782089
    ],
    [
      0.9180615993904756,
      0.0034231484113556175,
      0.0002064496150446826,
      0.07830880258312418
    ],
    [
      0.00017681829756799027,
      0.10164156750697849,
      0.8962577714474185,
      0.0019238427480351592
    ],
    [
      0.9611025992224006,
      0.0023764386657353117,
      6.397518616624289e-05,
      0.036456986925697925
    ],
    [
      0.0013037435530860962,
      0.7088386940278016,
      0.2892720935756875,
      0.0005854688434247974
    ],
    [
      0.0005361398915020573,
      0.9991199536743853,
      0.000343736554539821,
      1.698795725982489e-07
    ],
    [
      1.0315320080295693e-05,
      0.0002213812307263714,
      0.9228441642441858,
      0.0769241392050075
    ],
    [
      0.9062640756515662,
      0.011882016586540164,
      0.0007910557067545247,
      0.081062852055139
    ],
    [
      0.09193758320263198,
      0.9076560056507879,
      0.00036945020432929123,
      3.696094225094258e-05
    ],
    [
      0.10756646900491691,
      2.179190792732997e-05,
      9.390318484747371e-05,
      0.8923178359023085
    ],
    [
      2.4658197937261535e-05,
      0.4329756361021429,
      0.5669631312519834,
      3.6574447936619585e-05
    ],
    [
      0.04065286252094332,
      6.243477392484731e-06,
      7.185095646762663e-05,
      0.9592690430451968
    ],
    [
      0.3311729993372671,
      0.6660898542082392,
      0.0017940530646729479,
      0.0009430933898206444
    ],
    [
      0.9992807634851776,
      0.00013576975026948344,
      5.322526544815967e-08,
      0.0005834135392875668
    ],
    [
      0.0015140322154099987,
      0.04842709602918623,
      0.9123919692771366,
      0.03766690247826744
    ],
    [
      1.986538493190414e-05,
      0.9992706518005613,
      0.0007094697487219795,
      1.3065785276697841e-08
    ],
    [
      0.0006148767691799839,
      7.220272219770082e-05,
      0.05913471189435174,
      0.9401782086142705
    ],
    [
      0.2854431354688301,
      4.512079132459596e-05,
      6.0766892900510265e-05,
      0.7144509768469447
    ],
    [
      1.8745515910883511e-06,
      0.00016960795019921413,
      0.9804815911292624,
      0.019346926368947324
    ],
    [
      1.0133914782387963e-05,
      4.652721493209157e-05,
      0.6941575157385602,
      0.3057858231317251
    ],
    [
      0.008032068672933707,
      0.9909937913668314,
      0.000966607348706709,
      7.532611528176146e-06
    ],
    [
      0.0001847403044697163,
      7.441490933163703e-05,
      0.17409126590001667,
      0.8256495788861821
    ],
    [
      0.8525540115565546,
      1.926654382830745e-05,
      1.7536388826515787e-06,
      0.1474249682607345
    ],
    [
      0.0004769766390240334,
      0.9991137423696669,
      0.00040910074198738486,
      1.8024932190851162e-07
    ],
    [
      0.8982273640219363,
      0.10175904571233711,
      1.305053649268655e-06,
      1.2285212077541824e-05
    ],
    [
      0.06319831069153967,
      0.9353816381255097,
      0.0013301084821043753,
      8.994270084637487e-05
    ],
    [
      3.095665627318835e-05,
      0.9878322198184672,
      0.012136449464487645,
      3.7406077193612646e-07
    ],
    [
      0.015242369300623382,
      2.2133650744477314e-06,
      6.61817434177146e-05,
      0.9846892355908846
    ],
    [
      0.10270126167679251,
      0.8972769125856728,
      1.967461671749261e-05,
      2.1511208170691497e-06
    ],
    [
      0.0001304534159918841,
      0.00016067090329387862,
      0.39928070286188655,
      0.6004281728188275
    ],
    [
      2.5270745514020838e-05,
      0.8856483074199459,
      0.11432299853139544,
      3.423303144454222e-06
    ],
    [
      0.8628038229184274,
      1.9255600331940532e-05,
      1.6145015364779538e-06,
      0.13717530697970398
    ],
    [
      0.0005749528175743693,
      0.03429643958105738,
      0.9440723777141212,
      0.021056229887247223
    ],
    [
      0.004954897862868942,
      0.017855553163431882,
      0.6999930206466307,
      0.2771965283270684
    ],
    [
      0.5943436273419022,
      0.0026695202971318507,
      0.0012063018051217782,
      0.40178055055584416
    ],
    [
      0.00026917362331805943,
      0.11151569473668825,
      0.8855820008443401,
      0.002633130795653499
    ],
    [
      0.934517237266575,
      3.899549002644897e-05,
      1.535621033875681e-06,
      0.0654422316223649
    ],
    [
      0.0004887357329227064,
      3.228963849512928e-06,
      0.0030821269917404256,
      0.9964259083114874
    ],
    [
      0.0009013948130712149,
      0.581893260979385,
      0.41648282137930615,
      0.0007225228282375728
    ],
    [
      0.004824014507430524,
      7.524383240899439e-06,
      0.0007710089748128049,
      0.9943974521345158
    ],
    [
      1.7216900831793476e-07,
      0.0006190588420286298,
      0.9989370017387872,
      0.00044376725017607974
    ],
    [
      0.3732511825282046,
      0.6253737818758405,
      0.0008458151531284575,
      0.0005292204428266965
    ],
    [
      0.9218650155567751,
      0.03347975344993435,
      0.0012412936077443903,
      0.043413937385546275
    ],
    [
      0.827375031595098,
      0.010928022839435001,
      0.0015399221038982515,
      0.1601570234615686
    ],
    [
      0.007883569232160376,
      0.0019713307000747376,
      0.13513703924310352,
      0.8550080608246613
    ],
    [
      0.0047974929022721186,
      7.272782627190907e-05,
      0.008263914923534154,
      0.986865864347922
    ],
    [
      0.19755605524598358,
      0.0012121064992026626,
      0.0031087124846394913,
      0.7981231257701743
    ],
    [
      0.010527235059674015,
      0.00018373879834996407,
      0.009884020715751318,
      0.9794050054262248
    ],
    [
      0.003673606115809948,
      0.0011713151305053347,
      0.1629474780975141,
      0.8322076006561706
    ],
    [
      0.40970781318042077,
      9.091954303936407e-05,
      7.336918800160278e-05,
      0.5901278980885383
    ],
    [
      0.0009154529707331524,
      0.8427506215286513,
      0.15615261807603734,
      0.00018130742457809864
    ],
    [
      0.00036749860783970593,
      0.23804635028831947,
      0.7601977069447716,
      0.0013884441590691931
    ],
    [
      0.059581947204843805,
      0.9404176099705722,
      4.183388015621564e-07,
      2.448578241266993e-08
    ],
    [
      0.9140706680923114,
      4.700295364866359e-05,
      2.4929440015732932e-06,
      0.08587983601003818
    ],
    [
      0.00232551040261214,
      0.04037856083354663,
      0.8885199020351173,
      0.06877602672872396
    ],
    [
      0.0002495909069699533,
      0.9989375845558305,
      0.0008126355476529015,
      1.8898954677093402e-07
    ],
    [
      0.15431593837436378,
      0.0008533652093184134,
      0.0029074594173942843,
      0.8419232369989236
    ],
    [
      0.9745418217120871,
      9.749353343055778e-05,
      1.5439334209794408e-06,
      0.02535914082106151
    ],
    [
      0.0002112959769070811,
      0.9983219370318485,
      0.0014664751004119414,
      2.91890832660726e-07
    ],
    [
      0.1161839842839391,
      0.8688100932884295,
      0.013133753638480959,
      0.00187216878915035
    ],
    [
      0.13419383451798828,
      0.0018046463532647404,
      0.007423233095589795,
      0.8565782860331571
    ],
    [
      0.01709980760140248,
      0.00044020049808532864,
      0.014980071578137365,
      0.9674799203223748
    ],
    [
      0.835256372299718,
      0.1636230139767324,
      0.00016837803907622067,
      0.0009522356844731942
    ],
    [
      4.277858483372864e-05,
      0.024691100909681952,
      0.9730423474730312,
      0.0022237730324530993
    ],
    [
      0.9852205851450547,
      0.008402338244287624,
      4.218588140452931e-05,
      0.0063348907292530955
    ],
    [
      0.3551321194637292,
      0.001319965316278559,
      0.0015275874759470168,
      0.6420203277440454
    ],
    [
      0.025251425433704816,
      0.9674731839666878,
      0.007087147069490682,
      0.00018824353011654928
    ],
    [
      0.9441984741903923,
      0.03031772216683145,
      0.0006347104993363131,
      0.024849093143439846
    ],
    [
      0.9619923956824523,
      0.0009242706498982722,
      2.416255519939907e-05,
      0.037059171112449885
    ],
    [
      0.15292736604700502,
      0.0001230357876650989,
      0.00038777110413003356,
      0.8465618270611998
    ],
    [
      0.0006278267186285016,
      0.8701014134707069,
      0.1291720596918301,
      9.870011883453944e-05
    ],
    [
      1.408818914712048e-05,
      0.00012520598673736427,
      0.8253585136245066,
      0.17450219219960877
    ],
    [
      7.201197897428415e-07,
      0.00018972047891602855,
      0.9932109476333029,
      0.006598611767991342
    ],
    [
      0.0033176410094225674,
      0.9600287095147537,
      0.03652343484160785,
      0.00013021463421607963
    ],
    [
      0.0002160544246562262,
      8.916042011689123e-05,
      0.1791604662766568,
      0.8205343188785702
    ],
    [
      0.473199611870133,
      0.0008649846914831996,
      0.000605488701357439,
      0.5253299147370265
    ],
    [
      0.821628304051604,
      0.003947049672361218,
      0.0005812910155951236,
      0.17384335526043973
    ],
    [
      0.00140512862794096,
      2.5882032314394726e-07,
      7.571285664998066e-05,
      0.9985188996950861
    ],
    [
      0.020080004797502292,
      0.0006980698356153257,
      0.02044397348680055,
      0.9587779518800819
    ],
    [
      1.51490620699319e-06,
      0.014689403963887203,
      0.9851729639945827,
      0.00013611713532325314
    ],
    [
      0.8601191520130603,
      0.004185547511574909,
      0.00046244360404171513,
      0.13523285687132316
    ],
    [
      0.6901445292748372,
      0.30975418499791596,
      3.0457727889668275e-05,
      7.082799935717169e-05
    ],
    [
      0.7046099499049379,
      0.29538701840721954,
      8.863377713514542e-07,
      2.1453500712378795e-06
    ],
    [
      0.00948858695260801,
      0.9820848032924732,
      0.008345459479159122,
      8.115027575975957e-05
    ],
    [
      0.715134074144971,
      0.0046948491697953575,
      0.0012670683813417382,
      0.278904008303892
    ],
    [
      6.0332476532061096e-05,
      4.590605119838535e-05,
      0.27610059577967916,
      0.7237931656925903
    ],
    [
      9.747378362533653e-05,
      0.07637505990282446,
      0.9220591785808169,
      0.0014682877327332963
    ],
    [
      0.0043675566504977285,
      0.002150468792493649,
      0.23537605290384248,
      0.7581059216531661
    ],
    [
      1.7439684701432766e-06,
      0.00025192955485863643,
      0.9879207904642127,
      0.011825536012458436
    ],
    [
      2.3435985262821173e-06,
      0.009294929270751722,
      0.9903601337572273,
      0.0003425933734948572
    ],
    [
      0.9878955796471863,
      0.012032166045549499,
      7.422749929428982e-07,
      7.151203227130268e-05
    ],
    [
      0.0009640582744290074,
      2.0416868505701353e-05,
      0.01074171315509307,
      0.9882738117019724
    ],
    [
      2.3052020790593756e-05,
      0.14968660137188464,
      0.850133386980708,
      0.000156959626616807
    ],
    [
      4.681839578400064e-05,
      0.9998241644630451,
      0.0001290117015671843,
      5.439603546258435e-09
    ],
    [
      0.18897923821614632,
      0.005500296995078808,
      0.015532388508950848,
      0.7899880762798241
    ],
    [
      0.007312273753105727,
      0.9924861793779788,
      0.00020016561773424213,
      1.381251181333706e-06
    ],
    [
      1.7601053639117416e-06,
      0.0018975237981090625,
      0.9967118775226166,
      0.0013888385739105052
    ],
    [
      6.578507211393135e-07,
      0.0014946126885748545,
      0.9978381826305722,
      0.0006665468301318517
    ],
    [
      0.01177398597023181,
      0.9877239361366775,
      0.0004964221404390596,
      5.655752651596051e-06
    ],
    [
      3.886685779893549e-05,
      0.639174420911801,
      0.3607625977860826,
      2.4114444317702317e-05
    ],
    [
      0.8263842453442749,
      0.17360495368609888,
      1.8092058503044836e-06,
      8.991763775943505e-06
    ],
    [
      0.5954310725780172,
      0.004111581338573737,
      0.0018749621993701178,
      0.39858238388403905
    ],
    [
      0.00040663494410898897,
      0.00017249602397435411,
      0.18915163477580504,
      0.8102692342561116
    ],
    [
      0.9958549331349489,
      0.0038528198857268672,
      9.001622871119149e-07,
      0.0002913468170373751
    ],
    [
      4.8465954470163134e-05,
      0.03945354358285017,
      0.9589822065573436,
      0.0015157839053360827
    ],
    [
      0.0014229633353379071,
      0.0007781111009604167,
      0.24564056408509685,
      0.7521583614786048
    ],
    [
      0.9328662514418696,
      0.06712880140351472,
      3.10396749262523e-07,
      4.6367578662523375e-06
    ],
    [
      0.02001639972241496,
      6.1862511356862e-06,
      0.00014849247759942126,
      0.97982892154885
    ],
    [
      1.6333888541423728e-05,
      0.977181649805609,
      0.022801634642597095,
      3.8166325283738533e-07
    ],
    [
      1.737162614487686e-05,
      1.1433004048059526e-05,
      0.23115885053597862,
      0.7688123448338285
    ],
    [
      5.94665457790535e-05,
      9.181719870769427e-05,
      0.445168939250108,
      0.5546797770054053
    ],
    [
      0.0007116466656916752,
      0.0020700559316539054,
      0.6438606174092433,
      0.3533576799934111
    ],
    [
      0.08347842210483955,
      0.00010067393476784846,
      0.0006236659535438525,
      0.9157972380068486
    ],
    [
      4.710711022225273e-06,
      0.8393031771564179,
      0.1606911464027292,
      9.657298306955419e-07
    ],
    [
      6.591464703081573e-05,
      0.004902517756066845,
      0.9758408207279717,
      0.019190746868930596
    ],
    [
      0.9909294277149019,
      0.000701568779695285,
      4.110186515944264e-06,
      0.00836489331888692
    ],
    [
      2.2783463401466544e-05,
      0.0013202839940255283,
      0.9721663566305453,
      0.02649057591202783
    ],
    [
      0.0023407256794857304,
      0.003372018776141018,
      0.4776669939134958,
      0.5166202616308775
    ],
    [
      5.3383821534881126e-05,
      1.7038072683844703e-05,
      0.1324269848221274,
      0.867502593283654
    ],
    [
      9.91405676983546e-07,
      0.01987745093780458,
      0.9800569728931958,
      6.458476332252024e-05
    ],
    [
      0.0005090078932816471,
      0.0030279359610852416,
      0.7900393157063914,
      0.2064237404392418
    ],
    [
      0.009119622929323811,
      0.9697054859648282,
      0.020972006697758856,
      0.00020288440808914843
    ],
    [
      3.5257453251603903e-06,
      9.893085650313011e-05,
      0.9370390072619441,
      0.06285853613622751
    ],
    [
      0.9965063178901166,
      0.0034397817200907017,
      1.5063249914090113e-07,
      5.374975729375463e-05
    ],
    [
      0.0011152191333939996,
      1.5719968196818278e-05,
      0.007109918118285571,
      0.9917591427801237
    ],
    [
      5.754105908429004e-05,
      7.377160764066155e-05,
      0.39685563530216217,
      0.6030130520311131
    ],
    [
      0.00017556159984409602,
      0.08387039602179329,
      0.9135695968743719,
      0.002384445503990707
    ],
    [
      0.9133861859066131,
      0.04647645162841896,
      0.0015682443328826887,
      0.03856911813208523
    ],
    [
      5.298833990819843e-06,
      0.00015991097192878345,
      0.9429821610966936,
      0.0568526290973871
    ],
    [
      0.00013920574354159195,
      0.2312453649580814,
      0.7680707513771813,
      0.000544677921195903
    ],
    [
      0.30597901179389553,
      0.6936769206365958,
      0.00023749506291589895,
      0.00010657250659267415
    ],
    [
      0.030708164733101985,
      0.0001060537695587973,
      0.0018939481090203677,
      0.967291833388319
    ],
    [
      0.9996935651671732,
      0.00027927264739246446,
      5.50955257790759e-09,
      2.7156675881705223e-05
    ],
    [
      0.1456522622137031,
      0.0030247064293809148,
      0.011483156231050874,
      0.839839875125865
    ],
    [
      0.013613679148166698,
      0.9795975632021516,
      0.006695106458697788,
      9.365119098426557e-05
    ],
    [
      0.00011937011050140691,
      5.3157018039148494e-06,
      0.02031775708495801,
      0.9795575571027371
    ],
    [
      0.0097048709359973,
      0.8739037810741261,
      0.11500829456679276,
      0.001383053423083887
    ],
    [
      0.0001903284010291523,
      0.049427152844090085,
      0.9457024549808609,
      0.004680063774020003
    ],
    [
      0.0001811710253865919,
      4.830033949442104e-05,
      0.12047977434581852,
      0.8792907542893005
    ],
    [
      1.9921963075544933e-05,
      8.456259705839664e-05,
      0.6862448967525381,
      0.31365061868732813
    ],
    [
      0.002033137235265173,
      0.7396944112987032,
      0.257494940133651,
      0.0007775113323807656
    ],
    [
      0.9995811515688807,
      0.00038678629585635327,
      9.142646138056668e-09,
      3.20529926168463e-05
    ],
    [
      7.130557134497023e-05,
      7.679625737075306e-06,
      0.047847023842348735,
      0.9520739909605693
    ],
    [
      0.004905721803204107,
      0.9943376593902228,
      0.0007530836913188083,
      3.5351152544056707e-06
    ],
    [
      0.0055177945537968585,
      0.1772256024062482,
      0.7868297764215674,
      0.030426826618387463
    ],
    [
      0.9971110236047157,
      0.0024189329890838755,
      8.842477684052179e-07,
      0.00046915915843229644
    ],
    [
      0.9982920113783302,
      0.0013313357667785724,
      3.8069989824238596e-07,
      0.00037627215499295476
    ],
    [
      0.00029580444156782266,
      0.999606148240492,
      9.802117133014414e-05,
      2.6146610152323636e-08
    ],
    [
      0.8998433210971597,
      0.09990812329378555,
      2.275831682576736e-05,
      0.00022579729222908448
    ],
    [
      0.00013616414450751346,
      0.9963462648782545,
      0.0035171114389492305,
      4.5953828880651797e-07
    ],
    [
      0.08147955594080251,
      0.9185012225748056,
      1.772859951175864e-05,
      1.492884880254246e-06
    ],
    [
      0.9576424187215757,
      0.0412895705351957,
      3.81666904253394e-05,
      0.0010298440528032876
    ],
    [
      0.757823863131837,
      0.2412653595816371,
      0.0002061654102524247,
      0.0007046118762733645
    ],
    [
      3.076006882561979e-05,
      0.9822128184005633,
      0.01775586932349335,
      5.522071177811258e-07
    ],
    [
      0.059212581107887345,
      0.9389688435619967,
      0.0017102756053934945,
      0.0001082997247223948
    ],
    [
      0.013850106699115164,
      0.010391341939104504,
      0.32939493761496597,
      0.6463636137468143
    ],
    [
      0.0002831293625851557,
      0.6855959693114563,
      0.31397897385817275,
      0.00014192746778577653
    ],
    [
      0.16270463318797176,
      0.8372595700518328,
      3.0116235877226833e-05,
      5.680524318267193e-06
    ],
    [
      0.9090822397713536,
      0.08584956259077131,
      0.0003794824890184156,
      0.004688715148856723
    ],
    [
      0.2789901533321862,
      3.184169959639081e-05,
      4.3389655780561745e-05,
      0.720934615312437
    ],
    [
      3.435568777822992e-06,
      0.20679144334152802,
      0.7931895023677685,
      1.561872192568731e-05
    ],
    [
      0.0027982636212473245,
      0.9970287452881147,
      0.00017254356061348987,
      4.4753002464652963e-07
    ],
    [
      0.00011114461929215017,
      0.007134856343998203,
      0.9710200087866491,
      0.021733990250060495
    ],
    [
      0.8914635667092012,
      0.1074957336742068,
      0.00010088170988193532,
      0.0009398179067100868
    ],
    [
      0.20799045585467787,
      0.7909031937599189,
      0.0008715444411920906,
      0.000234805944211037
    ],
    [
      0.009184432930149188,
      0.003282712022638093,
      0.1851865620806934,
      0.8023462929665193
    ],
    [
      0.9992385899681023,
      0.0006104113574116253,
      6.82771976042724e-08,
      0.00015093039728859126
    ],
    [
      4.185719824349239e-06,
      0.000913856345275807,
      0.991867548982258,
      0.007214408952641833
    ],
    [
      0.16143097522833424,
      0.8385498874651508,
      1.6140070567077302e-05,
      2.997235947672747e-06
    ],
    [
      0.9410199120181706,
      0.0017129165344222758,
      7.193768276865883e-05,
      0.0571952337646386
    ],
    [
      0.10135650307099853,
      0.8986110191456075,
      2.9308780274123906e-05,
      3.169003119865959e-06
    ],
    [
      0.9079919521493737,
      0.09089473622195605,
      9.049434914352895e-05,
      0.0010228172795268054
    ],
    [
      0.00044203246458308205,
      0.5518034836357266,
      0.4473531935902013,
      0.00040129030948902767
    ],
    [
      0.7467936771453789,
      0.00021098556246759064,
      4.26948679053567e-05,
      0.2529526424242482
    ],
    [
      1.1177548783403098e-06,
      0.0019414570421747573,
      0.9971981635128722,
      0.0008592616900750394
    ],
    [
      0.014985413101029294,
      0.9849786990052036,
      3.538919666697204e-05,
      4.986971000658659e-07
    ],
    [
      0.009300726880552838,
      0.9905616577505645,
      0.00013641813575117212,
      1.19723313163226e-06
    ],
    [
      6.931646338948188e-06,
      0.8550693122478147,
      0.14492250596721745,
      1.2501386287832906e-06
    ],
    [
      1.8434825499837182e-07,
      0.0005942247459096425,
      0.9989092187504679,
      0.0004963721553675743
    ],
    [
      0.8363972971533338,
      0.0017906092508428357,
      0.0002328524950059187,
      0.16157924110081753
    ],
    [
      0.0005440774882309919,
      0.07527369765942485,
      0.9157846559557097,
      0.008397568896634485
    ],
    [
      0.976200974867886,
      0.02010336806969384,
      6.119050968561444e-05,
      0.0036344665527344496
    ],
    [
      0.001942136002644023,
      0.010530541971015514,
      0.7782491206098082,
      0.20927820141653233
    ],
    [
      0.9951336670312659,
      0.004793326924206448,
      2.8745915106635497e-07,
      7.271858537656775e-05
    ],
    [
      0.07296091108538731,
      0.007162684901686116,
      0.05732813403520274,
      0.8625482699777237
    ],
    [
      0.07187545547653743,
      0.0021404353699714545,
      0.017493240972893526,
      0.9084908681805977
    ],
    [
      3.1549593197779585e-05,
      0.0007730713138270696,
      0.9361574248021083,
      0.06303795429086671
    ],
    [
      0.8977015257602455,
      0.08939576650637478,
      0.0009970979251579884,
      0.01190560980822152
    ],
    [
      0.328687948460747,
      0.6693433144449219,
      0.0012988391057082176,
      0.0006698979886229449
    ],
    [
      8.537981815784428e-07,
      0.006506027402672694,
      0.9933110572111543,
      0.00018206158799128445
    ],
    [
      0.9742009764690669,
      0.012324631275222485,
      0.00013165479842466756,
      0.013342737457286022
    ],
    [
      6.54174998558522e-06,
      0.017254181589206816,
      0.9822434589244498,
      0.00049581773635766
    ],
    [
      0.5485631730372721,
      0.4503699356565827,
      0.00046498659917089456,
      0.0006019047069744537
    ],
    [
      0.0015971881442207155,
      0.0008170047173769015,
      0.2340515000207398,
      0.7635343071176627
    ],
    [
      8.004443851756737e-05,
      1.4933112463143217e-06,
      0.008087066760944244,
      0.9918313954892918
    ],
    [
      6.26794032424167e-05,
      0.9138634024631596,
      0.0860677896852423,
      6.1284483559405215e-06
    ],
    [
      0.29993961149851506,
      0.7000347170644718,
      1.8052051146423406e-05,
      7.619385866527358e-06
    ],
    [
      0.9611344009906655,
      0.03625139902645669,
      8.043248296090207e-05,
      0.0025337674999169947
    ],
    [
      5.2206971204460225e-06,
      0.0006553688545761669,
      0.9865267608586146,
      0.012812649589688816
    ],
    [
      0.010611076209539105,
      0.9382690002825095,
      0.050516639193461034,
      0.0006032843144903049
    ],
    [
      0.010042576902709306,
      0.0006258439179502305,
      0.036049390428403015,
      0.9532821887509374
    ],
    [
      0.026810764923993733,
      2.7336292133094557e-05,
      0.0005261419739449481,
      0.9726357568099284
    ],
    [
      0.9980628736765447,
      0.001753619829140192,
      2.4996350068922456e-07,
      0.00018325653081438224
    ],
    [
      0.9868684104404791,
      0.0004975977076327897,
      4.303347708815788e-06,
      0.012629688504179127
    ],
    [
      0.0015376571080583017,
      0.8427601100476172,
      0.1553980320162625,
      0.00030420082806184947
    ],
    [
      3.879354574427674e-05,
      0.00017810325958242347,
      0.7131809935299871,
      0.286602109664686
    ],
    [
      0.9109485938997557,
      0.08225626835523704,
      0.0004846180758938335,
      0.0063105196691135975
    ],
    [
      0.9827577372678502,
      0.006583735706913019,
      5.4295638046888023e-05,
      0.010604231387189876
    ],
    [
      0.8440212416684224,
      0.0031006253342425183,
      0.0003872192846795645,
      0.15249091371265563
    ],
    [
      0.01212916532332273,
      0.9877649504088092,
      0.00010468238093403785,
      1.201886934133403e-06
    ],
    [
      0.04473939154335065,
      0.9551948528168032,
      6.295481103192499e-05,
      2.8008288144928174e-06
    ],
    [
      0.000353375708945704,
      0.9993333369204405,
      0.00031318576110972625,
      1.0160950422856944e-07
    ],
    [
      0.04726396632301364,
      0.9524254205963492,
      0.00029634060275135753,
      1.4272477885944348e-05
    ],
    [
      0.0001715951014900463,
      0.997784977470899,
      0.002043095060812398,
      3.323667988129435e-07
    ],
    [
      0.001110940395357923,
      0.8882763860243152,
      0.11046662377161819,
      0.00014604980870868559
    ],
    [
      3.3557528403729005e-06,
      0.00011961094011774091,
      0.9505030128075729,
      0.04937402049946938
    ],
    [
      0.43850338282389323,
      0.5600444472170208,
      0.0007947586420429897,
      0.0006574113170429121
    ],
    [
      0.9849715343111782,
      0.0020696537170558104,
      1.9665896586020788e-05,
      0.012939146075179759
    ],
    [
      0.8627759829809919,
      3.828082410410027e-05,
      3.3504719098419766e-06,
      0.13718238572299413
    ],
    [
      0.00043933859499271997,
      1.6216363874407975e-06,
      0.0016661133373858052,
      0.9978929264312341
    ],
    [
      0.14227812796922853,
      0.0013454971064152327,
      0.005125681278252952,
      0.8512506936461032
    ],
    [
      0.005225911758793671,
      0.9946230905686666,
      0.00015026426652256237,
      7.334060172111671e-07
    ],
    [
      0.0004620862989969025,
      0.1267563182218138,
      0.8688886117913327,
      0.0038929836878566666
    ],
    [
      0.01251867062035563,
      0.00046040605770563135,
      0.02134309848811825,
      0.9656778248338206
    ],
    [
      0.0001804069999041916,
      0.0682538137863441,
      0.9284700595240466,
      0.00309571968970506
    ],
    [
      1.129593180954489e-05,
      0.95499876102015,
      0.044989399108698744,
      5.439393415070156e-07
    ],
    [
      0.029827132486273045,
      0.004310972908032722,
      0.08404725596498076,
      0.8818146386407134
    ],
    [
      0.014910543777514941,
      0.9811081254923409,
      0.003921945646985223,
      5.938508315879509e-05
    ],
    [
      0.05470423342489809,
      0.9452842276875821,
      1.0945134198872708e-05,
      5.937533207505461e-07
    ],
    [
      0.4739112939881632,
      0.525993079478341,
      4.988329098795611e-05,
      4.574324250802e-05
    ],
    [
      0.0354817129107521,
      0.9645163941409958,
      1.8310422266837879e-06,
      6.190602552458341e-08
    ],
    [
      0.003676618135634632,
      0.5738451025654344,
      0.4194251362730719,
      0.0030531430258590717
    ],
    [
      0.019060611981655054,
      0.0013917532169443216,
      0.04304961649438913,
      0.9364980183070114
    ],
    [
      0.9608067635721826,
      0.039177107190412855,
      5.737565915241516e-07,
      1.5555480813113847e-05
    ],
    [
      0.9611171205266148,
      0.031262103891440254,
      0.00019772301647376548,
      0.007423052565471537
    ],
    [
      0.9982615198241497,
      0.00021035820276034316,
      2.175955747444172e-07,
      0.0015279043775154992
    ],
    [
      0.3041477283084788,
      0.6957937433625694,
      4.080095349341225e-05,
      1.7727375458159332e-05
    ],
    [
      8.98260579424456e-07,
      0.00040093445171239414,
      0.9958959709772985,
      0.003702196310409717
    ],
    [
      0.0024245074447468633,
      0.6777633719844554,
      0.3185446932546929,
      0.0012674273161047253
    ],
    [
      0.9964624575827854,
      0.00047026603643128556,
      1.0058302232901348e-06,
      0.003066270550560041
    ],
    [
      0.03928386233868437,
      0.9592323852977137,
      0.0014257879860550245,
      5.7964377547050267e-05
    ],
    [
      0.986251477350179,
      0.013745031182260775,
      4.22274287362881e-08,
      3.449240131389764e-06
    ],
    [
      5.722215396441624e-05,
      0.9974684073844441,
      0.0024742358883245255,
      1.3457326717265193e-07
    ],
    [
      2.408959054915264e-05,
      0.8430307552178666,
      0.1569403952304272,
      4.75996115711938e-06
    ],
    [
      3.110629648035176e-07,
      0.00020769563371104266,
      0.9972144363593151,
      0.002577556944009188
    ],
    [
      0.03800608453548434,
      0.009233932476244586,
      0.13507676890603706,
      0.817683214082234
    ],
    [
      0.005234930748449779,
      8.19426845646795e-05,
      0.008576595368743641,
      0.986106531198242
    ],
    [
      0.8991182117435408,
      0.08117216119962366,
      0.0013737070840644208,
      0.01833591997277128
    ],
    [
      0.48270107266075596,
      0.514501252341345,
      0.001393208694191142,
      0.0014044663037079378
    ],
    [
      0.7478807470352329,
      0.2519895626938821,
      3.1380756076202746e-05,
      9.830951480883457e-05
    ],
    [
      0.002174228254672721,
      0.002933862707374395,
      0.4599674164749915,
      0.5349244925629613
    ],
    [
      0.9879170522249068,
      0.012033981244167585,
      5.052336962239529e-07,
      4.846129722952549e-05
    ],
    [
      0.010708387734345255,
      0.00015805368097020485,
      0.008319051662500618,
      0.980814506922184
    ],
    [
      8.322248565086104e-05,
      0.15170284286047295,
      0.8476548727994792,
      0.0005590618543968778
    ],
    [
      0.04457622266769796,
      0.9502979887528347,
      0.004891777095882418,
      0.00023401148358502834
    ],
    [
      2.581039142334545e-06,
      0.050707835864269114,
      0.9492285666487978,
      6.10164477907161e-05
    ],
    [
      0.8776798918822081,
      0.12228930848498276,
      3.557207229680911e-06,
      2.7242425579508667e-05
    ],
    [
      0.008228711925553458,
      0.9879050894423432,
      0.003834654387347079,
      3.154424475651262e-05
    ],
    [
      0.03908314550087044,
      0.0009232539083743806,
      0.013925277168577017,
      0.9460683234221783
    ],
    [
      0.002403113827219613,
      0.9498175757684394,
      0.04765437458020063,
      0.00012493582414028386
    ],
    [
      0.4465629205478023,
      0.5525905335787068,
      0.00045847796516125023,
      0.00038806790832972965
    ],
    [
      0.07599975777288875,
      0.0026554034256076986,
      0.02053007239471916,
      0.9008147664067844
    ],
    [
      0.9696666211474584,
      0.009470687929565149,
      0.00015447748210103895,
      0.020708213440875395
    ],
    [
      0.060516879814592334,
      0.0007561266759079887,
      0.0072086331463302525,
      0.9315183603631695
    ],
    [
      0.138477801010598,
      0.8609604483024594,
