{
  "dataset": "circles",
  "algorithm": "gmm",
  "params": {
    "n_components": 5,
    "covariance_type": "full"
  },
  "labels": [
    0,
    3,
    4,
    4,
    0,
    4,
    4,
    4,
    0,
    1,
    2,
    1,
    1,
    0,
    4,
    4,
    2,
    3,
    3,
    1,
    2,
    2,
    3,
    0,
    0,
    2,
    2,
    2,
    0,
    0,
    2,
    0,
    1,
    1,
    2,
    0,
    4,
    3,
    1,
    3,
    4,
    0,
    2,
    1,
    3,
    0,
    2,
    3,
    1,
    3,
    0,
    1,
    4,
    4,
    1,
    3,
    4,
    3,
    1,
    0,
    2,
    2,
    0,
    2,
    0,
    3,
    1,
    3,
    2,
    4,
    0,
    0,
    3,
    3,
    0,
    3,
    3,
    0,
    1,
    2,
    4,
    0,
    2,
    1,
    3,
    0,
    1,
    4,
    3,
    3,
    4,
    2,
    0,
    0,
    1,
    0,
    0,
    0,
    1,
    2,
    2,
    1,
    3,
    0,
    0,
    3,
    3,
    2,
    0,
    4,
    4,
    1,
    0,
    3,
    2,
    3,
    2,
    2,
    4,
    3,
    2,
    1,
    3,
    1,
    2,
    2,
    1,
    1,
    4,
    0,
    3,
    0,
    2,
    3,
    4,
    3,
    1,
    3,
    3,
    3,
    3,
    1,
    2,
    0,
    2,
    3,
    3,
    2,
    2,
    1,
    2,
    0,
    3,
    3,
    2,
    0,
    2,
    2,
    4,
    3,
    0,
    3,
    1,
    3,
    1,
    2,
    3,
    3,
    1,
    0,
    3,
    1,
    2,
    0,
    0,
    1,
    4,
    1,
    4,
    4,
    4,
    1,
    4,
    3,
    1,
    4,
    4,
    0,
    2,
    1,
    2,
    4,
    4,
    3,
    0,
    2,
    4,
    0,
    4,
    4,
    1,
    0,
    2,
    4,
    1,
    1,
    2,
    0,
    2,
    4,
    2,
    4,
    3,
    3,
    2,
    4,
    4,
    2,
    0,
    2,
    4,
    3,
    3,
    1,
    4,
    4,
    2,
    1,
    3,
    3,
    0,
    0,
    1,
    3,
    4,
    0,
    0,
    1,
    4,
    1,
    4,
    1,
    1,
    2,
    4,
    0,
    0,
    3,
    3,
    1,
    2,
    3,
    2,
    1,
    3,
    1,
    4,
    4,
    4,
    1,
    3,
    4,
    0,
    0,
    4,
    2,
    1,
    0,
    1,
    4,
    1,
    1,
    2,
    3,
    3,
    4,
    4,
    4,
    3,
    4,
    3,
    2,
    1,
    2,
    4,
    1,
    3,
    1,
    4,
    3,
    0,
    3,
    4,
    0,
    0,
    1,
    3,
    1,
    2,
    2,
    1,
    2,
    3,
    1,
    4,
    1,
    2,
    2,
    4,
    4,
    0,
    2,
    4,
    4,
    4,
    3,
    4,
    0,
    4,
    0,
    4,
    1,
    3,
    2,
    0,
    3,
    0,
    2,
    1,
    4,
    1,
    2,
    3,
    3,
    1,
    4,
    1,
    0,
    2,
    0,
    3,
    2,
    2,
    4,
    1,
    3,
    2,
    1,
    1,
    3,
    2,
    1,
    2,
    2,
    1,
    0,
    2,
    1,
    2,
    1,
    0,
    3,
    2,
    3,
    3,
    3,
    3,
    0,
    1,
    1,
    3,
    1,
    2,
    3,
    3,
    1,
    1,
    4,
    3,
    4,
    4,
    2,
    2,
    0,
    1,
    3,
    3,
    2,
    1,
    3,
    4,
    2,
    4,
    2,
    3,
    1,
    1,
    0,
    2,
    1,
    2,
    3,
    1,
    2,
    2,
    2,
    3,
    4,
    3,
    1,
    1,
    3,
    2,
    4,
    1,
    0,
    2,
    4,
    3,
    4,
    2,
    1,
    2,
    3,
    1,
    0,
    1,
    3,
    3,
    1,
    4,
    0,
    0,
    2,
    3,
    0,
    3,
    2,
    3,
    3,
    0,
    4,
    3,
    1,
    0,
    2,
    4,
    3,
    2,
    0,
    2,
    3,
    4,
    3,
    2,
    1,
    1,
    1,
    2,
    1,
    1,
    3,
    3,
    0,
    2,
    2,
    3,
    0,
    1,
    1,
    3,
    1,
    1,
    4,
    3,
    1,
    0,
    2,
    3,
    4,
    4,
    4,
    0,
    0,
    4,
    0,
    1,
    0,
    2,
    2,
    4,
    2,
    3,
    1,
    0,
    0,
    2,
    0,
    1,
    0
  ],
  "means": [
    {
      "x": -0.4660395098172855,
      "y": 0.5728474504289683
    },
    {
      "x": -0.06124455556894892,
      "y": -0.7144827717955256
    },
    {
      "x": 0.6973034631900598,
      "y": -0.22167890037027266
    },
    {
      "x": 0.4189369940613237,
      "y": 0.5833192605823497
    },
    {
      "x": -0.6738645180792321,
      "y": -0.17759011120950843
    }
  ],
  "probabilities": [
    [
      0.6469356184032046,
      4.038377108137766e-05,
      9.813251392523934e-09,
      0.00030153169586999987,
      0.3527224563165928
    ],
    [
      0.46267733450131354,
      7.536178033366609e-13,
      1.8177399288633956e-07,
      0.5373087329275247,
      1.3750796415261388e-05
    ],
    [
      0.13882922219102758,
      0.003063216456964354,
      1.5391796315754253e-07,
      1.891000966134706e-05,
      0.8580884974243834
    ],
    [
      2.7975659123893315e-05,
      0.4424325872654526,
      6.939656223011233e-07,
      1.7221753610289856e-11,
      0.5575387430925796
    ],
    [
      0.9361957735087728,
      2.5636963873541077e-09,
      1.867685063028784e-13,
      0.0005611415042829417,
      0.06324308242306123
    ],
    [
      0.0029781903196663246,
      0.1170342271871975,
      2.055200901704177e-06,
      1.1239122398818524e-07,
      0.8799854149010105
    ],
    [
      0.2167320824594273,
      0.0013512559056614855,
      7.734812865032982e-08,
      3.3676368184251513e-05,
      0.7818829079185984
    ],
    [
      0.2734144891081524,
      0.00011782307373970862,
      9.215608152256712e-13,
      1.0394955912191774e-07,
      0.7264675838676273
    ],
    [
      0.7283034670152968,
      1.7126749071385994e-11,
      3.6537972868836314e-08,
      0.27147945435826815,
      0.00021704207133548553
    ],
    [
      1.8480814030098818e-08,
      0.942562370208922,
      0.05587533942591589,
      2.755668631000196e-07,
      0.0015619963174851037
    ],
    [
      6.954819180746037e-07,
      4.772015231219477e-06,
      0.6860182274660195,
      0.31397630503562524,
      1.2058111609125755e-12
    ],
    [
      2.426691866940295e-13,
      0.8659717508013552,
      0.13392667194246705,
      4.2040346938677293e-10,
      0.00010157683553166675
    ],
    [
      3.198358988905522e-05,
      0.7916777003476411,
      0.0004286872290943723,
      7.090743562652097e-08,
      0.2078615579259401
    ],
    [
      0.9746376576847561,
      3.577508459805309e-10,
      4.17676216632207e-12,
      0.0053252339591175184,
      0.020037107994198618
    ],
    [
      0.22614376341188275,
      0.005604520646762955,
      5.803044480132681e-06,
      0.00035603861398485215,
      0.7678898742828895
    ],
    [
      0.009987041065400831,
      0.052496209390297845,
      1.2031081055569704e-06,
      5.630069523641582e-07,
      0.9375149834292434
    ],
    [
      2.9245301035320736e-06,
      0.005625755549759195,
      0.9505197037315778,
      0.043851334455681935,
      2.8173287736575637e-07
    ],
    [
      0.0021366307021551153,
      1.284957361618202e-10,
      0.04280460545626129,
      0.9550587636978716,
      1.521602901280168e-11
    ],
    [
      0.19450442676939567,
      8.398278097501273e-06,
      0.003336763715411305,
      0.8017622006106171,
      0.0003882106264783569
    ],
    [
      0.00037940858797242956,
      0.6676427725154289,
      0.0008340817254287461,
      2.1398790895412535e-06,
      0.33114159729208054
    ],
    [
      1.582064495717778e-06,
      0.01767712866279824,
      0.9643016495152155,
      0.018018643098624193,
      9.966588662890064e-07
    ],
    [
      7.037101046606262e-07,
      0.0021740590706345276,
      0.9473693776151411,
      0.05045584180874869,
      1.7795371221990855e-08
    ],
    [
      0.036176710767792844,
      1.2718871540641749e-06,
      0.010600013621561898,
      0.9532141554678097,
      7.848255681506818e-06
    ],
    [
      0.8654043836637477,
      1.4024187788689523e-05,
      1.700964400202179e-07,
      0.004456274306982332,
      0.1301251477450411
    ],
    [
      0.9425624273849372,
      2.0637434005811673e-10,
      1.3749371202872825e-09,
      0.05435060808784637,
      0.0030869629459047538
    ],
    [
      0.00018168447714759584,
      0.121755433989792,
      0.8491051791625651,
      0.028487185787802703,
      0.00047051658269265723
    ],
    [
      3.0932539170420273e-05,
      0.02056684003255712,
      0.9334955816121177,
      0.045894648320850134,
      1.1997495304738361e-05
    ],
    [
      1.7331329445169624e-12,
      0.4439587937168827,
      0.5560385937475776,
      2.083244542348937e-06,
      5.292892643545412e-07
    ],
    [
      0.9468360797279465,
      3.2281422181231025e-10,
      1.5646818886571965e-14,
      0.0007108459466634944,
      0.052453074002559955
    ],
    [
      0.9546303459392439,
      4.0044023561074687e-07,
      4.660015737990027e-08,
      0.013647980375692554,
      0.03172122664467057
    ],
    [
      4.4327698701033506e-08,
      0.1427277480572777,
      0.8564727717295392,
      0.0007960379646764202,
      3.3979208078949364e-06
    ],
    [
      0.948954634402456,
      2.304684815676855e-07,
      4.8887180969793526e-09,
      0.005491533576970144,
      0.04555359666337408
    ],
    [
      1.7402283463455108e-07,
      0.8089147232344995,
      0.1902938607814595,
      1.4248388315166202e-05,
      0.0007769935728911128
    ],
    [
      1.6197397932737835e-08,
      0.9220941148107934,
      0.0001488388076167276,
      1.639851604707298e-12,
      0.0777570301825519
    ],
    [
      6.945349567836322e-07,
      6.339231259821447e-06,
      0.6984176639442089,
      0.30157530228770396,
      1.8705815549174987e-12
    ],
    [
      0.9120273794750894,
      1.0492298470469655e-05,
      7.476046998171796e-07,
      0.0132960857446426,
      0.07466529487709787
    ],
    [
      0.00042038738844956596,
      0.24290467950821612,
      1.327920777785279e-06,
      3.02222485558697e-09,
      0.7566736021603317
    ],
    [
      0.4833831530510044,
      7.885232256656565e-13,
      1.4124317471360282e-07,
      0.5165997038512034,
      1.7001853829153087e-05
    ],
    [
      1.7726121060555747e-11,
      0.5703484596787776,
      0.4296456087608573,
      1.2627654800985793e-06,
      4.668777159021574e-06
    ],
    [
      0.3432359567015796,
      6.984798550882725e-14,
      3.252483798778715e-07,
      0.6567614770825875,
      2.2409673833903045e-06
    ],
    [
      0.007754383148758537,
      0.09205666137862492,
      6.42431765096374e-06,
      1.3213692906983242e-06,
      0.9001812097856751
    ],
    [
      0.905448504414399,
      2.0860379579415457e-09,
      3.540140529443029e-15,
      0.00012662555363299923,
      0.09442486794592632
    ],
    [
      2.188081879172222e-05,
      0.019950190049572877,
      0.9389414613197488,
      0.04107761737436586,
      8.850437520984084e-06
    ],
    [
      1.0058998090827522e-11,
      0.9829815341036866,
      0.0046142708407523395,
      1.7679567865298397e-13,
      0.012404195045325389
    ],
    [
      0.002267309048274424,
      6.8284439854033576e-09,
      0.04014575439884321,
      0.9575869288514016,
      8.73036751208238e-10
    ],
    [
      0.6696095745592285,
      1.8663351021226645e-12,
      1.8292778300718662e-08,
      0.33028700461254507,
      0.00010340253358194039
    ],
    [
      4.232655425106046e-08,
      2.642406778655202e-05,
      0.8107701887889472,
      0.18920334481641754,
      2.9442594602332474e-13
    ],
    [
      4.138214051000167e-06,
      7.914959755887858e-08,
      0.4941465824654826,
      0.5058492001708166,
      5.234706423430442e-14
    ],
    [
      4.897469893370632e-06,
      0.7770106745775319,
      6.830236330937904e-05,
      6.813996513833804e-10,
      0.22291612490786575
    ],
    [
      0.00034086071820443864,
      1.756030470708593e-08,
      0.14309568582362225,
      0.8565634358584854,
      3.938320371222881e-11
    ],
    [
      0.884557422331741,
      1.191303592705825e-13,
      7.254790570892511e-12,
      0.11416513348098298,
      0.001277444179901857
    ],
    [
      1.2263621148390583e-08,
      0.9321824867943618,
      0.00020090167566653254,
      2.0524719276668807e-12,
      0.06761659926429793
    ],
    [
      0.054233770057217565,
      0.0031521647888489534,
      1.9859978310154713e-12,
      5.682592312994954e-10,
      0.9426140645836882
    ],
    [
      0.00030690346745098127,
      0.40096332544232044,
      1.9968924775071888e-05,
      3.06290644845921e-08,
      0.5987097715363889
    ],
    [
      1.2754054191473234e-11,
      0.9684799998556454,
      0.03026413401325925,
      1.0697779729289489e-10,
      0.0012558660113633625
    ],
    [
      0.24937551965961494,
      1.2183726128680029e-14,
      1.005104737084823e-06,
      0.7506231660460595,
      3.09189576610316e-07
    ],
    [
      0.0003423110308639767,
      0.16736812941523205,
      6.343315722136717e-09,
      5.791044887202395e-12,
      0.8322895532047971
    ],
    [
      8.378218240058925e-05,
      1.474329874498389e-07,
      0.27780759285852263,
      0.7221084774974965,
      2.859286834328128e-11
    ],
    [
      5.723997817511035e-12,
      0.8523702466611086,
      0.14755026718932115,
      9.95876845641037e-09,
      7.947618507778282e-05
    ],
    [
      0.8900991976410597,
      1.2609108791662223e-13,
      6.1007844554622855e-12,
      0.10851245813448711,
      0.0013883442182264982
    ],
    [
      3.899239434434789e-06,
      0.01713644806380097,
      0.9582323773468814,
      0.024625370874022993,
      1.904475860340269e-06
    ],
    [
      0.0007955747883185832,
      0.001019889825927688,
      0.5603509480689751,
      0.4378276232048652,
      5.964111913447356e-06
    ],
    [
      0.8716465762124401,
      1.3675573823601542e-07,
      1.726406343075963e-06,
      0.12382030612518118,
      0.004531254500297386
    ],
    [
      1.0572568929539352e-07,
      0.1443811525856363,
      0.8545540422340541,
      0.0010587830763583638,
      5.916378261997045e-06
    ],
    [
      0.9527483831264406,
      1.890758805827182e-12,
      4.249533873415658e-12,
      0.043503148858017905,
      0.0037484680094011912
    ],
    [
      0.018936330847984656,
      3.5816935054299826e-12,
      0.0031550742555615193,
      0.9779085945587671,
      3.341050331944533e-10
    ],
    [
      1.0302913931748831e-07,
      0.6986529592809466,
      0.30100991052910586,
      2.8643409834167935e-05,
      0.00030838375097377087
    ],
    [
      0.09702466348336293,
      2.597555541341431e-12,
      9.399656336606171e-05,
      0.9028812785334538,
      6.141721960648157e-08
    ],
    [
      4.4495343677769384e-11,
      0.004394084505795308,
      0.9746536305164404,
      0.020952284931968792,
      1.3000041143337294e-12
    ],
    [
      0.007253609837627805,
      0.06471767099242183,
      1.262201696867491e-06,
      3.3746105130372913e-07,
      0.9280271195072022
    ],
    [
      0.7521136769997379,
      0.00017641419889614343,
      2.2457259633708583e-06,
      0.005008850518899891,
      0.24269881255650283
    ],
    [
      0.9265850860899458,
      6.71930566597724e-06,
      2.5971283603532712e-06,
      0.03495597893111505,
      0.038449618544912856
    ],
    [
      0.008549551995937588,
      2.8764114836242916e-06,
      0.04541037699088535,
      0.9460360221124126,
      1.1724892809836042e-06
    ],
    [
      0.0344288026534921,
      1.2662364450975212e-09,
      0.0017640807909797252,
      0.9638069968532129,
      1.1843607886041581e-07
    ],
    [
      0.5348366348320865,
      4.87696134494414e-08,
      2.8583131744077372e-05,
      0.46471696199224116,
      0.0004177712743147596
    ],
    [
      0.05381693078616052,
      6.697278921113672e-09,
      0.0013835581741807063,
      0.9447986521205513,
      8.522218285920221e-07
    ],
    [
      0.0036536844850018632,
      1.4044529630857477e-06,
      0.06698934986262338,
      0.929355391898664,
      1.6930074757713315e-07
    ],
    [
      0.7606134534175089,
      1.0392513749074848e-11,
      1.518563088154186e-08,
      0.23911493506438225,
      0.00027159632208567587
    ],
    [
      4.890184598026594e-08,
      0.9026629058411944,
      0.09618298710421377,
      1.6250225313763566e-06,
      0.0011524331302144829
    ],
    [
      5.973397910020952e-08,
      0.32760244452236864,
      0.6721409513568218,
      0.0002315040399107718,
      2.504034691965418e-05
    ],
    [
      0.00023484786769731032,
      0.29814929166726734,
      2.416748950188774e-11,
      7.417955808494484e-16,
      0.701615860440867
    ],
    [
      0.946714286766318,
      2.582672095789812e-12,
      1.0729629406063651e-11,
      0.050195349562828756,
      0.0030903636575408417
    ],
    [
      7.190768633254234e-05,
      0.011061665768217927,
      0.9007808910127604,
      0.08807537197204916,
      1.016356064001645e-05
    ],
    [
      2.6540590081619676e-09,
      0.9655142771127446,
      0.0007154737086227485,
      3.944321480207481e-12,
      0.03377024652062918
    ],
    [
      0.4723651995737022,
      2.4658432141043056e-08,
      3.1651481109688674e-05,
      0.5273733457481231,
      0.00022977853863272304
    ],
    [
      0.9771041654163004,
      5.5363265330566525e-11,
      3.507315695061105e-12,
      0.011398039961657133,
      0.011497794563171855
    ],
    [
      1.645167662735154e-09,
      0.977215488317589,
      0.0014889247777611489,
      1.1255684085728908e-11,
      0.021295585248226504
    ],
    [
      0.002471643766305557,
      0.4683807511552756,
      0.0007900190479210268,
      1.558036452610905e-05,
      0.5283420056659718
    ],
    [
      0.37690988781567947,
      2.2926308933843044e-07,
      0.00018257120755179403,
      0.6226119957938301,
      0.0002953159198494309
    ],
    [
      0.06346040626705216,
      4.0805781651619873e-08,
      0.001859415736839724,
      0.9346769183327339,
      3.2188575925121476e-06
    ],
    [
      0.06889470234379613,
      0.004513167756260033,
      3.011174414335281e-08,
      1.6796853076752493e-06,
      0.9265904201028922
    ],
    [
      1.630891254556975e-08,
      0.03496833532738509,
      0.9620367976183467,
      0.0029947507850087204,
      9.996034714361193e-08
    ],
    [
      0.728409716950467,
      1.2309346642006415e-05,
      2.8052280802752865e-09,
      0.000336802272138118,
      0.27124116862552483
    ],
    [
      0.7273604927202054,
      3.051670146987895e-08,
      4.404285916205262e-06,
      0.27155872614037563,
      0.0010763463368013478
    ],
    [
      7.504414931400876e-05,
      0.7708845961123597,
      0.0006629533456878455,
      3.018047735766526e-07,
      0.22837710458786492
    ],
    [
      0.6900062781430795,
      0.00015922841901756503,
      6.138593300666756e-07,
      0.0020454939489493004,
      0.3077883856296233
    ],
    [
      0.967462269945514,
      1.8767002214392902e-08,
      6.865918861166016e-10,
      0.007073138130726501,
      0.025464572470165432
    ],
    [
      0.542778684576144,
      9.200716882724682e-11,
      9.666728578684634e-07,
      0.4571493532373847,
      7.099542160642076e-05
    ],
    [
      1.7848711651581422e-08,
      0.9158482633308188,
      0.08315013201782423,
      6.126542051945868e-07,
      0.0010009741484400397
    ],
    [
      2.3198438593784757e-06,
      8.618799132974468e-07,
      0.5741435229801211,
      0.4258532952954773,
      6.288386081805011e-13
    ],
    [
      5.816796981878082e-09,
      0.00010725242837831123,
      0.8755823643017863,
      0.12431037745282443,
      2.1384092504712118e-13
    ],
    [
      8.458319463841427e-07,
      0.9714562243331241,
      0.01372404636607002,
      3.9839751236501995e-07,
      0.014818485071347094
    ],
    [
      0.00036474265805596593,
      2.3935283623619633e-08,
      0.14026247658955338,
      0.8593727567541583,
      6.294880544006482e-11
    ],
    [
      0.8166357716474864,
      6.73558877940354e-09,
      5.741521092563134e-07,
      0.18204490040792118,
      0.0013187470568942626
    ],
    [
      0.9452520130002473,
      4.191436052431735e-07,
      3.470284272108975e-07,
      0.03804152133081047,
      0.01670569949690971
    ],
    [
      0.13521270377192962,
      5.707004728559255e-16,
      2.444792852428556e-05,
      0.8647628461532487,
      2.146296645125692e-09
    ],
    [
      0.062165839376239033,
      1.1451165515103252e-07,
      0.002647905845286324,
      0.9351807468398611,
      5.393426958316786e-06
    ],
    [
      1.5757508241190504e-11,
      0.07535017540853227,
      0.9241814340668552,
      0.00046838807730578393,
      2.4315492030268074e-09
    ],
    [
      0.9504196847602328,
      5.369464975923868e-07,
      2.226257636599729e-07,
      0.02725131418163761,
      0.022328241485868493
    ],
    [
      0.015854537423188958,
      0.012020612899207446,
      1.0089123105128687e-09,
      5.3582198297359234e-09,
      0.9721248433104714
    ],
    [
      0.016759233262859292,
      0.018204408379128595,
      1.3746520125689997e-12,
      6.564915037615231e-12,
      0.9650363583500723
    ],
    [
      8.56016722155862e-06,
      0.9008355935450671,
      0.0013613594184591336,
      8.971034552391583e-08,
      0.09779439715890645
    ],
    [
      0.9150530393026096,
      6.180648185453667e-07,
      1.7014720823784241e-06,
      0.07376318800763852,
      0.011181453152850665
    ],
    [
      9.027596644574708e-05,
      1.3017309163480377e-08,
      0.24869229670079532,
      0.7512174143136181,
      1.8316042098145763e-12
    ],
    [
      1.702979345255438e-08,
      0.11758898041655269,
      0.8816489888117709,
      0.0007607681460760168,
      1.245595807041868e-06
    ],
    [
      0.0030774932379224883,
      5.394975245975027e-06,
      0.10273919900784573,
      0.8941775505657417,
      3.6221324412908705e-07
    ],
    [
      2.1276946721940582e-08,
      7.577224002047907e-05,
      0.8621920557683151,
      0.13773215071395215,
      7.653194085813908e-13
    ],
    [
      1.0480554005933409e-10,
      0.03678675827404775,
      0.9617305850590199,
      0.0014826549154303371,
      1.6466966050677967e-09
    ],
    [
      0.30306086799154885,
      8.626837579499784e-05,
      7.395425900344935e-13,
      1.3835696720090455e-07,
      0.6968527252749493
    ],
    [
      0.01127665275727923,
      2.1712951917491348e-10,
      0.006366930854556694,
      0.9823564139658232,
      2.205211572380503e-09
    ],
    [
      1.3137919382208209e-10,
      0.2990957652023495,
      0.7008710169386909,
      3.2403566301501035e-05,
      8.141612787114971e-07
    ],
    [
      1.1028006759034416e-10,
      0.949413666858696,
      0.00048007812172862224,
      1.076312395009329e-14,
      0.050106254909284706
    ],
    [
      0.41367864512270486,
      3.209486352093898e-06,
      0.000541420632868565,
      0.584694170811555,
      0.0010825539465196842
    ],
    [
      3.7581419790541665e-06,
      0.6724751305491143,
      7.1148238099464e-06,
      1.8634052594239677e-11,
      0.32751399646646273
    ],
    [
      9.160260196723665e-10,
      0.004335056128735404,
      0.9808412271953623,
      0.014823715689676798,
      7.01994817821926e-11
    ],
    [
      1.6358627208194257e-10,
      0.006158132389720576,
      0.9819374761312597,
      0.011904391294461,
      2.0972563956068034e-11
    ],
    [
      1.0135558617908877e-05,
      0.6666928073770206,
      1.825873917509232e-05,
      2.7734646174416003e-10,
      0.33327879804783966
    ],
    [
      2.693814078143787e-11,
      0.7063434869373678,
      0.2936372466561753,
      3.303991470382316e-07,
      1.8935980371728688e-05
    ],
    [
      0.03038068928222789,
      0.006732836844045953,
      3.981198030841629e-12,
      1.7223338589649764e-10,
      0.9628864736975116
    ],
    [
      0.8670962357903939,
      4.5502153280285876e-07,
      4.11281691635645e-06,
      0.12664407206813094,
      0.006255124303026202
    ],
    [
      0.0005303768038071501,
      7.1407927132259e-08,
      0.1254883253561069,
      0.8739812260307066,
      4.0145224575705024e-10
    ],
    [
      0.5688653160715306,
      6.535969357683696e-06,
      1.1852144685986331e-12,
      3.93664007242857e-06,
      0.4311242113178543
    ],
    [
      9.92749611237024e-09,
      0.06359381241377428,
      0.9349997179390207,
      0.0014062231557614064,
      2.3656394759642623e-07
    ],
    [
      0.0010691392138958088,
      1.0420800404979827e-06,
      0.12689772734675003,
      0.872032074533966,
      1.682534744962766e-08
    ],
    [
      0.08540547767163109,
      0.002362578340617485,
      1.2562134507136102e-13,
      1.6203933441018463e-10,
      0.9122319438255865
    ],
    [
      0.2526613400946996,
      2.0222793417542438e-13,
      2.261678450117254e-06,
      0.7473356626266391,
      7.35600008879232e-07
    ],
    [
      2.3950768236757494e-12,
      0.9366811394170876,
      0.06288308481343816,
      2.062756646695054e-10,
      0.00043577556080356077
    ],
    [
      6.0292129458025495e-05,
      1.2606952641073097e-09,
      0.30752612314738315,
      0.6924135834624288,
      3.4572646510604504e-14
    ],
    [
      3.9835524455012636e-05,
      7.283924082613465e-08,
      0.32886541414369497,
      0.6710946774894432,
      3.1659352147673556e-12
    ],
    [
      0.00013946287374943855,
      2.2463882642280124e-05,
      0.4319900150075872,
      0.5678480431704525,
      1.506556859722478e-08
    ],
    [
      0.4054562234380487,
      1.1818850733920398e-10,
      4.221301682952058e-06,
      0.5945132714743178,
      2.6283667762227622e-05
    ],
    [
      8.270508383272455e-14,
      0.746931281577009,
      0.25305527442983505,
      4.225462854473027e-09,
      1.3439767610093952e-05
    ],
    [
      5.089398656715063e-07,
      0.0016134649262711563,
      0.943662586686749,
      0.05472343142345928,
      8.023655131258013e-09
    ],
    [
      0.9399895782543962,
      2.37447915767182e-08,
      2.2673537716128937e-11,
      0.0012980937094230701,
      0.0587123042687155
    ],
    [
      3.3941786667876455e-07,
      0.00023720479977181982,
      0.8844418874849864,
      0.11532056807175944,
      2.2561549150654318e-10
    ],
    [
      0.0007574396366048184,
      2.7097737047318345e-05,
      0.27875358239929127,
      0.720461701060844,
      1.7916621271611144e-07
    ],
    [
      0.00023380436464554737,
      1.4058055705046305e-09,
      0.17610394895454948,
      0.8236622452740788,
      9.203578706347548e-13
    ],
    [
      3.108958940858385e-12,
      0.1175536538522986,
      0.8822557717710968,
      0.00019057165265760215,
      2.720838136704223e-09
    ],
    [
      5.364303742973796e-05,
      8.441642390671125e-05,
      0.6074469980938976,
      0.3924149228214014,
      1.9623364622803418e-08
    ],
    [
      8.833751408541605e-06,
      0.9400823490855111,
      0.004951812322693351,
      5.91483569045072e-07,
      0.05495641335681789
    ],
    [
      2.686334979018424e-07,
      2.7735235521532173e-06,
      0.6890990875401264,
      0.31089787030271426,
      1.0947209274420897e-13
    ],
    [
      0.5076045458416076,
      9.491144690990983e-06,
      2.923662965187227e-14,
      2.7980398456375967e-07,
      0.49238568320968773
    ],
    [
      0.016013916158406343,
      9.72566616167124e-11,
      0.003825751787527962,
      0.980160328954046,
      3.002763085553109e-09
    ],
    [
      4.82203636425704e-05,
      4.319919489878484e-08,
      0.30759179576479606,
      0.6923599406700072,
      2.3592688778739672e-12
    ],
    [
      6.054915311342123e-08,
      0.11210721880964539,
      0.8866880906804404,
      0.0012020986016371279,
      2.5313591239036267e-06
    ],
    [
      0.6756677357489023,
      0.00039769028968270363,
      3.720310390675907e-06,
      0.003998173235616262,
      0.31993268041540796
    ],
    [
      3.087935310936602e-07,
      6.103843572967213e-06,
      0.7183972536664193,
      0.2815963336959709,
      5.058100783251703e-13
    ],
    [
      5.385925591178989e-09,
      0.35263309625824707,
      0.6472829239135676,
      7.510705340678827e-05,
      8.867388852950841e-06
    ],
    [
      0.003125631052696251,
      0.06962341071266384,
      1.32149613966896e-07,
      1.1562392375174494e-08,
      0.9272508145226335
    ],
    [
      0.1986668283611995,
      4.987014187226246e-10,
      6.304278811510308e-05,
      0.8012647642907272,
      5.364061256704552e-06
    ],
    [
      0.7887104571171679,
      6.652148366338876e-08,
      2.5840705728607232e-17,
      1.0274634803756468e-06,
      0.21128844889786796
    ],
    [
      0.3655076815789606,
      8.454292397690272e-07,
      0.00037015725508765735,
      0.6336518921469069,
      0.0004694235898051848
    ],
    [
      1.8832953259884578e-05,
      0.8533701472875215,
      0.0008359302234405885,
      9.930827528734057e-08,
      0.145774990227503
    ],
    [
      0.002550876604623595,
      4.9823577350666663e-11,
      0.03957156254259292,
      0.957877560794204,
      8.75612699275801e-12
    ],
    [
      1.602642257084157e-05,
      0.9327250650852267,
      0.050476495201473195,
      2.781588361597153e-05,
      0.01675459740711344
    ],
    [
      1.7486681897165317e-07,
      0.05197842993618092,
      0.9441982278781116,
      0.0038219602147768488,
      1.207104111613862e-06
    ],
    [
      0.0005182292944136355,
      6.505783544249689e-09,
      0.11101509800381003,
      0.888466666163171,
      3.282172835872751e-11
    ],
    [
      6.597094065299157e-06,
      1.8578056140860534e-07,
      0.4772157883105942,
      0.5227774288143572,
      4.219132432955e-13
    ],
    [
      4.894788408754671e-07,
      0.8364831491514235,
      0.16206782431413366,
      1.9337751147363867e-05,
      0.001429199304454527
    ],
    [
      0.7667036095938855,
      1.252454275315714e-07,
      7.661935388123443e-17,
      9.507781884480102e-07,
      0.23329531438249831
    ],
    [
      0.0008798232364488558,
      1.8124071635458065e-10,
      0.09028508680963242,
      0.9088350897706597,
      2.0181658264773406e-12
    ],
    [
      1.7217824354965448e-06,
      0.8175741114093522,
      6.958547824044303e-05,
      1.9173670383513793e-10,
      0.1823545811382351
    ],
    [
      7.806108922653615e-05,
      0.12892571038206851,
      0.8524030225537128,
      0.01829794913752087,
      0.0002952568374712661
    ],
    [
      0.673082356149967,
      2.030851869850549e-06,
      1.1445099231746766e-12,
      1.1713732135568913e-05,
      0.3269038992648831
    ],
    [
      0.7348990680894335,
      5.944617038248812e-07,
      1.9989406611833182e-13,
      1.2758145881363181e-05,
      0.2650875793027815
    ],
    [
      5.754779784622805e-09,
      0.8951936233807108,
      5.925407931793542e-05,
      5.000024987541109e-14,
      0.1047471167851413
    ],
    [
      0.07462303477846267,
      0.0020577639064423116,
      5.48664932668688e-10,
      1.4331635476460563e-07,
      0.9233190574500753
    ],
    [
      5.177689989555192e-10,
      0.9864480235269922,
      0.0046705756241449264,
      4.1840975987361135e-11,
      0.008881400289253234
    ],
    [
      0.0002358951154025912,
      0.19536135478500016,
      7.379918197928868e-09,
      3.1390527154451075e-12,
      0.8044027427165401
    ],
    [
      0.23346988049577042,
      0.00045035944036291275,
      1.979342892918871e-09,
      5.732919460092407e-06,
      0.7660740251650636
    ],
    [
      0.039804429061465654,
      0.008509609680588847,
      4.364053910677774e-08,
      6.948874211091187e-07,
      0.9516852227299852
    ],
    [
      1.158436686082769e-11,
      0.9591766102706752,
      0.03997852303003469,
      2.3359802940779665e-10,
      0.0008448664541075307
    ],
    [
      0.00029279764436036213,
      0.43837681665829004,
      3.315786302626873e-05,
      4.8949340027731494e-08,
      0.5612971788849831
    ],
    [
      0.0073013819345106356,
      0.0001146195332300107,
      0.15238976670514487,
      0.8401813169515284,
      1.291487558591234e-05
    ],
    [
      3.812787023780146e-09,
      0.7747229012508765,
      0.22512396835341814,
      2.2829487467265758e-06,
      0.0001508436341716404
    ],
    [
      0.0007330716282328801,
      0.11741083566394092,
      6.911768363226278e-09,
      3.314955292368624e-11,
      0.8818560857629082
    ],
    [
      0.2333071435306911,
      0.0016155419063783386,
      1.9679233212746262e-07,
      6.468854812438632e-05,
      0.7650124292224741
    ],
    [
      0.6547349006122372,
      6.534332233596957e-13,
      1.0711285148469155e-08,
      0.34518131107950195,
      8.377759632233905e-05
    ],
    [
      5.020759783032609e-13,
      0.41645661166281145,
      0.583541118503008,
      2.0494307536509786e-06,
      2.2040292485110255e-07
    ],
    [
      5.522738676637154e-07,
      0.7803907642819675,
      1.429151077506319e-05,
      3.4290669048675147e-12,
      0.2195943919299605
    ],
    [
      9.220974092647174e-07,
      0.0023355657679730566,
      0.9459430815964246,
      0.051720404765059264,
      2.5773133908903848e-08
    ],
    [
      0.10414099730420077,
      0.0022557285593587306,
      1.1479965331801893e-08,
      2.246446564510254e-06,
      0.8936010162099107
    ],
    [
      0.002286881276593772,
      0.13866194577731522,
      2.5420532219129683e-06,
      8.754047071813585e-08,
      0.8590485433523982
    ],
    [
      0.007745705127879591,
      8.887421006184465e-06,
      0.06732766483604805,
      0.9249155293528454,
      2.2132622206817626e-06
    ],
    [
      0.7700423930326644,
      1.588526533288413e-07,
      5.5282524686643064e-15,
      6.051915203181698e-06,
      0.22995139619947363
    ],
    [
      1.841702129235053e-08,
      0.0005343677958904083,
      0.938082484211999,
      0.061383129546460254,
      2.8628998946109496e-11
    ],
    [
      0.0007077549808952938,
      0.11777037431562164,
      2.3288045745221116e-09,
      8.720313549186684e-12,
      0.8815218683659581
    ],
    [
      0.9635467453537786,
      7.478674126856532e-08,
      5.7798969343114374e-09,
      0.010245465991031122,
      0.026207708088552203
    ],
    [
      0.00033951863405323664,
      0.17089446698326424,
      1.2904899165085841e-08,
      1.3311252382138963e-11,
      0.8287660014644721
    ],
    [
      0.12485891985640757,
      0.001713197562526163,
      9.587785661734369e-09,
      3.033101511307042e-06,
      0.8734248398917693
    ],
    [
      1.8496665731737538e-08,
      0.672140152539912,
      0.3277154592766478,
      1.4190716974956872e-05,
      0.00013017896979961962
    ],
    [
      0.9156860903171029,
      1.0091633087560688e-10,
      2.4728662718631037e-09,
      0.0825029016887055,
      0.0018110054204090753
    ],
    [
      3.2787107244945337e-10,
      0.006294724307703306,
      0.9826940050555817,
      0.011011270256559428,
      5.228434487235716e-11
    ],
    [
      1.3858630117309472e-05,
      0.4601900246871874,
      2.1796905349851964e-07,
      1.1050004109082733e-12,
      0.5397958987125367
    ],
    [
      5.917302064667535e-06,
      0.6092859399371028,
      3.1178212607628346e-06,
      1.1229975402739474e-11,
      0.3907050249283416
    ],
    [
      2.2007043455545267e-13,
      0.7759949413118209,
      0.22398391905526197,
      4.74141006047226e-09,
      2.1134891286974856e-05
    ],
    [
      5.536889622478377e-11,
      0.0038778135506013964,
      0.9734656950026696,
      0.02265649139011283,
      1.2473753611757224e-12
    ],
    [
      0.9535191193836277,
      4.9475033819525677e-08,
      5.5713575597689554e-08,
      0.035973250331536845,
      0.010507525096226142
    ],
    [
      1.0861841672430952e-06,
      0.06666474551730878,
      0.9277388007095434,
      0.005588860616239059,
      6.506972741399393e-06
    ],
    [
      0.4990373492391902,
      9.746599282493472e-05,
      5.97724749677917e-09,
      9.141382274984174e-05,
      0.5007737649679876
    ],
    [
      0.00020938508169551174,
      0.0005879850338877434,
      0.6438829093706655,
      0.35531890283857004,
      8.176751813211497e-07
    ],
    [
      0.4613889220643267,
      1.6159312212915523e-05,
      1.1101310451054704e-13,
      3.3888483865327305e-07,
      0.5385945797385107
    ],
    [
      0.12212445091260864,
      1.427839941272444e-05,
      0.00762358041949028,
      0.8700073383656433,
      0.00023035190284494245
    ],
    [
      0.18982728041989327,
      6.706894088651131e-07,
      0.0011259472912565802,
      0.8089352436177815,
      0.00011085798165979275
    ],
    [
      1.252462336362342e-06,
      4.6068421463966056e-05,
      0.7759957395358698,
      0.22395693949344642,
      8.68833819686985e-11
    ],
    [
      0.334705086851562,
      0.001808228164491764,
      1.4720383221183897e-06,
      0.00039568997529983873,
      0.6630895229703243
    ],
    [
      0.006589660046120531,
      0.08605292553851399,
      3.384646026067355e-06,
      6.197203106413446e-07,
      0.9073534100490287
    ],
    [
      1.9694332752486024e-11,
      0.039699036615002396,
      0.9589117604954209,
      0.0013892024730464312,
      3.96836105054603e-10
    ],
    [
      0.7566738172492002,
      2.3092868952025855e-05,
      2.6478157102449483e-08,
      0.0009380347327973862,
      0.2423650286708933
    ],
    [
      3.726106602493584e-10,
      0.049266488803679134,
      0.9496546716253318,
      0.0010788283795376541,
      1.0818840532382104e-08
    ],
    [
      0.015281961411883382,
      0.027836011424946083,
      2.655067452405367e-07,
      3.912071126369952e-07,
      0.9568813704493127
    ],
    [
      0.0012435204943001895,
      1.0762446118302794e-06,
      0.11814570519517903,
      0.880609675771715,
      2.229419394305153e-08
    ],
    [
      0.0050882348918760145,
      3.1265310577975285e-12,
      0.02810271443317691,
      0.9668090506688141,
      3.0065629077108897e-12
    ],
    [
      5.475287234899487e-11,
      0.9031198642182652,
      0.09664899136597772,
      1.4137368227188773e-08,
      0.00023113022363595865
    ],
    [
      0.002034981889530748,
      0.06291058011607686,
      1.1386003706976238e-09,
      4.526355232630938e-11,
      0.9350544368105285
    ],
    [
      0.33438819385957524,
      0.0003294393152610095,
      9.601111103816957e-09,
      3.3890968280605505e-05,
      0.6652484662557722
    ],
    [
      4.6859878214190404e-08,
      0.00021013891658323651,
      0.9017458168451377,
      0.09804399736256067,
      1.5840289750518663e-11
    ],
    [
      1.5175054771959103e-05,
      0.9491862825054773,
      0.015920046350774625,
      4.9850438201358275e-06,
      0.0348735110451558
    ],
    [
      0.025818215552620996,
      1.5100392892306495e-07,
      0.007669608877819591,
      0.966510834098581,
      1.1904670495401566e-06
    ],
    [
      0.24008341890473092,
      1.1929534234896235e-11,
      1.0483481924271378e-05,
      0.7599038116377432,
      2.2859636718634474e-06
    ],
    [
      0.6607550578117699,
      1.488036575113836e-06,
      8.386724817091385e-14,
      3.4801775030106124e-06,
      0.3392399739740679
    ],
    [
      0.9590433250604251,
      7.434796175412557e-09,
      2.4224057861861556e-11,
      0.002482865388768742,
      0.038473802091786094
    ],
    [
      1.7924887814092172e-07,
      0.908414821473631,
      0.08966766773634005,
      3.34819064718921e-06,
      0.0019139833505037302
    ],
    [
      9.161516633323852e-06,
      6.683975421748712e-07,
      0.48681276757117836,
      0.5131774025104067,
      4.239531551390944e-12
    ],
    [
      0.27208789997896626,
      0.0015051904118736413,
      3.324061139844525e-07,
      0.00011886366331371785,
      0.7262877135397325
    ],
    [
      0.8131271969551218,
      5.64747467868165e-06,
      4.405172359206083e-09,
