{
  "dataset": "circles",
  "algorithm": "gmm",
  "params": {
    "n_components": 3,
    "covariance_type": "diag"
  },
  "labels": [
    0,
    0,
    0,
    1,
    0,
    1,
    0,
    0,
    0,
    1,
    2,
    1,
    1,
    0,
    0,
    1,
    2,
    2,
    0,
    1,
    2,
    2,
    0,
    0,
    0,
    2,
    2,
    2,
    0,
    0,
    2,
    0,
    1,
    1,
    2,
    0,
    1,
    0,
    1,
    0,
    1,
    0,
    2,
    1,
    2,
    0,
    2,
    2,
    1,
    2,
    0,
    1,
    1,
    1,
    1,
    0,
    1,
    2,
    1,
    0,
    2,
    2,
    0,
    2,
    0,
    2,
    1,
    0,
    2,
    1,
    0,
    0,
    2,
    0,
    0,
    0,
    2,
    0,
    1,
    1,
    1,
    0,
    2,
    1,
    0,
    0,
    1,
    1,
    0,
    0,
    0,
    2,
    0,
    0,
    1,
    0,
    0,
    0,
    1,
    2,
    2,
    1,
    2,
    0,
    0,
    0,
    0,
    2,
    0,
    1,
    1,
    1,
    0,
    2,
    2,
    2,
    2,
    2,
    0,
    2,
    2,
    1,
    0,
    1,
    2,
    2,
    1,
    1,
    1,
    0,
    2,
    0,
    2,
    2,
    1,
    0,
    1,
    2,
    2,
    2,
    0,
    1,
    2,
    0,
    2,
    2,
    2,
    2,
    2,
    1,
    2,
    0,
    2,
    2,
    2,
    0,
    2,
    1,
    1,
    0,
    0,
    0,
    1,
    2,
    1,
    2,
    2,
    2,
    1,
    0,
    2,
    1,
    2,
    0,
    0,
    1,
    0,
    1,
    1,
    0,
    1,
    1,
    1,
    2,
    1,
    1,
    0,
    0,
    2,
    1,
    2,
    0,
    1,
    2,
    0,
    2,
    1,
    0,
    1,
    0,
    1,
    0,
    2,
    1,
    1,
    1,
    2,
    0,
    2,
    0,
    2,
    0,
    0,
    0,
    2,
    0,
    1,
    2,
    0,
    2,
    1,
    2,
    2,
    1,
    1,
    0,
    2,
    1,
    0,
    0,
    0,
    0,
    1,
    2,
    0,
    0,
    0,
    1,
    1,
    1,
    1,
    1,
    1,
    2,
    1,
    0,
    0,
    2,
    0,
    1,
    2,
    0,
    2,
    1,
    0,
    1,
    1,
    1,
    1,
    1,
    0,
    0,
    0,
    0,
    1,
    2,
    1,
    0,
    1,
    0,
    1,
    1,
    2,
    0,
    0,
    0,
    1,
    1,
    2,
    0,
    0,
    2,
    1,
    2,
    1,
    1,
    0,
    1,
    1,
    0,
    0,
    0,
    1,
    0,
    0,
    1,
    0,
    1,
    2,
    2,
    1,
    2,
    0,
    1,
    1,
    1,
    2,
    2,
    0,
    0,
    0,
    2,
    1,
    1,
    0,
    0,
    1,
    0,
    0,
    0,
    1,
    1,
    2,
    1,
    0,
    2,
    0,
    2,
    1,
    1,
    1,
    2,
    2,
    2,
    1,
    1,
    1,
    0,
    2,
    0,
    0,
    2,
    2,
    1,
    1,
    2,
    2,
    1,
    1,
    0,
    2,
    1,
    2,
    2,
    1,
    0,
    2,
    1,
    2,
    1,
    0,
    0,
    2,
    0,
    0,
    2,
    2,
    0,
    1,
    1,
    2,
    1,
    2,
    2,
    0,
    1,
    1,
    1,
    0,
    1,
    1,
    2,
    2,
    0,
    1,
    0,
    0,
    2,
    1,
    2,
    0,
    2,
    1,
    2,
    2,
    1,
    1,
    0,
    2,
    1,
    2,
    0,
    1,
    2,
    2,
    2,
    0,
    0,
    2,
    1,
    1,
    0,
    2,
    1,
    1,
    0,
    2,
    0,
    0,
    1,
    2,
    1,
    2,
    0,
    1,
    0,
    1,
    0,
    2,
    1,
    0,
    0,
    0,
    2,
    0,
    0,
    2,
    2,
    2,
    0,
    0,
    1,
    2,
    1,
    0,
    2,
    1,
    0,
    2,
    0,
    2,
    0,
    0,
    0,
    2,
    1,
    1,
    1,
    2,
    1,
    1,
    0,
    0,
    0,
    2,
    2,
    2,
    0,
    1,
    1,
    2,
    1,
    1,
    1,
    0,
    1,
    0,
    2,
    0,
    1,
    1,
    1,
    0,
    0,
    0,
    0,
    1,
    0,
    1,
    1,
    0,
    2,
    2,
    1,
    0,
    0,
    2,
    0,
    1,
    0
  ],
  "means": [
    {
      "x": -0.3043933482610941,
      "y": 0.5187085119420405
    },
    {
      "x": -0.23876560638042776,
      "y": -0.5742621134579161
    },
    {
      "x": 0.68918108269716,
      "y": 0.03483745656357862
    }
  ],
  "probabilities": [
    [
      0.9836948149380181,
      0.01630419818052973,
      9.868814522005567e-07
    ],
    [
      0.997658056523321,
      1.3228482296723629e-06,
      0.0023406206284493883
    ],
    [
      0.7416222673635328,
      0.2583746431483714,
      3.089488095912798e-06
    ],
    [
      0.002222082329746038,
      0.9977778024023384,
      1.1526791541404972e-07
    ],
    [
      0.9999154587320979,
      8.453915437735812e-05,
      2.113524799569708e-09
    ],
    [
      0.062022472020594084,
      0.9379745284758481,
      2.9995035578009886e-06
    ],
    [
      0.8442873351303973,
      0.15571049324206704,
      2.1716275357526325e-06
    ],
    [
      0.9214754151078789,
      0.07852458474037682,
      1.517442426046327e-10
    ],
    [
      0.9997167515142388,
      5.43125049622384e-06,
      0.00027781723526504993
    ],
    [
      0.000889496486504599,
      0.9733125203830533,
      0.025797983130442088
    ],
    [
      0.022474193378945417,
      0.0015829164020475202,
      0.9759428902190074
    ],
    [
      1.5993393602786388e-05,
      0.8938678968870679,
      0.10611610971932924
    ],
    [
      0.006036540259144062,
      0.9938464514151939,
      0.0001170083256622549
    ],
    [
      0.9999730123470378,
      2.6923365501538408e-05,
      6.428746063930031e-08
    ],
    [
      0.7868082649908673,
      0.2131410942066639,
      5.0640802468769924e-05
    ],
    [
      0.15387391283974355,
      0.8461221817036366,
      3.905456619687962e-06
    ],
    [
      0.021038678568831216,
      0.055868509776874895,
      0.9230928116542939
    ],
    [
      0.15023475364716107,
      9.29016845496926e-06,
      0.8497559561843839
    ],
    [
      0.9353824364964157,
      0.003861689026527375,
      0.06075587447705698
    ],
    [
      0.02299021184510678,
      0.9767128189320431,
      0.0002969692228503693
    ],
    [
      0.017037413895093965,
      0.10879182903424257,
      0.8741707570706634
    ],
    [
      0.013409828659569129,
      0.030243428647287286,
      0.9563467426931436
    ],
    [
      0.7155771765833862,
      0.0018949070389522925,
      0.2825279163776619
    ],
    [
      0.9934577026209463,
      0.006527352054627979,
      1.4945324425848211e-05
    ],
    [
      0.9999714351964526,
      1.8843780833941548e-05,
      9.721022713732246e-06
    ],
    [
      0.08916488156692226,
      0.3975881747971763,
      0.5132469436359016
    ],
    [
      0.04977538998798314,
      0.13747400866007414,
      0.8127506013519428
    ],
    [
      8.883436964375791e-05,
      0.4133934034282334,
      0.5865177622021229
    ],
    [
      0.9999739476100662,
      2.6051901312404836e-05,
      4.886212525924648e-10
    ],
    [
      0.9990223849160259,
      0.0009614777799947197,
      1.613730397931248e-05
    ],
    [
      0.004210268066469638,
      0.32152585506337455,
      0.6742638768701559
    ],
    [
      0.999202503178537,
      0.0007945179227080836,
      2.9788987550763234e-06
    ],
    [
      0.003296697455956209,
      0.9038903455195095,
      0.09281295702453422
    ],
    [
      0.00011564208648719513,
      0.9998696292970919,
      1.4728616420873413e-05
    ],
    [
      0.02165736153464125,
      0.0017814179805316112,
      0.9765612204848274
    ],
    [
      0.9950350524316847,
      0.004909946733440819,
      5.5000834874728854e-05
    ],
    [
      0.014565903310026546,
      0.9854333735328998,
      7.231570737740977e-07
    ],
    [
      0.9980935065545968,
      1.3326499847451143e-06,
      0.0019051607954182336
    ],
    [
      0.00017239250111702147,
      0.5941285089439564,
      0.4056990985549266
    ],
    [
      0.9932314393407556,
      4.544901235712211e-07,
      0.0067681061691211635
    ],
    [
      0.12548081833890778,
      0.8745063065082314,
      1.2875152860775258e-05
    ],
    [
      0.9999224206188188,
      7.757931836963285e-05,
      6.281184920822708e-11
    ],
    [
      0.04384042338861687,
      0.13291728238191958,
      0.8232422942294636
    ],
    [
      1.0529788233685842e-05,
      0.999382221464398,
      0.0006072487473683572
    ],
    [
      0.19846457631347414,
      8.567029734159996e-05,
      0.8014497533891842
    ],
    [
      0.999692272730298,
      1.8291483590621e-06,
      0.00030589812134300566
    ],
    [
      0.013065687002499203,
      0.004159053936835209,
      0.9827752590606658
    ],
    [
      0.04282253731197718,
      0.0002372267332407852,
      0.9569402359547821
    ],
    [
      0.00169685400758916,
      0.9982904006457481,
      1.2745346662809553e-05
    ],
    [
      0.09633975179344852,
      9.964808490149204e-05,
      0.9035606001216501
    ],
    [
      0.999998332598534,
      3.7240600090486744e-07,
      1.294995465461378e-06
    ],
    [
      0.0001101309632666947,
      0.9998687827341286,
      2.108630260475567e-05
    ],
    [
      0.3896430946469845,
      0.6103569053069408,
      4.60747453841743e-11
    ],
    [
      0.014452555924937213,
      0.9855388802441976,
      8.563830865209229e-06
    ],
    [
      3.3839082563371496e-05,
      0.9876441663516494,
      0.012321994565787012
    ],
    [
      0.9770742837291235,
      2.1401176342181916e-07,
      0.022925502259113238
    ],
    [
      0.0071426102534117904,
      0.9928573876843739,
      2.0622142339849448e-09
    ],
    [
      0.06514555446141089,
      0.0002643418510467199,
      0.9345901036875424
    ],
    [
      6.171325027767159e-05,
      0.8825458002673809,
      0.11739248648234124
    ],
    [
      0.9999985149911241,
      3.8154915846596864e-07,
      1.103459717426732e-06
    ],
    [
      0.023462407365619446,
      0.11164703118899073,
      0.8648905614453897
    ],
    [
      0.1533796526223379,
      0.029208435790628585,
      0.8174119115870335
    ],
    [
      0.9991263771267076,
      0.000462392610982746,
      0.00041123026230979574
    ],
    [
      0.005745768716146089,
      0.33859689702744583,
      0.6556573342564082
    ],
    [
      0.999998079317123,
      1.5660188634429887e-06,
      3.5466401324589946e-07
    ],
    [
      0.3636938414139068,
      2.4819627378613143e-06,
      0.6363036766233554
    ],
    [
      0.003268250188795488,
      0.8343599126889053,
      0.16237183712229927
    ],
    [
      0.8447984679109051,
      3.3102489521531798e-06,
      0.15519822184014265
    ],
    [
      0.0015618697150069497,
      0.04257522942099653,
      0.9558629008639965
    ],
    [
      0.12101493732412837,
      0.878981713719998,
      3.348955873746367e-06
    ],
    [
      0.976860377655815,
      0.02308313593288668,
      5.648641129831858e-05
    ],
    [
      0.9963234502945362,
      0.0035040136640326885,
      0.0001725360414312102
    ],
    [
      0.42410935128898936,
      0.00241025947642057,
      0.5734803892345899
    ],
    [
      0.6777131422110776,
      6.80923487770373e-05,
      0.3222187654401452
    ],
    [
      0.9943912141165608,
      0.00028032716668183286,
      0.005328458716757346
    ],
    [
      0.7904692731125494,
      0.00015630907034384857,
      0.2093744178171068
    ],
    [
      0.28818604239475304,
      0.0014440565587297185,
      0.7103699010465172
    ],
    [
      0.9998349702958258,
      4.1794280068607535e-06,
      0.00016085027616725297
    ],
    [
      0.00158475951919768,
      0.9523646159243601,
      0.04605062455644231
    ],
    [
      0.003971247165573937,
      0.5373974902332133,
      0.4586312626012128
    ],
    [
      0.0015763419928788468,
      0.9984236580064524,
      6.685786352937064e-13
    ],
    [
      0.9999974332142059,
      1.8706931514972337e-06,
      6.960926427093929e-07
    ],
    [
      0.06676592688671117,
      0.09801201002784625,
      0.8352220630854426
    ],
    [
      7.847075605995146e-05,
      0.9998259343770269,
      9.559486691313936e-05
    ],
    [
      0.9926586577120821,
      0.0002065529081716238,
      0.007134789379746263
    ],
    [
      0.9999902341425484,
      9.663083112675242e-06,
      1.0277433881644485e-07
    ],
    [
      8.133081323005996e-05,
      0.9996700098940812,
      0.0002486592926889419
    ],
    [
      0.06259735192202154,
      0.937015191773366,
      0.0003874563046123032
    ],
    [
      0.9839321250563524,
      0.0006258053446906518,
      0.01544206959895701
    ],
    [
      0.8243575582908939,
      0.0003683248130778813,
      0.17527411689602818
    ],
    [
      0.5781333577607217,
      0.42186601514877664,
      6.270905017625861e-07
    ],
    [
      0.003457257542405183,
      0.12847618471002245,
      0.8680665577475722
    ],
    [
      0.9914915726759809,
      0.008507934338042344,
      4.929859767893137e-07
    ],
    [
      0.9984247307623108,
      0.00021632948261072745,
      0.0013589397550786177
    ],
    [
      0.009859500302386366,
      0.9899418566782624,
      0.00019864301935150133
    ],
    [
      0.9747808504597261,
      0.025198728131466824,
      2.042140880722589e-05
    ],
    [
      0.9997838342692676,
      0.0002148508022677252,
      1.314928464569414e-06
    ],
    [
      0.99774183205832,
      1.3387326194107838e-05,
      0.0022447806154859825
    ],
    [
      0.0010207666263767818,
      0.9580150281822617,
      0.04096420519136136
    ],
    [
      0.031480525211835024,
      0.0006895696267415302,
      0.9678299051614234
    ],
    [
      0.008251722314840101,
      0.008575516332165392,
      0.9831727613529946
    ],
    [
      0.0026129137323899036,
      0.9927342905567276,
      0.004652795710882834
    ],
    [
      0.09915511826154616,
      0.00011785683400927172,
      0.9007270249044446
    ],
    [
      0.9994724585038495,
      0.00010391334641892267,
      0.00042362814973177164
    ],
    [
      0.9990311199564936,
      0.0008876502184452212,
      8.122982506122305e-05
    ],
    [
      0.7498966151791973,
      4.5541621781981095e-08,
      0.2501033392791811
    ],
    [
      0.8203614802021131,
      0.0006014127939989414,
      0.17903710700388814
    ],
    [
      0.00036558153743861544,
      0.13326473117293064,
      0.8663696872896306
    ],
    [
      0.9989099310845772,
      0.0010375038008662728,
      5.256511455678747e-05
    ],
    [
      0.19875716701904467,
      0.8012428233341344,
      9.646820762658425e-09
    ],
    [
      0.09068527758990629,
      0.9093147224062984,
      3.795557029926131e-12
    ],
    [
      0.004024856073070451,
      0.9956067854245961,
      0.0003683585023334749
    ],
    [
      0.9987351857893945,
      0.0010078072408070717,
      0.00025700696979845644
    ],
    [
      0.06823116529955886,
      8.023190354352255e-05,
      0.9316886027968977
    ],
    [
      0.0030762797567978175,
      0.2705933051954093,
      0.7263304150477929
    ],
    [
      0.2680646913732112,
      0.0026713623243740285,
      0.7292639463024149
    ],
    [
      0.009747141031223521,
      0.00656841341028456,
      0.9836844455584921
    ],
    [
      0.0007594389855806454,
      0.10036127667476029,
      0.898879284339659
    ],
    [
      0.936943023422095,
      0.0630569764388692,
      1.3903590032714986e-10
    ],
    [
      0.3728854312930555,
      2.1083117387053285e-05,
      0.6270934855895576
    ],
    [
      0.00046639368872494427,
      0.3794318448490997,
      0.6201017614621753
    ],
    [
      1.2817095233232995e-05,
      0.9999598147024511,
      2.7368202316052233e-05
    ],
    [
      0.9812101616047888,
      0.002149488693874509,
      0.016640349701336817
    ],
    [
      0.0009768705654742322,
      0.9990222228610217,
      9.065735042890353e-07
    ],
    [
      0.002258697976617509,
      0.03816956055478604,
      0.9595717414685966
    ],
    [
      0.0015141529225888438,
      0.044953751123229344,
      0.9535320959541818
    ],
    [
      0.0019845033277669454,
      0.9980121888669927,
      3.307805240305144e-06
    ],
    [
      0.00016306138152610486,
      0.7416008612286056,
      0.2582360773898683
    ],
    [
      0.2301599882624589,
      0.769840011693155,
      4.438611117730496e-11
    ],
    [
      0.9986018489758561,
      0.0008291893540234806,
      0.0005689616701203806
    ],
    [
      0.11625002368241602,
      0.0002180702694640006,
      0.88353190604812
    ],
    [
      0.9902278784055725,
      0.009772121006200382,
      5.882268732760117e-10
    ],
    [
      0.0027491278544647876,
      0.17921792964806696,
      0.8180329424974684
    ],
    [
      0.1636157493555008,
      0.0009612984722371809,
      0.835422952172262
    ],
    [
      0.44699881234794436,
      0.5530011876489903,
      3.0656505510263893e-12
    ],
    [
      0.978601410073754,
      8.387493421218361e-07,
      0.02139775117690404
    ],
    [
      2.5142015894108157e-05,
      0.9654858204258208,
      0.03448903755828509
    ],
    [
      0.06931597135394629,
      2.674492297287006e-05,
      0.930657283723081
    ],
    [
      0.056009123843721864,
      0.00018715844548049775,
      0.9438037177107977
    ],
    [
      0.07468450591593273,
      0.003324079131062544,
      0.9219914149530047
    ],
    [
      0.9933019059390542,
      1.626695716370815e-05,
      0.006681827103782233
    ],
    [
      1.6895947733045647e-05,
      0.7204386636036215,
      0.2795444404486458
    ],
    [
      0.012314657307188856,
      0.02534953068934791,
      0.9623358120034633
    ],
    [
      0.9997269483362987,
      0.0002729860605103398,
      6.560319079849203e-08
    ],
    [
      0.012657857322014285,
      0.009329841760304622,
      0.9780123009176813
    ],
    [
      0.14474029556726556,
      0.004533097088592674,
      0.8507266073441416
    ],
    [
      0.08342518961524494,
      2.6270769449590944e-05,
      0.9165485396153055
    ],
    [
      0.00019823386756018428,
      0.15520658042130178,
      0.8445951857111379
    ],
    [
      0.05379278908023435,
      0.006082388526586971,
      0.9401248223931786
    ],
    [
      0.005428655697092669,
      0.9930795016400807,
      0.0014918426628265497
    ],
    [
      0.022669070854267163,
      0.0014296299889212292,
      0.9759012991568118
    ],
    [
      0.9851007265561121,
      0.014899273429052397,
      1.4835679817465106e-11
    ],
    [
      0.430355164079409,
      1.5212499170355125e-05,
      0.5696296234214208
    ],
    [
      0.05897931480195252,
      0.0001451521551492699,
      0.9408755330428981
    ],
    [
      0.004853382413253085,
      0.282105275082049,
      0.7130413425046979
    ],
    [
      0.9637967013270604,
      0.03613605520129729,
      6.72434716423538e-05
    ],
    [
      0.019988495769177984,
      0.0018993404083105325,
      0.9781121638225116
    ],
    [
      0.0016382830101634375,
      0.5124478118185607,
      0.485913905171276
    ],
    [
      0.05980914490891816,
      0.9401905883366128,
      2.66754468985771e-07
    ],
    [
      0.9617813161471004,
      3.845514905089335e-05,
      0.03818022870384866
    ],
    [
      0.9993424233034804,
      0.00065757669637843,
      1.4119257593564005e-13
    ],
    [
      0.9802259913203463,
      0.0011691941796602592,
      0.018604814499993745
    ],
    [
      0.005267297310419574,
      0.994505650118142,
      0.00022705257143864794
    ],
    [
      0.1504048990033331,
      5.599489296146896e-06,
      0.8495895015073706
    ],
    [
      0.012241924122156196,
      0.9705051944595433,
      0.0172528814183005
    ],
    [
      0.007563832469685095,
      0.18715679256528925,
      0.8052793749650257
    ],
    [
      0.10781084486014983,
      6.235967265741527e-05,
      0.8921267954671928
    ],
    [
      0.04080299316872411,
      0.0003219134846155922,
      0.9588750933466604
    ],
    [
      0.004568461250314515,
      0.9225418950517257,
      0.0728896436979597
    ],
    [
      0.9990239771305086,
      0.0009760228691855735,
      3.059288787390656e-13
    ],
    [
      0.11042451450050055,
      9.586403880287024e-06,
      0.8895658990956192
    ],
    [
      0.0009984709669391561,
      0.9989903110911458,
      1.1217941915095372e-05
    ],
    [
      0.06532072365770132,
      0.4049567137352929,
      0.5297225626070058
    ],
    [
      0.9954925794189078,
      0.004507419695034339,
      8.86057911903184e-10
    ],
    [
      0.9977884915283689,
      0.002211508188136921,
      2.8349434155245993e-10
    ],
    [
      5.06989780628828e-05,
      0.9999459737821301,
      3.3272398071377028e-06
    ],
    [
      0.6131778227665804,
      0.38682215614282756,
      2.1090592071050502e-08
    ],
    [
      7.411452382626626e-05,
      0.998840042011755,
      0.0010858434644189603
    ],
    [
      0.005379687526898622,
      0.9946203106017645,
      1.8713368011306385e-09
    ],
    [
      0.88806191368865,
      0.11193796176964055,
      1.2454170929486867e-07
    ],
    [
      0.42421481523199267,
      0.5757845642914291,
      6.204765780721856e-07
    ],
    [
      3.800797610578459e-05,
      0.9814568945306902,
      0.018505097493204184
    ],
    [
      0.01462978842863193,
      0.9853565694370937,
      1.3642134274576036e-05
    ],
    [
      0.3841636778618884,
      0.013180056604121478,
      0.6026562655339901
    ],
    [
      0.000866075705162628,
      0.8576013489390775,
      0.14153257535576
    ],
    [
      0.013795244643709612,
      0.986204751188623,
      4.16766756853948e-09
    ],
    [
      0.846478566208537,
      0.15351692402625103,
      4.509765212038062e-06
    ],
    [
      0.9997270476797736,
      1.0854092691718629e-06,
      0.0002718669109570771
    ],
    [
      6.016280414211712e-05,
      0.35785807841291056,
      0.6420817587829476
    ],
    [
      0.0003944004395214857,
      0.9996042270718641,
      1.3724886145561004e-06
    ],
    [
      0.014541912633439614,
      0.03179199845133609,
      0.9536660889152244
    ],
    [
      0.7000955730836752,
      0.2999040744937989,
      3.5242252578351075e-07
    ],
    [
      0.051192539534666695,
      0.9488043420057957,
      3.1184595377356235e-06
    ],
    [
      0.4047282385114483,
      0.004033730742150197,
      0.5912380307464016
    ],
    [
      0.998931024567396,
      0.0010689754158427598,
      1.6761501814188988e-11
    ],
    [
      0.006275142617593986,
      0.014470296193745426,
      0.9792545611886606
    ],
    [
      0.011542734636624108,
      0.9884572642345166,
      1.1288593067365266e-09
    ],
    [
      0.9995715241477725,
      0.00042352157234578096,
      4.954279881879941e-06
    ],
    [
      0.007833199353718151,
      0.9921667959188899,
      4.727391992151862e-09
    ],
    [
      0.7479897035333786,
      0.2520099643327015,
      3.3213391987788546e-07
    ],
    [
      0.001816911377284425,
      0.7990004073046016,
      0.19918268131811395
    ],
    [
      0.9999676697651737,
      1.2940275890044276e-05,
      1.9389958936400843e-05
    ],
    [
      0.0016786664491751152,
      0.045007673048515495,
      0.9533136605023096
    ],
    [
      0.001185788258189297,
      0.998814189252629,
      2.2489181772480524e-08
    ],
    [
      0.001095051792785621,
      0.9989045590930741,
      3.8911414032727824e-07
    ],
    [
      2.2721725814583062e-05,
      0.7702503904636188,
      0.22972688781056677
    ],
    [
      0.0016811958042704533,
      0.04045241281321772,
      0.9578663913825117
    ],
    [
      0.9996550356457015,
      0.00030886831373134305,
      3.6096040567327846e-05
    ],
    [
      0.014374450463132753,
      0.23965612330115557,
      0.7459694262357118
    ],
    [
      0.9686753828476502,
      0.03132411861295403,
      4.985393958602724e-07
    ],
    [
      0.09009599565180978,
      0.019124857474945613,
      0.8907791468732446
    ],
    [
      0.9794636945876005,
      0.020536305368942086,
      4.345735533888075e-11
    ],
    [
      0.887157382529641,
      0.005312139908225216,
      0.10753047756213358
    ],
    [
      0.9457161222295873,
      0.0011881096123404857,
      0.053095768158072
    ],
    [
      0.01948851914161655,
      0.00416842230749997,
      0.9763430585508834
    ],
    [
      0.8813638560368255,
      0.11861389040409911,
      2.2253559075383463e-05
    ],
    [
      0.11218281322128934,
      0.8878101083570182,
      7.07842169233508e-06
    ],
    [
      0.0004961907094439373,
      0.09703424852958749,
      0.9024695607609687
    ],
    [
      0.9896294463952193,
      0.010367840097633575,
      2.7135071471597683e-06
    ],
    [
      0.0010027220229718295,
      0.126148477376589,
      0.8728488006004391
    ],
    [
      0.2143223021204587,
      0.7856762116417242,
      1.4862378172201224e-06
    ],
    [
      0.17499868937989305,
      0.0010066362311234188,
      0.8239946743889837
    ],
    [
      0.15759425979091857,
      1.2848167288117903e-06,
      0.8424044553923526
    ],
    [
      0.00011734926412882399,
      0.9374550367305912,
      0.062427614005279894
    ],
    [
      0.027867543110662182,
      0.9721324555762454,
      1.3130924841841506e-09
    ],
    [
      0.9281139917108921,
      0.07188547320562683,
      5.350834808563248e-07
    ],
    [
      0.008707261237126583,
      0.009313930380333027,
      0.9819788083825406
    ],
    [
      0.00897982422150692,
      0.985872645133699,
      0.0051475306447941824
    ],
    [
      0.6483300404768371,
      0.0006841304018191583,
      0.350985829121344
    ],
    [
      0.9751964383721106,
      6.126268375145091e-06,
      0.024797435359514626
    ],
    [
      0.9958771439702984,
      0.004122855942252355,
      8.744962825533512e-11
    ],
    [
      0.9998584162392025,
      0.0001414797283348216,
      1.0403246275325446e-07
    ],
    [
      0.0025364249431632313,
      0.9576479678776461,
      0.0398156071791907
    ],
    [
      0.03885185618679239,
      0.0005557087437349232,
      0.9605924350694726
    ],
    [
      0.8666537716762893,
      0.13333918682885063,
      7.0414948599968734e-06
    ],
    [
      0.9949277832943264,
      0.0050712795966116565,
      9.371090620094428e-07
    ],
    [
      0.9992827557101611,
      0.0006662263116643237,
      5.101797817456943e-05
    ],
    [
      0.00130315339310242,
      0.9986966457961723,
      2.0081072531538408e-07
    ],
    [
      0.004037745666884882,
      0.9959622206772527,
      3.36558625892653e-08
    ],
    [
      7.983035481815037e-05,
      0.9999024690217087,
      1.7700623473175085e-05
    ],
    [
      0.00667429600075164,
      0.9933250763079616,
      6.276912867368669e-07
    ],
    [
      7.579395500160291e-05,
      0.9994711113844582,
      0.00045309466054015986
    ],
    [
      0.0015736247447658992,
      0.9700549789995593,
      0.028371396255674843
    ],
    [
      0.020024571051118382,
      0.0018635662762754327,
      0.9781118626726061
    ],
    [
      0.15799181423586633,
      0.8420048938136694,
      3.2919504641538164e-06
    ],
    [
      0.9989907765964103,
      0.001008810560703084,
      4.128428865946194e-07
    ],
    [
      0.9999972235451181,
      1.1354551966024508e-06,
      1.640999685257669e-06
    ],
    [
      0.383664457032013,
      1.0359387895292852e-06,
      0.6163345070291975
    ],
    [
      0.9882648479762713,
      0.00040589740640472927,
      0.011329254617323961
    ],
    [
      0.0006634347898637438,
      0.9993358768370151,
      6.88373121069645e-07
    ],
    [
      0.008542334518923987,
      0.3641240519057466,
      0.6273336135753296
    ],
    [
      0.7461275062065568,
      0.0004461320659846239,
      0.25342636172745864
    ],
    [
      0.005786383938883912,
      0.24254324190095072,
      0.7516703741601654
    ],
    [
      2.3290830053666482e-05,
      0.9218906033719229,
      0.07808610579802314
    ],
    [
      0.7327618500806523,
      0.004352327093226564,
      0.26288582282612105
    ],
    [
      0.004790323310055104,
      0.9951162119526903,
      9.346473725475122e-05
    ],
    [
      0.0031153690847243857,
      0.9968846300417898,
      8.73485864853372e-10
    ],
    [
      0.08383940530077817,
      0.9161605805818811,
      1.4117340722908783e-08
    ],
    [
      0.001305399904819051,
      0.9986946000680393,
      2.7141668324572046e-11
    ],
    [
      0.012663196962954159,
      0.8485749845764464,
      0.1387618184605993
    ],
    [
      0.7390702847110402,
      0.0013966967377876827,
      0.2595330185511722
    ],
    [
      0.6860447516086744,
      0.3139552483666484,
      2.467728687277709e-11
    ],
    [
      0.9588207122659723,
      0.041176427444591435,
      2.8602894362825403e-06
    ],
    [
      0.9999004412235237,
      9.955804515535822e-05,
      7.31320925252471e-10
    ],
    [
      0.03563360867496037,
      0.9643663839261649,
      7.398874905261237e-09
    ],
    [
      0.005168430766975143,
      0.01472349224126039,
      0.9801080769917645
    ],
    [
      0.006419161054003299,
      0.89809522329911,
      0.0954856156468866
    ],
    [
      0.9997642514909465,
      0.00023574203329721903,
      6.475756295097331e-09
    ],
    [
      0.008987464052710357,
      0.991001026349904,
      1.1509597385756772e-05
    ],
    [
      0.8354327424862324,
      0.16456725751355875,
      2.088966947198027e-13
    ],
    [
      3.354563200249561e-05,
      0.9986941727380384,
      0.0012722816299590926
    ],
    [
      6.745040116982205e-05,
      0.845484076943016,
      0.15444847265581418
    ],
    [
      0.005410859783974808,
      0.015168532119124832,
      0.9794206080969006
    ],
    [
      0.7098109922109971,
      0.009497060896429255,
      0.28069194689257376
    ],
    [
      0.6895650391936505,
      7.646376120598719e-05,
      0.3103584970451437
    ],
    [
      0.9082084842996865,
      0.09175192467418299,
      3.9591026130611625e-05
    ],
    [
      0.22257803655624492,
      0.7774118038335598,
      1.0159610195305373e-05
    ],
    [
      0.2685922403887431,
      0.731407746115163,
      1.3496094134472372e-08
    ],
    [
      0.14335594859349612,
      0.003907221373422088,
      0.8527368300330818
    ],
    [
      0.9291781287303981,
      0.07082187120819537,
      6.140633560019056e-11
    ],
    [
      0.8067403456569519,
      0.00012825038445092224,
      0.19313140395859713
    ],
    [
      0.0015006888376127368,
      0.40539333071389305,
      0.5931059804484942
    ],
    [
      0.015453268151007813,
      0.984456498750522,
      9.023309847033723e-05
    ],
    [
      0.00018128492052736455,
      0.21948505992490122,
      0.7803336551545714
    ],
    [
      0.3901626367906917,
      0.6098373628753955,
      3.3391306062227497e-10
    ],
    [
      0.0026966369958245596,
      0.9971862127906522,
      0.00011715021352344362
    ],
    [
      0.9151949846669026,
      0.0005925552649170051,
      0.0842124600681804
    ],
    [
      0.002167206168021319,
      0.9903721269532201,
      0.007460666878758551
    ],
    [
      0.13937597366054152,
      0.8606228596248915,
      1.1667145669930253e-06
    ],
    [
      0.9431720724095678,
      0.0015104443789543214,
      0.05531748321147799
    ],
    [
      0.9937765342544904,
      0.006219131653693235,
      4.334091816644209e-06
    ],
    [
      0.9620798220689794,
      0.0003428296368717985,
      0.03757734829414902
    ],
    [
      0.025448119767301953,
      0.974550804636843,
      1.0755958553036414e-06
    ],
    [
      0.9993511064835378,
      0.0006435585936983208,
      5.334922763985533e-06
    ],
    [
      0.9920234344476166,
      0.007976565374880194,
      1.775032006592936e-10
    ],
    [
      0.0001619499481545058,
      0.9996045711090726,
      0.00023347894277312562
    ],
    [
      0.9758111228769559,
      0.00034654921532229155,
      0.02384232790772184
    ],
    [
      0.001849672381624988,
      0.9894827929309695,
      0.00866753468740539
    ],
    [
      0.008403140761557532,
      0.08250197008677924,
      0.9090948891516631
    ],
    [
      0.013575324551984,
      0.2141378495701787,
      0.7722868258778373
    ],
    [
      0.013968957404264681,
      0.9852725378038911,
      0.0007585047918444693
    ],
    [
      0.00035601290958360793,
      0.10343668733691892,
      0.8962072997534976
    ],
    [
      0.9796467661463614,
      1.2867951738737004e-05,
      0.020340365901899866
    ],
    [
      6.249133186371971e-05,
      0.9999372032622168,
      3.054059195182127e-07
    ],
    [
      0.10220450629714622,
      0.897795493559724,
      1.4312978362314158e-10
    ],
    [
      0.0001495971023871802,
      0.9407863686799179,
      0.05906403421769493
    ],
    [
      0.04360117689827523,
      0.002912171040475743,
      0.9534866520612492
    ],
    [
      0.0020190273417247154,
      0.047353177003107594,
      0.9506277956551678
    ],
    [
      0.9577105140016746,
      0.04228948599708671,
      1.2389303286711607e-12
    ],
    [
      0.9182550489007482,
      0.08174495108979879,
      9.453281137373365e-12
    ],
    [
      0.9919604722546255,
      0.00802590355462149,
      1.3624190753078382e-05
    ],
    [
      0.0009595989614544406,
      0.16369662896332407,
      0.8353437720752215
    ],
    [
      0.0319776974314841,
      0.9680188680082602,
      3.4345602558003166e-06
    ],
    [
      0.05574482184585688,
      0.9442465387225668,
      8.639431576397134e-06
    ],
    [
      0.8262784508666484,
      0.1737215490765148,
      5.6836701020347076e-11
    ],
    [
      0.5254901605393175,
      0.0003795657249314342,
      0.47413027373575106
    ],
    [
      0.08067812888678784,
      0.9191829320419929,
      0.0001389390712191909
    ],
    [
      0.9990941850106775,
      0.0009058144549988722,
      5.343234320210196e-10
    ],
    [
      0.8372907745222028,
      0.1626999724675552,
      9.2530102421e-06
    ],
    [
      0.998892991252073,
      0.000886656007909311,
      0.0002203527400179092
    ],
    [
      0.08642153951304139,
      0.9135784604716813,
      1.5277389596829746e-11
    ],
    [
      0.0016811173937456973,
      0.8960463009851349,
      0.10227258162111941
    ],
    [
      0.49557804101983327,
      4.304978932515107e-06,
      0.5044176540012344
    ],
    [
      0.0077575570237967155,
      0.707070461988278,
      0.2851719809879253
    ],
    [
      0.9988863323935014,
      5.963188462334879e-07,
      0.0011130712876522401
    ],
    [
      0.2137113366239524,
      0.00039229755241793643,
      0.7858963658236297
    ],
    [
      0.9999753891194673,
      2.4501532730370513e-05,
      1.0934780262916894e-07
    ],
    [
      0.002710044094546016,
      0.030873843541055126,
      0.9664161123643988
    ],
    [
      6.345712847437364e-05,
      0.9994301304048605,
      0.0005064124666652085
    ],
    [
      0.3953133360431259,
      0.6046859354999343,
      7.284569396674559e-07
    ],
    [
      0.0005082398118878396,
      0.9994913464130367,
      4.137750754999173e-07
    ],
    [
      0.03821498143819516,
      0.0010900420895358716,
      0.9606949764722692
    ],
    [
      0.1764845014016299,
      2.645454134153633e-06,
      0.8235128531442358
    ],
    [
      0.0939215481332321,
      4.205395226559938e-05,
      0.9060363979145023
    ],
    [
      0.00035608621719550386,
      0.9996286718057039,
      1.524197710080129e-05
    ],
    [
      0.023759029533135193,
      0.9762409704340703,
      3.2794597344162545e-11
    ],
    [
      0.020641041938235245,
      0.9792517246999463,
      0.00010723336181836763
    ],
    [
      0.9996297322768738,
      0.00036992416324193965,
      3.4355988425000457e-07
    ],
    [
      0.00012337761369855257,
      0.15829328228062195,
      0.8415833401056797
    ],
    [
      0.9995632299544807,
      0.000436761520802098,
      8.524717457571611e-09
    ],
    [
      0.8257026892366146,
      4.402311274185656e-07,
      0.1742968705322581
    ],
    [
      0.005057193319436561,
      0.019475434840657977,
      0.9754673718399056
    ],
    [
      0.014718024569160213,
      0.06956560753219587,
      0.915716367898644
    ],
    [
      0.455732788864192,
      0.5442668768038365,
      3.343319715034345e-07
    ],
    [
      4.653904666568507e-05,
      0.9999497431009318,
      3.7178524026448203e-06
    ],
    [
      0.23229130135081477,
      9.54730580797566e-06,
      0.7676991513433773
    ],
    [
      0.06870373773074398,
      0.029002541735130595,
      0.9022937205341256
    ],
    [
      0.008873343551781918,
      0.9906955213253248,
      0.00043113512289344116
    ],
    [
      0.0012803397761427247,
      0.7917948536852513,
      0.20692480653860598
    ],
    [
      0.6937183655515151,
      0.001825647700770166,
      0.3044559867477148
    ],
    [
      0.030873642834861475,
      0.038046012903606694,
      0.931080344261532
    ],
    [
      0.009626099161049178,
      0.9903596377773833,
      1.4263061567688326e-05
    ],
    [
      0.025128750618027912,
      0.0015288922491628032,
      0.9733423571328094
    ],
    [
      0.03397577791323094,
      0.03545538757674863,
      0.9305688345100204
    ],
    [
      0.005601473510623278,
      0.9850403387981453,
      0.009358187691231458
    ],
    [
      0.9998176188020381,
      0.00018238116638569625,
      3.157623374160415e-11
    ],
    [
      0.00017495281897858843,
      0.14378096698532764,
      0.8560440801956938
    ],
    [
      0.0005196478511947633,
      0.9968941412313094,
      0.002586210917496152
    ],
    [
      0.00011082720060592545,
      0.3605217758172877,
      0.6393673969821063
    ],
    [
      4.4481788610844585e-05,
      0.9999513111819863,
      4.207029402736952e-06
    ],
    [
      0.9999804208514534,
      1.957891696684992e-05,
      2.3157969611658916e-10
    ],
    [
      0.5082008313069372,
      0.00019687652894426539,
      0.4916022921641187
    ],
    [
      0.00021580150579625417,
      0.21722370565979754,
      0.782560492834406
    ],
    [
      0.9933716013357905,
      1.3922433578095272e-06,
      0.0066270064208517184
    ],
    [
      0.8987854913404164,
      4.508756636630319e-06,
      0.10120999990294709
    ],
    [
      0.10589760476725121,
      1.8918551261772186e-05,
      0.894083476681487
    ],
    [
      0.07842036436337986,
      0.002250258251703784,
      0.9193293773849163
    ],
    [
      0.9977619862224304,
      0.0021967080961180297,
      4.13056814516856e-05
    ],
    [
      9.862126428665918e-05,
      0.7518635535338033,
      0.24803782520190998
    ],
    [
      0.0020285290798998773,
      0.9645309585940669,
      0.03344051232603311
    ],
    [
      0.11913277988586564,
      9.371962233522774e-06,
      0.8808578481519009
    ],
    [
      0.01695685613623967,
      0.9776237143794185,
      0.005419429484341864
    ],
    [
      0.000584164935697578,
      0.08663523545565838,
      0.9127805996086441
    ],
    [
      0.08523633038139232,
      0.00487443369389718,
      0.9098892359247104
    ],
    [
      0.5591984290175532,
      0.0001571734682920421,
      0.4406443975141547
    ],
    [
      0.00031262144981856284,
      0.9996796363239265,
      7.742226255011555e-06
    ],
    [
      0.010888118500535887,
      0.9746406739800717,
      0.014471207519392354
    ],
    [
      0.26223722114651454,
      0.7377627787048139,
      1.486718852193812e-10
    ],
    [
      0.9411259215618837,
      2.763085681107872e-06,
      0.05887131535243548
    ],
    [
      0.31222059197011953,
      0.6877793985443209,
      9.485559729569467e-09
    ],
    [
      0.3674774278625453,
      0.632522549016901,
      2.3120554054101866e-08
    ],
    [
      0.0020776210526559087,
      0.4969993466845642,
      0.5009230322627801
    ],
    [
