{
  "dataset": "moons",
  "algorithm": "gmm",
  "params": {
    "n_components": 6,
    "covariance_type": "tied"
  },
  "labels": [
    5,
    0,
    5,
    4,
    4,
    5,
    5,
    4,
    0,
    1,
    0,
    2,
    5,
    4,
    5,
    5,
    1,
    0,
    5,
    1,
    1,
    1,
    3,
    5,
    0,
    1,
    1,
    2,
    4,
    3,
    1,
    3,
    1,
    2,
    0,
    3,
    5,
    0,
    2,
    0,
    5,
    4,
    1,
    2,
    0,
    0,
    0,
    0,
    5,
    0,
    4,
    2,
    4,
    5,
    2,
    0,
    4,
    0,
    2,
    4,
    1,
    3,
    3,
    1,
    4,
    0,
    1,
    0,
    2,
    5,
    5,
    5,
    3,
    3,
    3,
    3,
    4,
    0,
    1,
    1,
    2,
    4,
    1,
    4,
    3,
    4,
    2,
    1,
    3,
    4,
    5,
    1,
    5,
    3,
    1,
    5,
    0,
    0,
    1,
    5,
    2,
    1,
    0,
    3,
    3,
    0,
    3,
    2,
    3,
    4,
    4,
    1,
    5,
    0,
    1,
    3,
    2,
    2,
    4,
    0,
    2,
    2,
    3,
    4,
    2,
    2,
    5,
    2,
    4,
    3,
    0,
    4,
    1,
    3,
    4,
    0,
    2,
    0,
    0,
    3,
    0,
    2,
    1,
    0,
    3,
    3,
    0,
    2,
    3,
    1,
    0,
    4,
    0,
    0,
    1,
    5,
    0,
    2,
    5,
    0,
    4,
    3,
    1,
    0,
    1,
    1,
    0,
    0,
    1,
    4,
    0,
    4,
    1,
    4,
    4,
    2,
    5,
    2,
    4,
    5,
    5,
    2,
    5,
    3,
    1,
    4,
    5,
    0,
    2,
    2,
    1,
    5,
    5,
    3,
    4,
    2,
    4,
    0,
    4,
    5,
    1,
    0,
    2,
    2,
    4,
    2,
    2,
    0,
    1,
    5,
    4,
    4,
    3,
    3,
    0,
    5,
    5,
    2,
    5,
    2,
    5,
    3,
    0,
    2,
    4,
    5,
    2,
    1,
    3,
    0,
    4,
    0,
    1,
    0,
    5,
    3,
    3,
    4,
    4,
    2,
    5,
    2,
    1,
    5,
    5,
    0,
    4,
    0,
    3,
    4,
    1,
    3,
    1,
    2,
    3,
    5,
    4,
    5,
    2,
    1,
    3,
    4,
    5,
    4,
    4,
    2,
    1,
    4,
    5,
    4,
    2,
    2,
    2,
    3,
    3,
    5,
    5,
    5,
    3,
    4,
    3,
    2,
    1,
    2,
    4,
    5,
    3,
    1,
    5,
    3,
    5,
    3,
    5,
    3,
    4,
    2,
    3,
    1,
    1,
    1,
    1,
    2,
    3,
    2,
    4,
    2,
    4,
    2,
    4,
    4,
    5,
    2,
    5,
    5,
    4,
    3,
    1,
    4,
    5,
    3,
    4,
    1,
    0,
    1,
    0,
    3,
    4,
    2,
    2,
    5,
    4,
    0,
    0,
    0,
    4,
    4,
    5,
    3,
    2,
    4,
    0,
    2,
    1,
    5,
    2,
    0,
    1,
    1,
    2,
    3,
    3,
    5,
    0,
    3,
    1,
    4,
    2,
    1,
    2,
    2,
    4,
    3,
    2,
    0,
    0,
    0,
    3,
    3,
    2,
    1,
    0,
    1,
    2,
    4,
    3,
    4,
    1,
    4,
    0,
    4,
    4,
    1,
    0,
    3,
    1,
    4,
    3,
    5,
    4,
    0,
    5,
    1,
    1,
    2,
    3,
    1,
    5,
    3,
    2,
    2,
    2,
    3,
    1,
    4,
    1,
    1,
    3,
    5,
    4,
    2,
    4,
    0,
    2,
    5,
    2,
    3,
    3,
    4,
    0,
    5,
    0,
    1,
    1,
    0,
    1,
    0,
    2,
    0,
    4,
    1,
    5,
    4,
    5,
    1,
    0,
    3,
    3,
    2,
    0,
    3,
    0,
    5,
    3,
    4,
    3,
    1,
    4,
    3,
    1,
    3,
    2,
    0,
    5,
    0,
    1,
    2,
    5,
    2,
    1,
    2,
    2,
    0,
    0,
    5,
    2,
    4,
    0,
    3,
    1,
    4,
    3,
    1,
    2,
    5,
    3,
    1,
    3,
    3,
    3,
    4,
    4,
    4,
    5,
    4,
    5,
    0,
    1,
    3,
    2,
    1,
    4,
    1,
    3,
    2,
    4,
    4,
    3,
    3,
    5,
    4
  ],
  "means": [
    {
      "x": 0.8098124333156497,
      "y": 0.4909359368190347
    },
    {
      "x": 1.8586167355403977,
      "y": 0.05943218619961887
    },
    {
      "x": -0.8256942703293079,
      "y": 0.48802864865273476
    },
    {
      "x": 0.2735028450613792,
      "y": -0.09280327824988041
    },
    {
      "x": 0.012090548077328374,
      "y": 0.9137761137096565
    },
    {
      "x": 1.063376350362628,
      "y": -0.4566009493204197
    }
  ],
  "probabilities": [
    [
      0.005815456070559482,
      6.699032242764015e-05,
      9.082905797379666e-14,
      0.0530646271477583,
      9.324670311764404e-09,
      0.9410529171344933
    ],
    [
      0.9959942697583666,
      4.112189272910072e-06,
      1.4778425492348358e-11,
      0.00019877966480167142,
      0.003798450391458473,
      4.387981321863447e-06
    ],
    [
      0.0003659298349819328,
      0.0009141568411116456,
      4.409419197247302e-18,
      0.0009127154033233628,
      8.265269924068501e-12,
      0.997807197912318
    ],
    [
      1.66537642447073e-05,
      3.575472256577979e-20,
      0.008465795729556875,
      1.4026781684034964e-05,
      0.9915035237244867,
      2.784508152959697e-14
    ],
    [
      0.010140069950063219,
      1.443859727247997e-13,
      7.673903683954065e-07,
      8.800044159026581e-06,
      0.9898503626034999,
      1.176497725469728e-11
    ],
    [
      7.980988380579435e-05,
      0.010099267768964228,
      3.3250511557457753e-21,
      4.589218802975787e-05,
      8.546912280893752e-14,
      0.9897750301591147
    ],
    [
      0.002805947075445797,
      0.003347638783763192,
      2.4029642732900507e-17,
      0.0017252505855512698,
      1.3706465802896503e-10,
      0.9921211634181752
    ],
    [
      0.0003075260553538095,
      3.8884865280062584e-17,
      6.879588747858825e-05,
      6.288207341994782e-06,
      0.9996173898495772,
      2.483947465684539e-13
    ],
    [
      0.8923439052736859,
      3.688719532442219e-08,
      1.4786868613789046e-07,
      0.023990685297706118,
      0.08364653833186046,
      1.868634086616455e-05
    ],
    [
      9.772848913650127e-06,
      0.9591450346341023,
      1.4628343879669517e-27,
      1.4289790543095012e-08,
      8.981338863167076e-17,
      0.0408451782271937
    ],
    [
      0.4936058963782026,
      0.006951148214843344,
      8.849905974879193e-14,
      0.02895175050443259,
      1.2153577816097848e-06,
      0.47048998954465127
    ],
    [
      8.11675534680646e-08,
      8.95070484308975e-24,
      0.9782315919104551,
      0.00020339087642109595,
      0.021564936045511286,
      5.900932640040612e-14
    ],
    [
      3.4943802728575255e-06,
      0.39069603096955996,
      8.278064284005668e-27,
      1.629708339063412e-07,
      1.9200527831340994e-17,
      0.6093003116793336
    ],
    [
      0.11342763373779195,
      1.8324298106712268e-11,
      2.6597497557974198e-05,
      0.00991465984213937,
      0.8766309993807888,
      1.0952339771018612e-07
    ],
    [
      0.00010090012346511288,
      0.007156011814535684,
      9.63550584553004e-21,
      7.148478453273367e-05,
      1.6957597543432184e-13,
      0.992671603277297
    ],
    [
      8.965991633665107e-05,
      0.0067980389067950585,
      8.374691408406545e-21,
      6.768392154740494e-05,
      1.4158617033305682e-13,
      0.9930446172551796
    ],
    [
      1.1274160441065826e-05,
      0.9999723228962168,
      3.409444816456722e-30,
      8.92595315626908e-12,
      2.7276327283776334e-16,
      1.64029344158905e-05
    ],
    [
      0.9933050139988995,
      0.00019247080692360975,
      2.4929339964950005e-12,
      0.00423018824654461,
      0.0001122475435196524,
      0.0021600794016197818
    ],
    [
      0.0015304139055327042,
      4.997446666739352e-07,
      2.3946730563853472e-11,
      0.4323192260201792,
      3.052024286428607e-08,
      0.5661498297854318
    ],
    [
      2.4088963600238258e-05,
      0.8365604381032934,
      3.285341866539551e-26,
      1.2085505213360572e-07,
      4.492181823191882e-16,
      0.16341535207805372
    ],
    [
      1.6073234622108264e-05,
      0.9999343062391123,
      1.654255695175572e-29,
      3.393463248331806e-11,
      4.63570311791606e-16,
      4.9620492330644375e-05
    ],
    [
      8.080988341193046e-07,
      0.9999980081506981,
      2.419410311296965e-33,
      9.110796880467462e-14,
      2.826736200966572e-18,
      1.1837503769754495e-06
    ],
    [
      0.0014707230275071354,
      2.9435752101547316e-15,
      0.07377419915551199,
      0.7747649746683044,
      0.14998967498253732,
      4.2816613622003477e-07
    ],
    [
      0.005104648197551768,
      0.00036405255889349894,
      3.742148177546476e-15,
      0.014179645958302414,
      2.1082872976508765e-09,
      0.9803516511769613
    ],
    [
      0.7672428932351865,
      8.732379493118217e-09,
      9.95621903957285e-07,
      0.04217662935958108,
      0.19056700303358015,
      1.2470017368804866e-05
    ],
    [
      0.0005328747814627426,
      0.9994277329290161,
      1.2772087041415392e-26,
      4.299167858206805e-10,
      3.047604720447751e-13,
      3.939185929964194e-05
    ],
    [
      0.0005228730856234906,
      0.9991261516903174,
      7.107252245753524e-26,
      3.4129336510762257e-09,
      2.3028140669757363e-13,
      0.00035097181089530376
    ],
    [
      8.33990533021115e-11,
      1.0211864465785645e-28,
      0.9993076145912578,
      1.8178287867530894e-06,
      0.0006905674965564738,
      1.7670670486850415e-17
    ],
    [
      0.0019480600398696089,
      3.3069889991844084e-15,
      3.048252100713281e-06,
      3.562249161101204e-06,
      0.9980453294579215,
      9.441397477828598e-13
    ],
    [
      0.0020666128044950936,
      6.042168257130657e-09,
      1.0159167361348307e-08,
      0.9648796426751989,
      1.8633367774344935e-06,
      0.033051864982193056
    ],
    [
      1.2977660858824478e-06,
      0.999870263795947,
      2.609979010262836e-31,
      1.157276443372199e-11,
      4.0049715232830254e-18,
      0.00012843842639433272
    ],
    [
      0.0015280981417120233,
      1.0503918468225752e-09,
      5.0655872575005013e-08,
      0.987325453948246,
      4.351355933299046e-06,
      0.011142044847844429
    ],
    [
      1.9612760009092195e-07,
      0.9996193621489117,
      1.5599055553230578e-32,
      7.356897985177286e-12,
      1.0840794210258479e-19,
      0.00038044171613152964
    ],
    [
      7.279484679191398e-08,
      7.10787004280806e-25,
      0.7893256520686109,
      6.174129426931344e-06,
      0.21066810100711517,
      2.308325053109361e-16
    ],
    [
      0.9033718290375324,
      0.0016330852779968866,
      8.117942374045875e-13,
      0.02282802008083273,
      1.324197145854438e-05,
      0.07215382363136771
    ],
    [
      0.0005086937916622498,
      1.356339742797477e-08,
      5.893256334581121e-10,
      0.8307855852971138,
      6.450493071026176e-08,
      0.16870564225357007
    ],
    [
      0.0006917921830195781,
      0.006608131848685215,
      4.744662967871329e-19,
      0.00034562672603059613,
      6.279335309080191e-12,
      0.9923544492359853
    ],
    [
      0.9881446086252433,
      9.056092573063586e-07,
      2.3894568096682455e-10,
      0.0007221261824222193,
      0.01112709592203036,
      5.263422100954232e-06
    ],
    [
      4.925992030479782e-12,
      4.644633308165332e-31,
      0.9996621980119211,
      9.911507561997011e-08,
      0.0003377028680773862,
      1.30645488323711e-19
    ],
    [
      0.9651927992797003,
      2.115699072426105e-07,
      1.5509759273539671e-09,
      0.0009816250448878574,
      0.033822973107350725,
      2.389447177745296e-06
    ],
    [
      1.056639343598708e-05,
      0.007238225663921732,
      1.1550220393470402e-22,
      1.1976206272317859e-05,
      2.6121581573442297e-15,
      0.9927392317363675
    ],
    [
      0.0012464620878505938,
      5.825688468323992e-16,
      0.0006644388749123956,
      0.00041562578617103927,
      0.9976734731991321,
      5.1933156597931016e-11
    ],
    [
      0.0003397716457091426,
      0.9995858138460517,
      8.832863655296448e-27,
      5.531602814399215e-10,
      1.2364694607824855e-13,
      7.44139549553237e-05
    ],
    [
      1.8689439882199704e-10,
      3.919418568295353e-28,
      0.9989735709035065,
      3.213271418660654e-06,
      0.0010232156381805141,
      4.692791957500912e-17
    ],
    [
      0.8682083379461042,
      0.00015889175546635756,
      3.202022946076089e-11,
      0.08391017680073994,
      7.121172211376452e-05,
      0.04765138174355552
    ],
    [
      0.9815047074846066,
      5.508021652990271e-07,
      2.100770540140755e-10,
      0.00032073551499557385,
      0.0181724704980012,
      1.5354901543485028e-06
    ],
    [
      0.4925446277159741,
      0.027514614461565046,
      7.886574098713669e-15,
      0.010393570802973432,
      4.4139272930491943e-07,
      0.4695467456267502
    ],
    [
      0.9462876254135948,
      0.013936676086704958,
      1.2184492854523592e-14,
      0.002564879116488614,
      3.22455359111798e-06,
      0.037207594829608295
    ],
    [
      1.3384464731019705e-05,
      0.03305422345992688,
      1.2515081168936274e-23,
      4.559370080990102e-06,
      1.3304500274882893e-15,
      0.9669278327052598
    ],
    [
      0.9422961945726193,
      0.0001018639791358447,
      3.298136897712367e-11,
      0.0421559560940657,
      0.00013035701506649652,
      0.015315628306131429
    ],
    [
      0.010237213195585237,
      8.929238122092809e-14,
      2.5585541952481424e-05,
      0.00029528417770848377,
      0.98944191676534,
      3.193246939368738e-10
    ],
    [
      1.6077978412902832e-12,
      1.1448527655462847e-32,
      0.9988180898639906,
      3.797239720379667e-09,
      0.0011819063371620866,
      6.051633378320589e-22
    ],
    [
      4.926414113983138e-05,
      4.591633873266856e-19,
      0.0019251569088337918,
      1.4098993423117578e-05,
      0.99801147995652,
      8.323168727932163e-14
    ],
    [
      0.0003685980057346814,
      0.07827030731860835,
      1.7165686971191082e-21,
      3.132126636434124e-05,
      3.2321137519307456e-13,
      0.9213297734089695
    ],
    [
      6.42590957698952e-11,
      2.988726382557573e-29,
      0.9986760013409182,
      5.19320444189639e-07,
      0.0013234792743786318,
      2.2665094201398182e-18
    ],
    [
      0.8567467858213816,
      2.6127852777668936e-08,
      2.0625400957395976e-08,
      0.001539968557016485,
      0.141712367970875,
      8.308974733646071e-07
    ],
    [
      1.1073287918865894e-05,
      1.3613754497645316e-20,
      0.015872819595368137,
      1.5136228996726821e-05,
      0.9841009708876963,
      1.9935988330231846e-14
    ],
    [
      0.8842504369907361,
      0.0001977801220097041,
      2.1901883492143495e-11,
      0.06968556956915364,
      6.301101213658962e-05,
      0.04580320228406209
    ],
    [
      8.115979577875991e-13,
      4.156671415715999e-32,
      0.9999213832436429,
      6.14977665937907e-08,
      7.855525777905388e-05,
      5.375897369338018e-20
    ],
    [
      0.03406515287774243,
      1.8044615501076151e-12,
      1.8068590964334467e-06,
      0.00011331561426922581,
      0.9658197241979943,
      4.490930909270376e-10
    ],
    [
      4.40191604079671e-05,
      0.9998552463677822,
      2.084834696332261e-28,
      1.475092657887189e-10,
      2.7491107298856405e-15,
      0.00010073432429782922
    ],
    [
      0.0012744049355092792,
      1.0577057955468338e-15,
      0.15161367053342606,
      0.5744866770718111,
      0.27262508856284523,
      1.588964072964697e-07
    ],
    [
      0.0022052977545247297,
      1.2049663562637171e-09,
      6.969609532721235e-08,
      0.988617543527951,
      7.914826512278732e-06,
      0.009169172989950496
    ],
    [
      7.294292828166873e-06,
      0.9994140292299243,
      2.536845875623196e-29,
      1.8970500983095128e-10,
      8.189456027188588e-17,
      0.0005786762875425412
    ],
    [
      0.03804045997170577,
      1.8527945282677152e-12,
      8.249105323435115e-06,
      0.0006041113941976614,
      0.9613471771082567,
      2.418663803291855e-09
    ],
    [
      0.9961046375738176,
      1.928310436146806e-05,
      2.420452307483925e-11,
      0.0028564576771764392,
      0.0007810987584263004,
      0.00023852286201374938
    ],
    [
      1.171105104782573e-06,
      0.9994226365917935,
      7.118263264448207e-31,
      4.4698497805004226e-11,
      2.8006581579900832e-18,
      0.000576192258403474
    ],
    [
      0.9673236089581275,
      3.5371218399427394e-07,
      9.382912269403655e-09,
      0.016638428788200786,
      0.015968479566063416,
      6.911959251197345e-05
    ],
    [
      5.524917206327555e-10,
      2.5852880277829176e-26,
      0.9996612778519446,
      0.00017031235681082884,
      0.00016840923872102597,
      3.199934590021377e-14
    ],
    [
      0.0001366945464225242,
      0.009585785712470178,
      1.0418003418373464e-20,
      7.292757677356242e-05,
      2.3973992408977443e-13,
      0.9902045921640941
    ],
    [
      0.0002426117666089092,
      6.623014227290757e-05,
      1.9661586642440411e-16,
      0.004617270156196105,
      2.65512847139649e-11,
      0.9950738879083706
    ],
    [
      0.0020355934015547643,
      1.3586655202837882e-05,
      1.890887420184046e-13,
      0.07445081807653256,
      4.338385685965041e-09,
      0.923499997528135
    ],
    [
      0.0044606444180539774,
      7.33629857852506e-14,
      0.00921438120183992,
      0.8958703764604423,
      0.0904521659717137,
      2.431947876837283e-06
    ],
    [
      0.07363145189693528,
      3.060097038832481e-11,
      0.0003330530754127366,
      0.7769300783411034,
      0.1490828603174584,
      2.255633848924508e-05
    ],
    [
      0.007660550211863075,
      7.280269244201386e-09,
      4.514195648057783e-08,
      0.9791722106720487,
      2.0232755372010603e-05,
      0.01314695393849057
    ],
    [
      0.06320461714293864,
      6.75784976141076e-08,
      5.275451422036142e-08,
      0.9243489819147406,
      0.0001955753365605414,
      0.012250705272748576
    ],
    [
      0.0038484550739482453,
      4.497466548470829e-15,
      0.024170369848125935,
      0.08291099929920524,
      0.8890701499380276,
      2.5840688303825387e-08
    ],
    [
      0.8406309720749018,
      1.7635460360733756e-08,
      2.615229277829681e-07,
      0.019213636937763272,
      0.14014635033423342,
      8.761494713391822e-06
    ],
    [
      2.5840631982063144e-05,
      0.9765963285082694,
      6.0453107096084954e-27,
      1.7815882223041352e-08,
      5.678092699926297e-16,
      0.023377813043865662
    ],
    [
      1.5946397026112249e-06,
      0.9997671370527816,
      6.25223376862142e-31,
      2.3857943716805978e-11,
      5.483943940891913e-18,
      0.00023126828365779733
    ],
    [
      8.725837882827879e-12,
      1.3354024906288588e-31,
      0.9961550585787194,
      7.67645758197148e-09,
      0.003844933736097123,
      2.1150346727180055e-21
    ],
    [
      0.12638169531462612,
      3.6820611011217906e-11,
      1.0695579549213135e-06,
      0.0004683049597846315,
      0.8731489231050112,
      7.025802572604356e-09
    ],
    [
      0.0004695450479614439,
      0.9995170501739636,
      4.204855612602671e-27,
      1.3914220848411035e-10,
      2.723049549078312e-13,
      1.3404638660096932e-05
    ],
    [
      7.818595340575095e-06,
      5.6033258377533635e-21,
      0.22593038695715126,
      0.00018465736064724123,
      0.7738771370866777,
      1.8340513775052937e-13
    ],
    [
      0.032511477457833234,
      5.579067505235219e-07,
      1.9501232447411266e-09,
      0.8652385313203909,
      9.607492830036991e-06,
      0.1022398238720722
    ],
    [
      0.13737857654858657,
      4.8211025675702767e-11,
      6.279737385515279e-07,
      0.000314087384259758,
      0.8623067027246376,
      5.320566485686538e-09
    ],
    [
      1.0607929506983294e-08,
      3.208114752172687e-26,
      0.9278075269079608,
      2.2324673775951583e-06,
      0.07219023001673235,
      3.504620081375949e-17
    ],
    [
      0.00048220276522153234,
      0.9424682218356178,
      3.9765316665567e-24,
      4.2993596316416977e-07,
      1.1689600692502252e-13,
      0.057049145463080556
    ],
    [
      0.003036772148470118,
      1.520646546998404e-09,
      8.094561539339492e-08,
      0.988515603196458,
      1.215734622601093e-05,
      0.00843538484258386
    ],
    [
      0.0003302914247148306,
      2.0047235884571182e-17,
      0.25494468293445016,
      0.04092462137975266,
      0.7038004028703441,
      1.3907381814334178e-09
    ],
    [
      0.0010711589897403546,
      0.0008647197898997202,
      3.9483671270331375e-17,
      0.0022131921578425607,
      6.251745036902648e-11,
      0.995850929
    ],
    [
      3.436510156881772e-08,
      0.9999977740415734,
      8.348759961556312e-36,
      1.361687867877433e-14,
      7.765432134687024e-21,
      2.1915933115978086e-06
    ],
    [
      0.023821552498941374,
      9.714402013835462e-05,
      6.925880929843992e-13,
      0.11270261366278023,
      9.676767377255882e-08,
      0.8633785930497736
    ],
    [
      0.016572176065572836,
      8.104965038188334e-08,
      7.75234436100976e-09,
      0.9400177999711279,
      1.2552417757579087e-05,
      0.043397382743546875
    ],
    [
      0.007717776384490095,
      0.6014057302260823,
      9.156617150221707e-21,
      3.3452746908326594e-05,
      2.1867901619262382e-11,
      0.39084304062065145
    ],
    [
      0.00020528571550251649,
      2.163843603184315e-06,
      5.5087086294809086e-14,
      0.04906687643683244,
      2.411034100246049e-10,
      0.9507256737629035
    ],
    [
      0.888042635856174,
      4.1435849363263105e-08,
      2.0317490148055983e-07,
      0.04125044215943599,
      0.07067042937453014,
      3.6247999109101496e-05
    ],
    [
      0.9985595816001595,
      4.254003575168399e-05,
      3.428201132586626e-12,
      0.0008052487857359112,
      0.00047582065296907297,
      0.00011680892195564483
    ],
    [
      1.0647607591691507e-07,
      0.997074801983031,
      2.439166842221528e-32,
      3.188056828568477e-11,
      2.7977554896761985e-20,
      0.0029250915090128504
    ],
    [
      0.4333262562659268,
      0.016927438311189574,
      1.5969052343188106e-14,
      0.015245546972145332,
      4.904260170047091e-07,
      0.5345002680247056
    ],
    [
      8.897741805316525e-11,
      2.5085619975359036e-27,
      0.9998435167570355,
      0.00012199548398684077,
      3.4487669983464856e-05,
      1.6610256568317367e-14
    ],
    [
      1.0460010115732609e-05,
      0.9710582554239071,
      1.2398165879383466e-27,
      1.075044325542709e-08,
      1.0487864334568087e-16,
      0.028931273815533932
    ],
    [
      0.9416294799292685,
      2.0512516995953616e-05,
      2.4166992906502514e-10,
      0.05234844908486221,
      0.00047285322414794204,
      0.0055287050030553035
    ],
    [
      0.008276657919872279,
      1.0261232935109056e-09,
      4.601592126828885e-07,
      0.9888910493319532,
      0.00011724597298999546,
      0.0027145855898485917
    ],
    [
      0.0037325368271110327,
      3.9517267950681925e-08,
      2.4925361454245896e-09,
      0.9137239260454832,
      1.2628263953269798e-06,
      0.08254223229120636
    ],
    [
      0.9979336018520557,
      1.222757830383907e-05,
      6.507765816405515e-13,
      2.085706805176216e-05,
      0.0020323512302332096,
      9.62270704545018e-07
    ],
    [
      0.00810751619798837,
      1.2762478346007468e-09,
      3.50088196216273e-07,
      0.9885273385707413,
      9.418446158714475e-05,
      0.0032706094052393606
    ],
    [
      5.130250260700117e-13,
      1.7269734619579839e-31,
      0.9999917848282609,
      8.442812078374104e-07,
      7.3708900182211485e-06,
      3.703742481303851e-18
    ],
    [
      0.001770498804366745,
      6.167824430718189e-09,
      8.098199257488812e-09,
      0.9602578065597344,
      1.3583418320984806e-06,
      0.03797032202804313
    ],
    [
      0.006420472201841507,
      3.061415828448373e-14,
      3.801405894086307e-05,
      0.0002294873819814639,
      0.9933120262004413,
      1.5676434285554432e-10
    ],
    [
      2.3178986262451535e-06,
      3.980321375581204e-22,
      0.06315506839233805,
      7.4733100279767265e-06,
      0.9368351403990054,
      2.2192065519659347e-15
    ],
    [
      6.381856454586742e-05,
      0.7497510806011481,
      3.750294235013899e-25,
      4.24090154067008e-07,
      2.8026297753676778e-15,
      0.2501846767441491
    ],
    [
      0.009647299192693727,
      3.2620307005322245e-06,
      3.1574777203032036e-11,
      0.4435695976771025,
      2.3148202136420742e-07,
      0.5467796095859072
    ],
    [
      0.8448865045784498,
      0.011483436317186404,
      3.8387851996444026e-14,
      0.009220920874087324,
      2.6102817727193967e-06,
      0.13440652794846528
    ],
    [
      5.108312716997893e-08,
      0.999991162981829,
      5.507199446909949e-35,
      6.998571307102863e-14,
      1.381156172062528e-20,
      8.785934973915984e-06
    ],
    [
      0.005434989839301422,
      1.0025136528951275e-11,
      5.006531179131484e-05,
      0.9920938503551017,
      0.0023157526792713682,
      0.00010534180450917038
    ],
    [
      7.708461626862757e-12,
      1.571359416642645e-29,
      0.9999665587078634,
      5.680337996480703e-06,
      2.776094643168587e-05,
      9.728584548770497e-17
    ],
    [
      1.3714382990044801e-14,
      1.8462753813452017e-33,
      0.9999992185726486,
      4.903955221032522e-07,
      2.910318156041428e-07,
      1.2236224788629208e-18
    ],
    [
      0.0036592745169793032,
      7.706033525084013e-15,
      0.00011621140498793384,
      0.00032179859772323493,
      0.9959027153587146,
      1.215873506686535e-10
    ],
    [
      0.971160771232853,
      0.00026178064735450326,
      5.424654442930997e-12,
      0.016708234646276788,
      7.101952956538314e-05,
      0.011798193938525922
    ],
    [
      6.114494114313736e-15,
      2.073165407055892e-35,
      0.9999957376735704,
      4.047616389075577e-09,
      4.258278807145495e-06,
      4.754417859901808e-22
    ],
    [
      9.864710199652041e-09,
      2.180037146576854e-25,
      0.9905687636945784,
      3.549717035154099e-05,
      0.009395729270357008,
      3.0018617292326426e-15
    ],
    [
      0.0027085850246813675,
      4.805569093433415e-07,
      6.431129475125119e-11,
      0.5533826525120861,
      9.258209662461422e-08,
      0.4439081892599152
    ],
    [
      0.0014641546438553797,
      8.05018311054739e-16,
      0.000794476986830963,
      0.0006204013579087751,
      0.9971209669224202,
      8.898397662790433e-11
    ],
    [
      7.097959211554588e-12,
      1.4279678069571582e-30,
      0.9997558638214645,
      2.5621553880001607e-07,
      0.0002438799558988294,
      6.263340082560697e-19
    ],
    [
      8.457775862105743e-10,
      2.0503463279070766e-27,
      0.9950304362024247,
      2.915998380066098e-06,
      0.004966646953417711,
      4.411126821651627e-17
    ],
    [
      5.87776007075577e-05,
      0.009398142566349217,
      2.0776030235707027e-21,
      3.8066593890965775e-05,
      5.1227207792202417e-14,
      0.9905050132390011
    ],
    [
      1.2469598819298388e-10,
      4.441438377403917e-29,
      0.9963391694789911,
      3.188623909020994e-07,
      0.003660511533922253,
      1.0697271732005698e-18
    ],
    [
      0.0012534479464842937,
      4.813405512751399e-16,
      0.002816076786577193,
      0.0017784302776380893,
      0.9941520447847637,
      2.0453624910786598e-10
    ],
    [
      0.0064580361426441885,
      2.8350317296247044e-07,
      4.807590624442256e-10,
      0.786015513707396,
      7.382111167746832e-07,
      0.20752542795491116
    ],
    [
      0.565371610853773,
      0.0009841594124252746,
      2.7013971386423673e-12,
      0.09922671229171406,
      6.805545123965866e-06,
      0.3344107118942624
    ],
    [
      0.011502461381277439,
      1.2838919565473188e-13,
      1.187837024755522e-05,
      0.00016143367162514975,
      0.9883242263724573,
      2.0426430792328896e-10
    ],
    [
      3.294711783478543e-08,
      0.9999949879638999,
      1.4843498285907142e-35,
      2.881627957883085e-14,
      6.552250748299618e-21,
      4.979088953650432e-06
    ],
    [
      0.05434837725937458,
      5.122758926935446e-12,
      0.0013119723404486756,
      0.5723614298646986,
      0.37197298044301896,
      5.2400873362563315e-06
    ],
    [
      3.182495008867895e-08,
      3.868927126850006e-26,
      0.03894205080945555,
      1.2208413336275644e-08,
      0.9610579051571809,
      6.957493147992106e-20
    ],
    [
      0.9678747147476924,
      2.1755679219058192e-07,
      4.2152431476366455e-09,
      0.003336081296936499,
      0.028780198796661844,
      8.783386673770308e-06
    ],
    [
      9.368595362722677e-09,
      1.3879785748604202e-25,
      0.9868683069907634,
      2.0843623440577914e-05,
      0.013110840017199343,
      1.261857932343082e-15
    ],
    [
      0.8716256337771754,
      0.08690541760919089,
      4.514401623904025e-16,
      0.0006749338705293676,
      7.162791555890224e-07,
      0.04079329846394825
    ],
    [
      0.9339958280716412,
      0.001001193720819206,
      1.3736338282708808e-12,
      0.021007796742912206,
      2.1314152807975444e-05,
      0.04397386731044605
    ],
    [
      0.05198583735664003,
      8.93487019437562e-12,
      0.0008175427860027786,
      0.7373539379436057,
      0.20983175487829914,
      1.0927026517689066e-05
    ],
    [
      0.9891135094569882,
      1.2125474899380805e-05,
      1.0936967648947971e-10,
      0.00931574907392217,
      0.0009811632608027624,
      0.000577452624018026
    ],
    [
      1.6261092103604325e-12,
      8.606029774554926e-31,
      0.9999811216693456,
      1.2456707945469676e-06,
      1.7632658233814405e-05,
      7.488077610973093e-18
    ],
    [
      2.1828940093771081e-07,
      0.9999996686767697,
      2.8626703897691924e-35,
      3.45564788582339e-15,
      3.285597712709094e-19,
      1.130338262488529e-07
    ],
    [
      0.5261404300033875,
      1.515619508764481e-09,
      1.1696109175796175e-06,
      0.008650816504400666,
      0.4652067536015829,
      8.287640921001578e-07
    ],
    [
      0.4075048727414546,
      3.037738304851115e-09,
      1.1447591011797659e-05,
      0.4927858649956129,
      0.09957610928224822,
      0.00012170235193443236
    ],
    [
      0.012274956200176936,
      1.35612499889343e-13,
      0.011544507923316166,
      0.5659170253250484,
      0.41026246049831666,
      1.0500530063551903e-06
    ],
    [
      0.986961882711923,
      0.0015663045232546934,
      1.8272178675989676e-13,
      0.0031929247366128477,
      2.0504228337016946e-05,
      0.008258383799689828
    ],
    [
      7.266297114115451e-11,
      1.8880527187627908e-28,
      0.9997123348225324,
      5.135323197714311e-06,
      0.00028252978160687005,
      9.485848973564018e-17
    ],
    [
      0.045217521941292166,
      4.410222197850937e-12,
      0.0013886206390247618,
      0.6640081675539377,
      0.28937934605330506,
      6.343808030275575e-06
    ],
    [
      2.9689469503678126e-05,
      0.950015635194881,
      1.5290157567060435e-26,
      4.186058576497646e-08,
      6.875040851273697e-16,
      0.04995463347502897
    ],
    [
      0.7221800666977154,
      0.029965585450141816,
      8.393885119077707e-15,
      0.0069774962498051155,
      9.055949527232619e-07,
      0.2408759460073768
    ],
    [
      0.0003393392448055979,
      4.10283908406431e-17,
      0.00020996388077784987,
      2.1929563933239088e-05,
      0.9994287673095991,
      8.843811621992884e-13
    ],
    [
      0.9811561703166145,
      0.00043096984021408034,
      1.8904991866365103e-12,
      0.009169669574718861,
      5.163598014880113e-05,
      0.009191554286413018
    ],
    [
      0.9661251648113787,
      0.0005970132134544643,
      1.8549504319558907e-12,
      0.014228842094165375,
      3.641980930533954e-05,
      0.019012560069841356
    ],
    [
      1.2219851991663867e-07,
      0.9999923446594572,
      2.6709757517793077e-34,
      1.201627892156735e-13,
      7.028642817708631e-20,
      7.533141902745351e-06
    ],
    [
      0.00018824999428365273,
      0.00039880716498093553,
      5.161739255848608e-18,
      0.0010009626616187092,
      4.4532716242843084e-12,
      0.9984119801746635
    ],
    [
      0.7977933813081808,
      0.00815678569391895,
      7.869630675470162e-14,
      0.014939057528139335,
      2.9219872350434216e-06,
      0.17910785348244704
    ],
    [
      2.256866869532085e-16,
      2.1332045986388126e-38,
      0.9999967054525499,
      6.152588225823429e-11,
      3.2944859241681595e-06,
      4.276410339156761e-25
    ],
    [
      0.005958572369103746,
      0.0046476146377549005,
      5.854000656713218e-17,
      0.0024361203861407517,
      4.328398364268668e-10,
      0.9869576921741607
    ],
    [
      0.9683769733494476,
      5.7631866966122886e-05,
      4.279717543785418e-11,
      0.02562664371001163,
      0.00023258027764930331,
      0.005706170753128206
    ],
    [
      7.440397896966335e-06,
      7.812399615441086e-21,
      0.0016960282594459428,
      9.219539355921604e-07,
      0.9982956093887209,
      9.565702189083171e-16
    ],
    [
      0.0052500064743228655,
      2.514450081542465e-07,
      4.1610940986419057e-10,
      0.7740309212370683,
      5.46257476875921e-07,
      0.22071827417001444
    ],
    [
      0.0008637773387533486,
      0.6036698653313586,
      1.278516314417524e-22,
      6.0061904510330745e-06,
      3.8247997352613963e-13,
      0.39546035113905464
    ],
    [
      0.996511338832863,
      0.0001031536491481305,
      3.189573584818143e-12,
      0.002439624015223735,
      0.0002010672976222112,
      0.0007448162019533614
    ],
    [
      3.920140041223625e-05,
      0.9972720844805818,
      2.322491257825413e-27,
      3.0951047627536527e-09,
      1.5382098024823144e-15,
      0.0026887110238998
    ],
    [
      7.944664440534173e-07,
      0.9999895190958145,
      1.2616600290585165e-32,
      6.67739738790824e-13,
      2.163668863908328e-18,
      9.68643707384342e-06
    ],
    [
      0.9485257810346402,
      0.00032768905990948534,
      6.150310292049619e-12,
      0.027208351280263984,
      5.3280078392150984e-05,
      0.02388489854064349
    ],
    [
      0.9851019223416887,
      0.0008929496378022269,
      5.140927709209861e-13,
      0.00515218151813894,
      3.06276508839506e-05,
      0.008822318850972342
    ],
    [
      3.205841250019093e-05,
      0.9960699337435862,
      2.1166260739733803e-27,
      3.767849512989992e-09,
      1.018724745926974e-15,
      0.0038980040760629407
    ],
    [
      2.676936698600145e-05,
      1.2097935653508826e-19,
      0.0021191162971476427,
      6.706027259031312e-06,
      0.9978474083085851,
      2.2400792565084042e-14
    ],
    [
      0.8374927515649576,
      0.10289609408907487,
      4.162564732912093e-16,
      0.000817694024897555,
      5.64214678037155e-07,
      0.05879289610639162
    ],
    [
      0.001320063947238809,
      7.611777239568117e-16,
      0.00024306113774244084,
      0.00016473682005849286,
      0.9982721380718449,
      2.3114520857006558e-11
    ],
    [
      0.008173440261085319,
      0.9880970137182494,
      1.0305870603908827e-22,
      2.8622852714159907e-07,
      2.8469914909948778e-11,
      0.0037292597636682094
    ],
    [
      0.0019810967069060505,
      3.6723215255312286e-15,
      1.8902654004936853e-06,
      2.263045768586764e-06,
      0.9980147499812937,
      6.278537725594037e-13
    ],
    [
      0.0018007415153280298,
      2.5947772083909332e-15,
      5.048934983332051e-06,
      5.2887017434458425e-06,
      0.9981889208466803,
      1.2624898614580012e-12
    ],
    [
      2.8543796079817083e-10,
      1.4669980933873204e-28,
      0.9934253009338713,
      4.4442932800610887e-07,
      0.006574254351362911,
      1.9361322214672967e-18
    ],
    [
      0.00042411335926835746,
      3.7573138080299584e-06,
      8.567387447270822e-14,
      0.05723042336641916,
      6.144435609112078e-10,
      0.9423417053459752
    ],
    [
      1.3919655287728212e-07,
      2.761013726632024e-24,
      0.7791817007566303,
      1.3939391256049332e-05,
      0.2208042206555598,
      9.117051360621707e-16
    ],
    [
      0.0001974695651985148,
      7.78018991563188e-18,
      0.006811892069235065,
      0.00033852315367562065,
      0.992652115205205,
      6.685840678260772e-12
    ],
    [
      0.0017667153173265425,
      2.2955164715690628e-05,
      5.858264338467752e-14,
      0.046438549613921146,
      2.2659085002822163e-09,
      0.9517717776380696
    ],
    [
      0.00508045797770788,
      0.0048589232999488524,
      3.970308065676923e-17,
      0.002080832825984057,
      3.1211769613935255e-10,
      0.9879797855842416
    ],
    [
      2.1373654239206292e-11,
      5.1638645653551625e-30,
      0.9992833376660472,
      2.6557488937631764e-07,
      0.0007163967376899754,
      7.110110248741124e-19
    ],
    [
      4.583735479510453e-05,
      0.07852176289485878,
      2.919472380624733e-23,
      6.0453223236876494e-06,
      6.878353641866693e-15,
      0.9214263544280153
    ],
    [
      0.0006038007637562903,
      6.110986855575898e-15,
      0.012412953119363131,
      0.9727055559336305,
      0.014275688818723811,
      2.001364520023039e-06
    ],
    [
      3.663504232930278e-07,
      0.9972293445775401,
      2.6035994398274814e-31,
      8.013845759813231e-11,
      2.75357310591124e-19,
      0.0027702889918982507
    ],
    [
      0.0007488001393347167,
      1.8156232809751859e-16,
      0.0010291619569026164,
      0.0003189555423926382,
      0.997903082337164,
      2.4206155152071297e-11
    ],
    [
      0.00013108532324264437,
      0.0001036163478314961,
      2.703774819463566e-17,
      0.0020444578079638755,
      6.136595649925554e-12,
      0.9977208405148253
    ],
    [
      0.6975499559630967,
      5.340837353367555e-09,
      3.1550334452594943e-07,
      0.0064173407349378386,
      0.2960311037581251,
      1.2786996584069142e-06
    ],
    [
      1.6308785102113674e-09,
      1.470223875387665e-26,
      0.9970833120825221,
      1.50883184473186e-05,
      0.0029015979681514654,
      6.648801086328515e-16
    ],
    [
      9.056696337928688e-08,
      5.269828569192725e-25,
      0.5250646244372161,
      1.8174698367413523e-06,
      0.4749334675259837,
      4.2375672046179193e-17
    ],
    [
      1.2202994120035827e-06,
      0.9999968659643912,
      7.948239426885232e-33,
      1.993571551176794e-13,
      5.731326662572029e-18,
      1.9137359974358705e-06
    ],
    [
      0.0006551923554476874,
      0.0001338820244993613,
      3.9734651104709253e-16,
      0.0059815957079584125,
      9.915632773956358e-11,
      0.9932293298129378
    ],
    [
      0.0003586762652236244,
      0.024366548116192144,
      1.3177083816482235e-20,
      7.69277909034518e-05,
      7.187336852149786e-13,
      0.9751978478269623
    ],
    [
      0.00249000537605123,
      3.8017827711652015e-15,
      0.08343143187409285,
      0.5638446573706964,
      0.3502336630152786,
      2.423638769065568e-07
    ],
    [
      0.0004450717306770077,
      8.453389906358609e-17,
      8.123911867126051e-05,
      1.2346520985054704e-05,
      0.9994613426289876,
      6.791921592036264e-13
    ],
    [
      8.054781737969787e-14,
      3.191885069735099e-32,
      0.9999977433979141,
      1.4954451167214638e-06,
      7.611568884165952e-07,
      8.371852228511698e-18
    ],
    [
      2.5227631593644183e-05,
      8.711680449494736e-20,
      0.009012398764965065,
