{
  "dataset": "moons",
  "algorithm": "gmm",
  "params": {
    "n_components": 3,
    "covariance_type": "spherical"
  },
  "labels": [
    0,
    0,
    0,
    2,
    2,
    0,
    0,
    2,
    0,
    1,
    0,
    2,
    0,
    2,
    0,
    0,
    1,
    0,
    0,
    1,
    1,
    1,
    2,
    0,
    0,
    1,
    1,
    2,
    2,
    0,
    1,
    0,
    1,
    2,
    0,
    0,
    0,
    0,
    2,
    0,
    0,
    2,
    1,
    2,
    0,
    0,
    0,
    0,
    0,
    0,
    2,
    2,
    2,
    0,
    2,
    0,
    2,
    0,
    2,
    2,
    1,
    2,
    0,
    1,
    2,
    0,
    1,
    0,
    2,
    0,
    0,
    0,
    2,
    2,
    0,
    0,
    2,
    0,
    1,
    1,
    2,
    2,
    1,
    2,
    0,
    2,
    2,
    1,
    0,
    2,
    0,
    1,
    0,
    0,
    0,
    0,
    0,
    0,
    1,
    0,
    2,
    1,
    0,
    0,
    0,
    0,
    0,
    2,
    0,
    2,
    2,
    0,
    0,
    0,
    1,
    0,
    2,
    2,
    2,
    0,
    2,
    2,
    0,
    2,
    2,
    2,
    0,
    2,
    2,
    0,
    0,
    2,
    1,
    2,
    2,
    0,
    2,
    0,
    0,
    2,
    0,
    2,
    1,
    2,
    0,
    2,
    0,
    2,
    2,
    1,
    0,
    2,
    0,
    0,
    1,
    0,
    0,
    2,
    0,
    0,
    2,
    0,
    0,
    0,
    1,
    1,
    0,
    0,
    1,
    2,
    0,
    2,
    1,
    2,
    2,
    2,
    0,
    2,
    2,
    0,
    0,
    2,
    0,
    2,
    1,
    2,
    0,
    0,
    2,
    2,
    1,
    0,
    0,
    2,
    2,
    2,
    2,
    0,
    2,
    0,
    1,
    0,
    2,
    2,
    2,
    2,
    2,
    0,
    1,
    0,
    2,
    2,
    0,
    0,
    0,
    0,
    0,
    2,
    0,
    2,
    0,
    2,
    0,
    2,
    2,
    0,
    2,
    1,
    2,
    0,
    2,
    2,
    1,
    0,
    0,
    0,
    0,
    2,
    2,
    2,
    0,
    2,
    1,
    0,
    0,
    0,
    2,
    0,
    0,
    2,
    1,
    0,
    1,
    2,
    0,
    0,
    2,
    0,
    2,
    1,
    2,
    2,
    0,
    2,
    2,
    2,
    1,
    2,
    0,
    2,
    2,
    2,
    2,
    0,
    0,
    0,
    0,
    0,
    0,
    2,
    0,
    2,
    0,
    2,
    2,
    0,
    2,
    1,
    0,
    2,
    0,
    2,
    0,
    0,
    2,
    2,
    0,
    1,
    1,
    1,
    1,
    2,
    0,
    2,
    2,
    2,
    2,
    2,
    2,
    2,
    0,
    2,
    0,
    0,
    2,
    2,
    1,
    2,
    0,
    0,
    2,
    1,
    0,
    1,
    0,
    0,
    2,
    2,
    2,
    0,
    2,
    0,
    0,
    0,
    2,
    2,
    0,
    0,
    2,
    2,
    0,
    2,
    1,
    0,
    2,
    0,
    1,
    1,
    2,
    2,
    2,
    0,
    0,
    2,
    1,
    2,
    2,
    0,
    2,
    2,
    2,
    0,
    2,
    0,
    0,
    0,
    2,
    0,
    2,
    1,
    0,
    1,
    2,
    2,
    0,
    2,
    1,
    2,
    0,
    2,
    2,
    1,
    0,
    0,
    1,
    2,
    0,
    0,
    2,
    0,
    0,
    1,
    1,
    2,
    0,
    1,
    0,
    0,
    2,
    2,
    2,
    0,
    1,
    2,
    1,
    1,
    0,
    0,
    2,
    2,
    2,
    0,
    2,
    0,
    2,
    0,
    0,
    2,
    0,
    0,
    0,
    1,
    1,
    0,
    1,
    0,
    2,
    0,
    2,
    1,
    0,
    2,
    0,
    1,
    0,
    0,
    2,
    2,
    0,
    0,
    0,
    0,
    2,
    2,
    0,
    1,
    2,
    0,
    1,
    0,
    2,
    0,
    0,
    0,
    1,
    2,
    0,
    2,
    1,
    2,
    2,
    0,
    0,
    0,
    2,
    2,
    0,
    0,
    1,
    2,
    2,
    1,
    2,
    0,
    2,
    1,
    0,
    2,
    0,
    2,
    2,
    2,
    0,
    2,
    0,
    0,
    1,
    0,
    2,
    1,
    2,
    1,
    0,
    2,
    2,
    2,
    0,
    0,
    0,
    2
  ],
  "means": [
    {
      "x": 0.8077448131835695,
      "y": -0.03997463632669042
    },
    {
      "x": 1.8771437129826833,
      "y": 0.07251281708382366
    },
    {
      "x": -0.3088741143601823,
      "y": 0.6474482518985999
    }
  ],
  "probabilities": [
    [
      0.9967113722479298,
      4.7291916431118646e-05,
      0.0032413358356393374
    ],
    [
      0.8672562363583896,
      2.2685626762518886e-05,
      0.13272107801484756
    ],
    [
      0.9983179897975639,
      0.0011406762488923225,
      0.0005413339535440279
    ],
    [
      0.00900432924159502,
      1.9078701646178036e-18,
      0.9909956707584051
    ],
    [
      0.08925277737486204,
      2.1629175245607635e-12,
      0.910747222622975
    ],
    [
      0.9880600973548858,
      0.011787938667167057,
      0.00015196397794740618
    ],
    [
      0.995631868998971,
      0.0035479583557769512,
      0.0008201726452519993
    ],
    [
      0.02517934565446027,
      1.87004375284984e-15,
      0.9748206543455379
    ],
    [
      0.6722419582961157,
      1.8863683603866463e-07,
      0.3277578530670483
    ],
    [
      0.2358290811316331,
      0.7641648789232975,
      6.039945069489782e-06
    ],
    [
      0.9919070913878825,
      0.0029878898259403093,
      0.005105018786177367
    ],
    [
      0.007261465492991535,
      5.663875106678754e-22,
      0.9927385345070086
    ],
    [
      0.8107874846576599,
      0.1891987184948889,
      1.3796847451335968e-05
    ],
    [
      0.2522488247081573,
      1.6215388661076358e-10,
      0.7477511751296888
    ],
    [
      0.9911436197431057,
      0.008672544732756055,
      0.00018383552413824244
    ],
    [
      0.9915837766420122,
      0.00823794731853972,
      0.00017827603944835227
    ],
    [
      0.045990238688161135,
      0.9540072801165241,
      2.4811953147456713e-06
    ],
    [
      0.9701041126151726,
      0.0005573323471941342,
      0.029338555037633437
    ],
    [
      0.9921472967198368,
      1.901080995944135e-07,
      0.007852513172063575
    ],
    [
      0.42761089769131005,
      0.572374998517723,
      1.4103790967069715e-05
    ],
    [
      0.04746227955928014,
      0.952535050742456,
      2.669698263779947e-06
    ],
    [
      0.033667699307182664,
      0.9663314721223936,
      8.285704235229689e-07
    ],
    [
      0.15059438409913037,
      7.297319911708475e-15,
      0.8494056159008622
    ],
    [
      0.9977547704453013,
      0.00032293525750710055,
      0.0019222942971916228
    ],
    [
      0.5837521610874762,
      3.9095689578202926e-08,
      0.41624779981683424
    ],
    [
      0.1456092215138097,
      0.8543593767366849,
      3.140174950530564e-05
    ],
    [
      0.12243430984831256,
      0.8775438426137184,
      2.1847537969074533e-05
    ],
    [
      0.002005600266370408,
      4.130684486133182e-26,
      0.9979943997336298
    ],
    [
      0.048220952812045186,
      8.198221703308112e-14,
      0.951779047187873
    ],
    [
      0.961529955867132,
      8.130717026531144e-09,
      0.03847003600215099
    ],
    [
      0.03317655244441577,
      0.9668227897990053,
      6.577565791109208e-07
    ],
    [
      0.9395217623428175,
      2.1767330362934956e-09,
      0.06047823548044941
    ],
    [
      0.0409228861207434,
      0.9590767581398176,
      3.557394391431397e-07
    ],
    [
      0.0022848752190943187,
      4.183923127942168e-23,
      0.9977151247809058
    ],
    [
      0.9871465669988971,
      0.0014082617200535347,
      0.011445171281049275
    ],
    [
      0.9844464518004966,
      5.59990208861388e-09,
      0.015553542599601724
    ],
    [
      0.9917914078930948,
      0.007813932484980666,
      0.0003946596219243909
    ],
    [
      0.8126269240434052,
      5.854066703553779e-06,
      0.1873672218898914
    ],
    [
      0.0008409564513456509,
      3.7784568986608392e-28,
      0.9991590435486543
    ],
    [
      0.7310672040166161,
      1.3298209233601999e-06,
      0.2689314661624608
    ],
    [
      0.9926682405302489,
      0.0072550907681431355,
      7.666870160803468e-05
    ],
    [
      0.049160820510465136,
      2.0220199374501614e-14,
      0.9508391794895146
    ],
    [
      0.11447770876731353,
      0.8855025190662724,
      1.977216641410879e-05
    ],
    [
      0.0023435259682884403,
      1.3132968671819892e-25,
      0.9976564740317115
    ],
    [
      0.9775214926989918,
      0.00016886063181099787,
      0.022309646669197356
    ],
    [
      0.7732691837430339,
      3.176591214634375e-06,
      0.22672763966575152
    ],
    [
      0.9860338173290316,
      0.010524644573138713,
      0.0034415380978296503
    ],
    [
      0.9819111752982546,
      0.011371228299643883,
      0.006717596402101577
    ],
    [
      0.9715758773787093,
      0.028370439790349134,
      5.3682830941437706e-05
    ],
    [
      0.9710403972677647,
      0.00016889970783907343,
      0.028790703024396586
    ],
    [
      0.1008888948091991,
      2.1817644108636662e-12,
      0.899111105188619
    ],
    [
      0.0002847947716676322,
      8.402670640770765e-30,
      0.9997152052283325
    ],
    [
      0.01333689700084982,
      2.623823199133693e-17,
      0.9866631029991503
    ],
    [
      0.9298121251410008,
      0.07004233556793268,
      0.0001455392910666241
    ],
    [
      0.0013047028482860133,
      1.4387700837274916e-26,
      0.998695297151714
    ],
    [
      0.5909339972533332,
      1.478400851920198e-07,
      0.4090658549065816
    ],
    [
      0.007810677066483391,
      6.826397047321976e-19,
      0.9921893229335167
    ],
    [
      0.9785540239324777,
      0.0002141866035945538,
      0.021231789463927755
    ],
    [
      0.0007894835512260468,
      4.2657818965206885e-29,
      0.9992105164487741
    ],
    [
      0.14662311966734842,
      2.618634957064186e-11,
      0.8533768803064652
    ],
    [
      0.06080774321948945,
      0.9391875342911921,
      4.722489318482888e-06
    ],
    [
      0.11407404918215786,
      2.410845355582439e-15,
      0.8859259508178398
    ],
    [
      0.9321883681741114,
      2.8645529495373266e-09,
      0.06781162896133555
    ],
    [
      0.052421168233920686,
      0.9475770705074474,
      1.761258631844071e-06
    ],
    [
      0.16070987146611454,
      2.9241371000886935e-11,
      0.839290128504644
    ],
    [
      0.9341457216452065,
      9.61379129566769e-05,
      0.06575814044183691
    ],
    [
      0.04607198868396344,
      0.9539272437463855,
      7.675696511539165e-07
    ],
    [
      0.807558355338474,
      1.9475872264186276e-06,
      0.19243969707429964
    ],
    [
      0.009163879605550707,
      1.7530736942867523e-24,
      0.9908361203944492
    ],
    [
      0.9883827853100113,
      0.011427367509894306,
      0.00018984718009433906
    ],
    [
      0.9989751557109927,
      6.455144159458578e-05,
      0.0009602928474128636
    ],
    [
      0.9966134903971298,
      8.288055627798411e-06,
      0.0033782215472424387
    ],
    [
      0.24877290871734964,
      2.56013815698228e-13,
      0.7512270912823943
    ],
    [
      0.42714347033099853,
      1.0348920287584241e-10,
      0.5728565295655123
    ],
    [
      0.9356311299951127,
      1.6765942167919114e-08,
      0.06436885323894531
    ],
    [
      0.9229699350796384,
      1.439743317356599e-07,
      0.07702992094602977
    ],
    [
      0.09565452327199357,
      2.6050046779952704e-14,
      0.9043454767279804
    ],
    [
      0.6149481536616882,
      9.088578145919098e-08,
      0.38505175545253034
    ],
    [
      0.18419880360419102,
      0.8157939963398001,
      7.200056008925088e-06
    ],
    [
      0.037553882509443894,
      0.9624453527541743,
      7.647363820348573e-07
    ],
    [
      0.0003328451706174019,
      6.080799823236526e-29,
      0.9996671548293828
    ],
    [
      0.237064913463786,
      3.4335643021093644e-10,
      0.7629350861928577
    ],
    [
      0.1700214100608943,
      0.8299404516268828,
      3.813831222320021e-05
    ],
    [
      0.008523921974331768,
      1.5209771203642907e-19,
      0.9914760780256683
    ],
    [
      0.9714666949281954,
      5.525189845472036e-07,
      0.028532752552820045
    ],
    [
      0.2410330529005231,
      4.1133434573136e-10,
      0.7589669466881425
    ],
    [
      0.0016867949688215756,
      3.341314320263192e-24,
      0.9983132050311786
    ],
    [
      0.3036544371560049,
      0.6963116846818296,
      3.3878162165516926e-05
    ],
    [
      0.9278528102768916,
      3.8834879812982115e-09,
      0.07214718583962047
    ],
    [
      0.04387302095423825,
      1.1515785554983366e-16,
      0.9561269790457616
    ],
    [
      0.9981703169830789,
      0.000999375920356192,
      0.0008303070965650933
    ],
    [
      0.01809188540261746,
      0.9819079877938889,
      1.2680349403494878e-07
    ],
    [
      0.9949051420255194,
      5.727115870065121e-05,
      0.005037586815780176
    ],
    [
      0.9595382035787028,
      1.1689556119553332e-07,
      0.04046167952573597
    ],
    [
      0.6904870461057893,
      0.30930215990579746,
      0.00021079398841327004
    ],
    [
      0.9976811515669524,
      9.525372365534895e-07,
      0.00231789589581128
    ],
    [
      0.6924579746982124,
      1.9293718735524791e-07,
      0.3075418323646003
    ],
    [
      0.9432449498501763,
      0.00020762865669517,
      0.0565474214931289
    ],
    [
      0.09896063880696299,
      0.901038799839383,
      5.613536542348815e-07
    ],
    [
      0.9895457718296463,
      0.006726076939521502,
      0.0037281512308322533
    ],
    [
      0.009151012129840019,
      1.338005396096243e-25,
      0.9908489878701601
    ],
    [
      0.20164843561435863,
      0.7983461035085408,
      5.46087710027663e-06
    ],
    [
      0.9514243736397633,
      4.737786592548576e-05,
      0.04852824849431135
    ],
    [
      0.8756418969948186,
      3.986777885701998e-09,
      0.12435809901840345
    ],
    [
      0.9734555574595705,
      3.7919011346121595e-08,
      0.026544404621418403
    ],
    [
      0.8873629785377134,
      3.787491519019938e-05,
      0.11259914654709632
    ],
    [
      0.8847261711556782,
      4.706795993980895e-09,
      0.11527382413752577
    ],
    [
      0.0020923475351440988,
      6.268938858821399e-29,
      0.9979076524648562
    ],
    [
      0.9643506528302358,
      7.54901447984627e-09,
      0.03564933962074965
    ],
    [
      0.08516084270533471,
      8.544026105660251e-13,
      0.914839157293811
    ],
    [
      0.004374444187352837,
      1.745894802668497e-20,
      0.9956255558126472
    ],
    [
      0.5038607190947211,
      0.49611532268693365,
      2.395821834537829e-05
    ],
    [
      0.9904971367905393,
      1.6629314751169364e-06,
      0.00950120027798562
    ],
    [
      0.9872352096106725,
      0.006687176470979019,
      0.006077613918348315
    ],
    [
      0.019184577261089793,
      0.980815283724111,
      1.390147993074848e-07
    ],
    [
      0.6281082599049783,
      6.310833920941366e-11,
      0.3718917400319134
    ],
    [
      0.0035080589029588315,
      3.539198310931222e-27,
      0.9964919410970412
    ],
    [
      0.0021985941592471345,
      2.4878899162721164e-31,
      0.9978014058407526
    ],
    [
      0.07098642027630075,
      2.4026915048594847e-13,
      0.929013579723459
    ],
    [
      0.9765089679135198,
      0.000469087164515473,
      0.02302194492196474
    ],
    [
      0.0004028493384708111,
      3.457366355939231e-32,
      0.9995971506615292
    ],
    [
      0.004389704780434858,
      2.719602560322813e-23,
      0.9956102952195651
    ],
    [
      0.98989286950076,
      2.133161401428715e-07,
      0.010106917183099829
    ],
    [
      0.05291564059078706,
      2.5731059445008676e-14,
      0.9470843594091871
    ],
    [
      0.0011537102181660263,
      1.0086827540386844e-27,
      0.9988462897818342
    ],
    [
      0.0020782633270135446,
      5.315270184249407e-25,
      0.9979217366729866
    ],
    [
      0.9889879181897031,
      0.010874161634426444,
      0.00013792017587043633
    ],
    [
      0.00105921494968397,
      1.774419343107808e-26,
      0.9989407850503161
    ],
    [
      0.052484969007520886,
      1.1985692294237132e-14,
      0.9475150309924671
    ],
    [
      0.9825138447804296,
      1.9083630921519808e-07,
      0.01748596438326142
    ],
    [
      0.9899246928053397,
      0.0004895643383872242,
      0.009585742856273073
    ],
    [
      0.10273374417444656,
      2.9865906507101597e-12,
      0.8972662558225668
    ],
    [
      0.0181504549006445,
      0.9818494283860155,
      1.16713340006837e-07
    ],
    [
      0.30848545919894904,
      1.6567651948905928e-11,
      0.6915145407844833
    ],
    [
      0.0006936600522589251,
      9.645382257341145e-25,
      0.9993063399477412
    ],
    [
      0.7535247286974531,
      1.4173147872494676e-06,
      0.24647385398775976
    ],
    [
      0.0036498167745286133,
      1.8448709388268968e-23,
      0.9963501832254715
    ],
    [
      0.9504056512246374,
      0.04588155402511439,
      0.003712794750248334
    ],
    [
      0.9850374258106408,
      0.0010648640019035962,
      0.013897710187455897
    ],
    [
      0.3614354648468512,
      2.981102346158293e-11,
      0.6385645351233379
    ],
    [
      0.9310838503265025,
      5.286288046543926e-05,
      0.068863286793032
    ],
    [
      0.0022348998378374525,
      3.268800065225339e-28,
      0.9977651001621628
    ],
    [
      0.0445190203210432,
      0.9554801760460221,
      8.036329346675268e-07
    ],
    [
      0.4382371079186983,
      8.572148004726892e-09,
      0.5617628835091538
    ],
    [
      0.6201476391012141,
      8.630305049033093e-09,
      0.3798523522684808
    ],
    [
      0.19839074286154504,
      4.1741228225863224e-13,
      0.8016092571380375
    ],
    [
      0.9828204211436501,
      0.0026403615927162714,
      0.014539217263633518
    ],
    [
      0.0029336680983119133,
      5.826680124788571e-26,
      0.9970663319016881
    ],
    [
      0.3182991498652923,
      1.4376536824649165e-11,
      0.6817008501203313
    ],
    [
      0.25316653732718086,
      0.7468236744120732,
      9.788260745905771e-06
    ],
    [
      0.9829088285333639,
      0.012972360340926877,
      0.004118811125709014
    ],
    [
      0.02737675355901021,
      2.0701245535676268e-15,
      0.9726232464409879
    ],
    [
      0.9785942598544165,
      0.000811316124348719,
      0.02059442402123459
    ],
    [
      0.9815928567943873,
      0.0008764525191633359,
      0.01753069068644949
    ],
    [
      0.020326920920700445,
      0.979672870509188,
      2.0857011168853336e-07
    ],
    [
      0.9989863252662481,
      0.00048489827043248754,
      0.0005287764633193206
    ],
    [
      0.9891069044820862,
      0.004503141331014351,
      0.006389954186899554
    ],
    [
      0.0001109684710541412,
      5.928053702258447e-35,
      0.9998890315289457
    ],
    [
      0.9946192253657962,
      0.004383754024965493,
      0.0009970206092384006
    ],
    [
      0.9627993979600888,
      0.00013490457471311164,
      0.037065697465198104
    ],
    [
      0.005976760845301298,
      4.593808638510138e-19,
      0.9940232391546986
    ],
    [
      0.9833927685626158,
      1.6043845091828686e-07,
      0.016607070998933365
    ],
    [
      0.6260082423145024,
      0.3739092454550541,
      8.251223044353583e-05
    ],
    [
      0.9614566923299968,
      0.00038414430887288495,
      0.03815916336113058
    ],
    [
      0.09164724229640965,
      0.9083476521785523,
      5.105525037953417e-06
    ],
    [
      0.02622875995087448,
      0.9737707010942153,
      5.389549101808591e-07
    ],
    [
      0.9794124182462391,
      0.00045588392820107847,
      0.020131697825559822
    ],
    [
      0.9815029007116304,
      0.0015900184484168218,
      0.01690708083995289
    ],
    [
      0.09928253544424981,
      0.9007125121991719,
      4.952356578256851e-06
    ],
    [
      0.010352847751837192,
      7.170517536382882e-18,
      0.9896471522481628
    ],
    [
      0.9478891226346539,
      0.04874660337397929,
      0.0033642739913670814
    ],
    [
      0.048297176413192616,
      2.953268089422816e-14,
      0.9517028235867778
    ],
    [
      0.2965986243143407,
      0.7032788851614836,
      0.00012249052417573033
    ],
    [
      0.04779500545001384,
      7.944681735202119e-14,
      0.9522049945499067
    ],
    [
      0.04750234525515409,
      7.309223547741925e-14,
      0.9524976547447729
    ],
    [
      0.0011385140517965497,
      4.669451242779905e-26,
      0.9988614859482036
    ],
    [
      0.9973638416376719,
      1.8914929034657677e-06,
      0.0026342668694247897
    ],
    [
      0.002945082237113145,
      1.4721142763730873e-22,
      0.997054917762887
    ],
    [
      0.025328597869557747,
      2.778594995404426e-16,
      0.974671402130442
    ],
    [
      0.9972216284409438,
      1.5743440073197835e-05,
      0.0027626281189829273
    ],
    [
      0.994380011484086,
      0.004693819358245273,
      0.0009261691576690143
    ],
    [
      0.0010956846579876424,
      3.1426314768343647e-27,
      0.9989043153420125
    ],
    [
      0.9338554416216337,
      0.06607921367883922,
      6.5344699526747e-05
    ],
    [
      0.2594475063629198,
      2.328519423652136e-14,
      0.7405524936370571
    ],
    [
      0.08426089168538341,
      0.9157383327731361,
      7.755414805801818e-07
    ],
    [
      0.04058655891406203,
      6.7796234741767145e-15,
      0.9594134410859314
    ],
    [
      0.9992209636711471,
      0.00010964665735552613,
      0.0006693896714976098
    ],
    [
      0.5090757993199383,
      2.957681686091733e-08,
      0.490924171103245
    ],
    [
      0.003584893061619211,
      2.8366323773040377e-24,
      0.996415106938381
    ],
    [
      0.0016729639670680907,
      2.2774927012407e-23,
      0.9983270360329319
    ],
    [
      0.0341555895448082,
      0.9658434650149089,
      9.454402832769782e-07
    ],
    [
      0.9987066738382472,
      0.00013648895589300222,
      0.0011568372058600748
    ],
    [
      0.9735965147971803,
      0.026194799566721282,
      0.00020868563609857633
    ],
    [
      0.12868421543686084,
      9.439741536588164e-15,
      0.8713157845631297
    ],
    [
      0.029542988894988034,
      4.004073600343384e-15,
      0.9704570111050083
    ],
    [
      0.0029304753167656255,
      3.895927763921117e-30,
      0.9970695246832344
    ],
    [
      0.010767213378945803,
      4.406201373286917e-18,
      0.9892327866210543
    ],
    [
      0.8339270950249552,
      5.954699780937381e-06,
      0.16606695027526377
    ],
    [
      0.0033007035047493216,
      6.685833301328796e-21,
      0.9966992964952508
    ],
    [
      0.998626574289938,
      6.430086679638187e-06,
      0.0013669956233825172
    ],
    [
      0.11696406629243719,
      0.8830324603758164,
      3.473331746358673e-06
    ],
    [
      0.715786830464137,
      9.62648853684934e-07,
      0.2842122068870093
    ],
    [
      0.006664230930952404,
      1.8194906177855916e-29,
      0.9933357690690481
    ],
    [
      0.0004531395787572421,
      6.539997378875705e-27,
      0.9995468604212429
    ],
    [
      0.002293153657178481,
      4.191988127172153e-22,
      0.9977068463428217
    ],
    [
      0.00518097228214042,
      4.537919246731698e-23,
      0.9948190277178595
    ],
    [
      0.004626167009154634,
      1.3436235498219258e-22,
      0.9953738329908454
    ],
    [
      0.8436088181078024,
      3.600241156538163e-07,
      0.15639082186808184
    ],
    [
      0.050636160750031724,
      0.9493608343764465,
      3.004873521734452e-06
    ],
    [
      0.9960618575696308,
      2.329965141480236e-06,
      0.003935812465227861
    ],
    [
      0.04413533878182241,
      1.3117038944688354e-15,
      0.9558646612181763
    ],
    [
      0.026333368352849953,
      2.265710839049638e-15,
      0.973666631647148
    ],
    [
      0.9840800275930277,
      1.6749884090082663e-08,
      0.015919955657088328
    ],
    [
      0.6835021731099965,
      8.921968932351755e-12,
      0.31649782688108163
    ],
    [
      0.5869490700581311,
      1.1440997756951829e-08,
      0.41305091850087117
    ],
    [
      0.9993106864186257,
      4.954335929344912e-06,
      0.0006843592454449469
    ],
    [
      0.9351438811136688,
      0.06462991761037049,
      0.00022620127596066736
    ],
    [
      0.0024234047859308383,
      6.604100065718219e-26,
      0.9975765952140694
    ],
    [
      0.9958162234767782,
      5.445392303412774e-06,
      0.004178331130918515
    ],
    [
      0.0008920062386831332,
      7.58232623008001e-33,
      0.999107993761317
    ],
    [
      0.9988309343477373,
      0.000910286406408244,
      0.00025877924585444563
    ],
    [
      0.4166268311015223,
      5.5386552854933196e-11,
      0.5833731688430911
    ],
    [
      0.978239121564308,
      0.0035682230780316694,
      0.018192655357660473
    ],
    [
      0.0011510095455945228,
      7.964366057697759e-26,
      0.9988489904544056
    ],
    [
      0.03059052149338179,
      1.5938819696213198e-15,
      0.9694094785066167
    ],
    [
      0.9978261642248871,
      1.6806218763328034e-05,
      0.002157029556349715
    ],
    [
      0.0012198057429253695,
      6.473004377405127e-30,
      0.9987801942570748
    ],
    [
      0.230325175667989,
      0.7696473633784287,
      2.7460953582319483e-05
    ],
    [
      0.39617851079928074,
      4.653227941676476e-12,
      0.603821489196066
    ],
    [
      0.9004653498836217,
      1.9527442719602767e-05,
      0.09951512267365875
    ],
    [
      0.05801824978196466,
      1.3219908506521316e-13,
      0.9419817502179031
    ],
    [
      0.43631271136600347,
      5.414240787855954e-09,
      0.5636872832197559
    ],
    [
      0.06389903877568803,
      0.9361003982993296,
      5.629249824627882e-07
    ],
    [
      0.9727919934974781,
      0.0003134594760585761,
      0.02689454702646316
    ],
    [
      0.9992529718549711,
      2.2259469514670393e-05,
      0.0007247686755143406
    ],
    [
      0.9846911866346297,
      4.650109792709844e-08,
      0.015308766864272573
    ],
    [
      0.9849102096273663,
      1.037854503033024e-06,
      0.015088752518130633
    ],
    [
      0.006514909220730983,
      2.252211201186758e-19,
      0.993485090779269
    ],
    [
      0.01616408097971918,
      5.282358445805964e-17,
      0.983835919020281
    ],
    [
      0.0010732407454681254,
      1.0465752162808708e-25,
      0.9989267592545321
    ],
    [
      0.9996745475838718,
      0.00026543794644490724,
      6.001446968331057e-05
    ],
    [
      0.0009081301803164463,
      2.640364032072349e-26,
      0.9990918698196837
    ],
    [
      0.1723145381173491,
      0.8276799090719813,
      5.552810669678923e-06
    ],
    [
      0.9831401779797727,
      0.014780586327043694,
      0.002079235693183568
    ],
    [
      0.999105066166424,
      0.0007546070658836966,
      0.00014032676769236955
    ],
    [
      0.6063740522940578,
      2.1651996312940496e-07,
      0.393625731185979
    ],
    [
      0.25992705484211215,
      6.418348641906238e-10,
      0.7400729445160532
    ],
    [
      0.8877599340344451,
      2.615479643057763e-05,
      0.11221391116912446
    ],
    [
      0.933361572874298,
      9.951279450275722e-09,
      0.06663841717442252
    ],
    [
      0.0012556554297862867,
      5.856922241858011e-24,
      0.9987443445702137
    ],
    [
      0.03678948710823032,
      0.9632092879928934,
      1.2248988763223715e-06
    ],
    [
      0.7741109671486548,
      1.0109516651567766e-09,
      0.22588903184039363
    ],
    [
      0.028407017636737624,
      0.971592387984205,
      5.943790574920878e-07
    ],
    [
      0.002322004354110759,
      1.0332089335232027e-25,
      0.9976779956458892
    ],
    [
      0.8892104348413726,
      2.2738515239136592e-10,
      0.110789564931242
    ],
    [
      0.7358825303106187,
      0.2640823306767095,
      3.513901267212623e-05
    ],
    [
      0.016145141941504536,
      1.3799090690378381e-17,
      0.9838548580584956
    ],
    [
      0.9986988340107987,
      5.5790214454902844e-05,
      0.00124537577474646
    ],
    [
      0.00700004061503474,
      1.6891330463657235e-20,
      0.9929999593849654
    ],
    [
      0.04569059521585076,
      0.95430770997052,
      1.6948136291952666e-06
    ],
    [
      0.39622926994092494,
      9.819205164064568e-13,
      0.6037707300580931
    ],
    [
      0.03185644900565228,
      1.941463282444124e-15,
      0.9681435509943459
    ],
    [
      0.9977320655220238,
      0.0010350397868116438,
      0.0012328946911647363
    ],
    [
      0.10158800640108019,
      2.094313292205208e-12,
      0.8984119935968254
    ],
    [
      0.017151338901696518,
      1.4425159391445113e-16,
      0.9828486610983035
    ],
    [
      0.0023942631098128743,
      1.7885593353681523e-26,
      0.9976057368901872
    ],
    [
      0.04025274244434125,
      0.9597465526062973,
      7.049493615565408e-07
    ],
    [
      0.23054917836310085,
      1.9428796129047935e-10,
      0.769450821442611
    ],
    [
      0.943928275234336,
      0.05600262786270083,
      6.909690296328952e-05
    ],
    [
      0.007560200437713013,
      4.381923228630128e-19,
      0.992439799562287
    ],
    [
      0.003027514429691026,
      2.848031916550979e-23,
      0.996972485570309
    ],
    [
      0.001252071171423193,
      6.180752165722123e-27,
      0.998747928828577
    ],
    [
      0.011414338261635749,
      1.1721089813226979e-24,
      0.9885856617383642
    ],
    [
      0.984071155136658,
      8.335053760067282e-09,
      0.015928836528288633
    ],
    [
      0.8099015868561062,
      2.5091125774876046e-08,
      0.19009838805276782
    ],
    [
      0.9992433950670271,
      3.0993390000405065e-06,
      0.0007535055939728533
    ],
    [
      0.9836035966337023,
      0.01625476385875862,
      0.00014163950753882443
    ],
    [
      0.9962672013993008,
      0.00016421766162079898,
      0.0035685809390785367
    ],
    [
      0.8988804137155149,
      3.1097068394808846e-09,
      0.10111958317477822
    ],
    [
      0.015473119231435777,
      1.350896004843172e-16,
      0.9845268807685641
    ],
    [
      0.8696436005684552,
      3.290830782327306e-08,
      0.1303563665232371
    ],
    [
      0.00013928118039875198,
      9.400581033867306e-36,
      0.9998607188196011
    ],
    [
      0.633988762913226,
      0.3659258665858053,
      8.53705009687797e-05
    ],
    [
      0.0018654176541746705,
      5.336111312049036e-27,
      0.9981345823458252
    ],
    [
      0.03616777847740565,
      6.4900649984480884e-15,
      0.9638322215225879
    ],
    [
      0.7578494244115346,
      0.2421156280677577,
      3.494752070782796e-05
    ],
    [
      0.21784639486058327,
      2.998967801466329e-14,
      0.7821536051393867
    ],
    [
      0.2820133498789613,
      0.7179697023719562,
      1.6947749082669045e-05
    ],
    [
      0.9997699516701732,
      5.245651307745515e-05,
      0.0001775918167493654
    ],
    [
      0.2905450271635479,
      1.6876933578257778e-14,
      0.7094549728364353
    ],
    [
      0.9964291948400021,
      4.595303953271047e-05,
      0.0035248521204653397
    ],
    [
      0.2807000981309466,
      9.482494019404364e-14,
      0.7192999018689586
    ],
    [
      0.9962682380609336,
      0.0035845272655041583,
      0.00014723467356204603
    ],
    [
      0.9693492975208774,
      1.0166209174853644e-07,
      0.030650600817030832
    ],
    [
      0.07723268730453657,
      5.599746058086286e-13,
      0.9227673126949034
    ],
    [
      0.0014347106642959419,
      4.016303330377736e-24,
      0.9985652893357042
    ],
    [
      0.8311586971658842,
      6.191150615265288e-10,
      0.16884130221500052
    ],
    [
      0.15732824632049447,
      0.8426697413562411,
      2.012323264512468e-06
    ],
    [
      0.0268950066963846,
      0.9731044100092534,
      5.832943619532685e-07
    ],
    [
      0.049448946725663585,
      0.9505482674901937,
      2.785784142720482e-06
    ],
    [
      0.27774585930829915,
      0.7222353397154632,
      1.8800976237694765e-05
    ],
    [
      0.004822165807203168,
      1.1507236115675748e-27,
      0.9951778341927972
    ],
    [
      0.780478513547086,
      2.210615729657931e-08,
      0.2195214643467568
    ],
    [
      0.007753874894197561,
      1.3251681748463342e-20,
      0.9922461251058023
    ],
    [
      0.014696724931882423,
      3.4291970677779517e-17,
      0.9853032750681175
    ],
    [
      0.0008054499657861404,
      7.29272497957125e-27,
      0.999194550034214
    ],
    [
      0.3167018647090447,
      9.715352998761689e-11,
      0.6832981351938017
    ],
    [
      0.0010116336540064237,
      5.792991582956473e-29,
      0.9989883663459938
    ],
    [
      0.022182357068052758,
      1.9631991604362234e-16,
      0.9778176429319472
    ],
    [
      0.022877980918500785,
      5.008763423272004e-16,
      0.9771220190814988
    ],
    [
      0.99668317095588,
      7.331272405740349e-06,
      0.0033094977717142743
    ],
    [
      0.0004905678304487903,
      7.6551773416318665e-31,
      0.9995094321695515
    ],
    [
      0.9720268901805204,
      0.027799501333330947,
      0.0001736084861487198
    ],
    [
      0.9561535837053643,
      0.043736364401979165,
      0.00011005189265637268
    ],
    [
      0.014403218675500477,
      7.3592546397083e-17,
      0.9855967813244993
    ],
    [
      0.4343656491762994,
      3.013364597653991e-11,
      0.565634350793567
    ],
    [
      0.46859270168498,
      0.5313323659567939,
      7.493235822591573e-05
    ],
    [
      0.09339829090108574,
      2.1359195742765904e-12,
      0.9066017090967783
    ],
    [
      0.9979644657604354,
      0.001596737695826024,
      0.0004387965437387401
    ],
    [
      0.9475579557071914,
      1.8922814625027465e-09,
      0.05244204240052704
    ],
    [
      0.01680155171560582,
      2.6924526419405495e-17,
      0.9831984482843942
    ],
    [
      0.07823454812338843,
      0.9217641559286235,
      1.295947988227284e-06
    ],
    [
      0.9509801935681148,
      0.00017275408215734742,
      0.0488470523497276
    ],
    [
      0.053387344305179774,
      0.9466104108110031,
      2.2448838171167325e-06
    ],
    [
      0.5785724242828666,
      1.0676039557087234e-07,
      0.42142746895673794
    ],
    [
      0.7394969927392322,
      6.134284683497672e-09,
      0.26050300112648306
    ],
    [
      0.29073279090006227,
      5.135747391867556e-10,
      0.709267208586363
    ],
    [
      0.003108687627653788,
      6.165447108980354e-29,
      0.9968913123723462
    ],
    [
      0.0006714785289212479,
      1.456747372955535e-27,
      0.999328521471079
    ],
    [
      0.998268477517088,
      0.001150113783644218,
      0.000581408699268059
    ],
    [
      0.011003070392361994,
      2.2568189757263557e-18,
      0.9889969296076383
    ],
    [
      0.9816930866466593,
      0.00012751710688347663,
      0.01817939624645727
    ],
    [
      0.974126267064351,
      0.0013906983297501615,
      0.024483034605898908
    ],
    [
      0.9870554031051874,
      0.0030426466578487147,
      0.009901950236964118
    ],
    [
      0.002771836234741087,
      7.999384682799506e-22,
      0.997228163765259
    ],
    [
      0.0052071673532795406,
      4.4207808484277286e-20,
      0.9947928326467205
    ],
    [
      0.8382793934767003,
      0.16170397993233568,
      1.6626590963912188e-05
    ],
    [
      0.9188278165127648,
      7.276224185112853e-09,
      0.0811721762110113
    ],
    [
      0.004842568997887047,
      1.2738907786687828e-24,
      0.995157431002113
    ],
    [
      0.3009779420441646,
      5.137369855573544e-10,
      0.6990220574420984
    ],
    [
      0.8440741369997338,
      1.0888249496111855e-05,
      0.15591497475077015
    ],
    [
      0.0010706505735829073,
      4.435571147601029e-30,
      0.9989293494264174
    ],
    [
      0.03913616332584881,
      0.9608622880464943,
      1.5486276570009948e-06
    ],
    [
      0.9990937457951867,
      0.00014055971290156415,
      0.0007656944919118317
    ],
    [
      0.0005820413577488417,
      2.5157477720709356e-28,
      0.9994179586422511
    ],
    [
      0.9843315010659835,
      0.0036903738233179206,
      0.011978125110698486
    ],
    [
      0.14964044135267468,
      0.850329544339342,
      3.0014307982934783e-05
    ],
    [
      0.3882433345317379,
      0.6117336198185925,
      2.3045649669568055e-05
    ],
    [
      0.00014961604955989318,
      1.230379894713793e-31,
      0.9998503839504403
    ],
    [
      0.22646819823844236,
      5.4036322560252254e-14,
      0.7735318017615036
    ],
    [
      0.21775748642593348,
      3.8154503203356323e-13,
      0.7822425135736849
    ],
    [
      0.9071346357970961,
      0.09275837141293977,
      0.0001069927899642102
    ],
    [
      0.9840490469488394,
      0.000556594405018506,
      0.015394358646142187
    ],
    [
      0.2484734059616414,
      4.798080537614119e-13,
      0.7515265940378787
    ],
    [
      0.30751533211434695,
      0.692438158365435,
      4.6509520218118154e-05
    ],
    [
      0.04139497442056538,
      1.6447793917671436e-14,
      0.9586050255794184
    ],
    [
      0.004072780404011489,
      1.5805364474641512e-26,
      0.9959272195959884
    ],
    [
      0.5246203439950274,
      0.4753753447465376,
      4.3112584347145455e-06
    ],
    [
      0.0018105108601750737,
      1.5598865163918987e-26,
      0.998189489139825
    ],
    [
      0.003850754022757575,
      1.6725540353965472e-22,
      0.9961492459772425
    ],
    [
      0.040613911052714814,
      2.909008487095048e-14,
      0.9593860889472562
    ],
    [
      0.7648307361119413,
      6.201653691558606e-09,
      0.23516925768640504
    ],
    [
      0.001968045162676756,
      2.1701241034155184e-25,
      0.9980319548373234
    ],
    [
      0.7530656398998156,
      1.2361901853791067e-06,
      0.24693312390999897
    ],
    [
      0.7853314764131767,
      9.728986496994933e-07,
      0.2146675506881735
    ],
    [
      0.9838469938833012,
      0.008999992175074559,
      0.007153013941624397
    ],
    [
      0.42955157460748233,
      1.0543463422127524e-10,
      0.570448425287083
    ],
    [
      0.9414734198719897,
      1.1720771095870818e-10,
      0.0585265800108023
    ],
    [
      0.0021461256021779816,
      2.792007118707794e-24,
      0.9978538743978222
    ],
    [
      0.1182180586687663,
      0.8817789410387573,
      3.0002924763637953e-06
    ],
    [
      0.9734095710045356,
      0.0009140742841124913,
      0.02567635471135192
    ],
    [
      0.09465133229996124,
      0.9053456188641691,
      3.0488358696491715e-06
    ],
    [
      0.00277461571845078,
      4.330798354237393e-27,
      0.9972253842815492
    ],
    [
      0.16710691140189268,
      7.044573737230252e-13,
      0.8328930885974027
    ],
    [
      0.5049641168418932,
      1.931131140304177e-10,
      0.4950358829649934
    ],
    [
      0.020133250393275848,
      8.7871949712541e-17,
      0.979866749606724
    ],
    [
      0.060344351788925873,
      0.9396547924178565,
      8.557932175708675e-07
    ],
    [
      0.005069942496051257,
      1.7650556330267761e-19,
      0.9949300575039488
    ],
    [
      0.9521288032394692,
      0.0003329213827324124,
      0.047538275377798186
    ],
    [
      0.03291971051158436,
      8.297000984937296e-15,
      0.9670802894884074
    ],
    [
      0.15991964118573207,
      2.767830104158817e-11,
      0.8400803587865898
    ],
    [
