{
  "dataset": "moons",
  "algorithm": "gmm",
  "params": {
    "n_components": 3,
    "covariance_type": "full"
  },
  "labels": [
    0,
    0,
    0,
    2,
    2,
    1,
    0,
    2,
    0,
    1,
    0,
    2,
    1,
    0,
    1,
    1,
    1,
    0,
    0,
    1,
    1,
    1,
    0,
    0,
    0,
    1,
    1,
    2,
    2,
    0,
    1,
    0,
    1,
    2,
    0,
    0,
    1,
    0,
    2,
    0,
    1,
    2,
    1,
    2,
    0,
    0,
    0,
    0,
    1,
    0,
    2,
    2,
    2,
    1,
    2,
    0,
    2,
    0,
    2,
    0,
    1,
    0,
    0,
    1,
    0,
    0,
    1,
    0,
    2,
    1,
    0,
    0,
    0,
    0,
    0,
    0,
    0,
    0,
    1,
    1,
    2,
    0,
    1,
    2,
    0,
    0,
    2,
    1,
    0,
    2,
    0,
    1,
    0,
    0,
    1,
    0,
    0,
    0,
    1,
    0,
    2,
    1,
    0,
    0,
    0,
    0,
    0,
    2,
    0,
    2,
    2,
    1,
    0,
    0,
    1,
    0,
    2,
    2,
    2,
    0,
    2,
    2,
    0,
    2,
    2,
    2,
    1,
    2,
    2,
    0,
    0,
    2,
    1,
    0,
    2,
    0,
    2,
    0,
    0,
    0,
    0,
    2,
    1,
    0,
    0,
    0,
    0,
    2,
    0,
    1,
    0,
    2,
    0,
    0,
    1,
    0,
    0,
    2,
    0,
    0,
    2,
    0,
    1,
    0,
    1,
    1,
    0,
    0,
    1,
    2,
    0,
    2,
    1,
    2,
    2,
    2,
    0,
    2,
    2,
    0,
    0,
    2,
    1,
    0,
    1,
    2,
    0,
    0,
    2,
    2,
    1,
    0,
    1,
    0,
    2,
    2,
    2,
    0,
    2,
    0,
    1,
    0,
    2,
    2,
    2,
    2,
    2,
    0,
    1,
    0,
    2,
    2,
    0,
    0,
    0,
    0,
    1,
    2,
    0,
    2,
    1,
    0,
    0,
    2,
    2,
    0,
    2,
    1,
    0,
    0,
    2,
    0,
    1,
    0,
    0,
    0,
    0,
    2,
    2,
    2,
    1,
    2,
    1,
    0,
    1,
    0,
    0,
    0,
    0,
    2,
    1,
    0,
    1,
    2,
    0,
    1,
    2,
    0,
    2,
    1,
    0,
    2,
    0,
    2,
    2,
    2,
    1,
    0,
    1,
    2,
    2,
    2,
    2,
    0,
    0,
    0,
    1,
    0,
    0,
    2,
    0,
    2,
    1,
    2,
    2,
    1,
    0,
    1,
    1,
    0,
    0,
    0,
    1,
    0,
    2,
    2,
    0,
    1,
    1,
    1,
    1,
    2,
    0,
    2,
    2,
    2,
    0,
    2,
    2,
    2,
    0,
    2,
    1,
    1,
    2,
    0,
    1,
    2,
    1,
    0,
    2,
    1,
    0,
    1,
    0,
    0,
    0,
    2,
    2,
    0,
    2,
    0,
    0,
    0,
    2,
    2,
    1,
    0,
    2,
    0,
    0,
    2,
    1,
    0,
    2,
    0,
    1,
    1,
    2,
    0,
    0,
    1,
    0,
    0,
    1,
    2,
    2,
    1,
    2,
    2,
    2,
    0,
    2,
    0,
    0,
    0,
    0,
    0,
    2,
    1,
    0,
    1,
    2,
    0,
    0,
    2,
    1,
    2,
    0,
    2,
    0,
    1,
    0,
    0,
    1,
    0,
    0,
    0,
    2,
    0,
    1,
    1,
    1,
    2,
    0,
    1,
    1,
    0,
    2,
    2,
    2,
    0,
    1,
    0,
    1,
    1,
    0,
    0,
    0,
    2,
    2,
    0,
    2,
    1,
    2,
    0,
    0,
    0,
    0,
    1,
    0,
    1,
    1,
    0,
    1,
    0,
    2,
    0,
    0,
    1,
    0,
    0,
    0,
    1,
    0,
    0,
    0,
    2,
    0,
    0,
    0,
    1,
    0,
    2,
    0,
    1,
    2,
    0,
    1,
    0,
    2,
    0,
    0,
    0,
    1,
    2,
    1,
    2,
    1,
    2,
    2,
    0,
    0,
    0,
    2,
    0,
    0,
    0,
    1,
    2,
    0,
    1,
    2,
    1,
    0,
    1,
    0,
    0,
    0,
    2,
    2,
    2,
    0,
    2,
    0,
    0,
    1,
    0,
    2,
    1,
    2,
    1,
    0,
    2,
    0,
    2,
    0,
    0,
    1,
    2
  ],
  "means": [
    {
      "x": 0.5619883221763448,
      "y": 0.15299550592274178
    },
    {
      "x": 1.6886185357034003,
      "y": -0.10864579989012678
    },
    {
      "x": -0.4973131060644046,
      "y": 0.7014873554557869
    }
  ],
  "probabilities": [
    [
      0.990164413110589,
      0.009835586889410781,
      2.510699065698775e-16
    ],
    [
      0.9992965001013532,
      3.015170232014767e-13,
      0.000703499898345514
    ],
    [
      0.5309634214592471,
      0.46903657854075287,
      4.2977964070691946e-21
    ],
    [
      0.05312123333139391,
      8.822012888276854e-41,
      0.946878766668606
    ],
    [
      0.3457623564709121,
      8.177896858880995e-31,
      0.6542376435290878
    ],
    [
      0.1345748046488997,
      0.8654251953511002,
      1.0537468966630935e-24
    ],
    [
      0.6966071843638572,
      0.30339281563614273,
      7.487675581277748e-19
    ],
    [
      0.1512759023723736,
      1.5295524583914947e-36,
      0.8487240976276262
    ],
    [
      0.9987590194245501,
      6.258176284489007e-16,
      0.001240980575449326
    ],
    [
      0.00830517333097857,
      0.9916948266690215,
      2.753582583386328e-27
    ],
    [
      0.9987933245057484,
      0.0012066754925808348,
      1.6708343179489712e-12
    ],
    [
      0.011986260592472169,
      1.8765089077413405e-38,
      0.9880137394075279
    ],
    [
      0.042570348291097966,
      0.9574296517089022,
      8.648785203103753e-31
    ],
    [
      0.9086051380973144,
      1.172231765212585e-22,
      0.09139486190268567
    ],
    [
      0.16424711064323394,
      0.8357528893567661,
      3.726171253136312e-24
    ],
    [
      0.1619122125145872,
      0.8380877874854129,
      2.632937365490237e-24
    ],
    [
      0.0009184111513096302,
      0.9990815888486906,
      3.825270925096622e-20
    ],
    [
      0.9999997522449403,
      8.914023311445821e-08,
      1.586148265307522e-07
    ],
    [
      0.9993315715823108,
      0.0006684284176879912,
      1.3643616943976383e-15
    ],
    [
      0.014235874020053059,
      0.9857641259799469,
      3.363972348125323e-27
    ],
    [
      0.0013267304648901393,
      0.9986732695351098,
      1.311678113052443e-20
    ],
    [
      0.00016225591358785176,
      0.9998377440864123,
      1.5677971659970787e-21
    ],
    [
      0.9566554204645606,
      3.598930035399601e-22,
      0.04334457953543934
    ],
    [
      0.9556359716170469,
      0.044364028382953176,
      3.6997863739049846e-17
    ],
    [
      0.9972758407907565,
      4.201635882296195e-17,
      0.0027241592092436887
    ],
    [
      0.017080673566371808,
      0.9829193264336259,
      2.47396392563736e-15
    ],
    [
      0.01504374774880721,
      0.9849562522511928,
      2.7768001181367766e-17
    ],
    [
      0.0012334261136810235,
      1.5218720716710183e-45,
      0.9987665738863192
    ],
    [
      0.23865280928984153,
      5.2665953543867076e-34,
      0.7613471907101582
    ],
    [
      0.999999237159329,
      7.628259947451326e-07,
      1.467627262956747e-11
    ],
    [
      0.000847196388524102,
      0.9991528036114757,
      5.812257477571194e-25
    ],
    [
      0.9999999258262952,
      7.401705097311571e-08,
      1.5665387583278193e-10
    ],
    [
      0.0016647246889830616,
      0.9983352753110171,
      1.7184030169780498e-28
    ],
    [
      0.007966028341644057,
      4.646045109026719e-47,
      0.9920339716583562
    ],
    [
      0.9999729260276297,
      2.7073661275953432e-05,
      3.1109446628490937e-10
    ],
    [
      0.9999359678112026,
      6.403218878043777e-05,
      1.6909656906835927e-14
    ],
    [
      0.3439650084328523,
      0.6560349915671477,
      3.3494981111151438e-21
    ],
    [
      0.998954196736359,
      2.640838994102995e-14,
      0.0010458032636145597
    ],
    [
      0.0005740214343385342,
      3.7620421860176176e-51,
      0.9994259785656616
    ],
    [
      0.9966691873145008,
      7.098014543395065e-16,
      0.003330812685498651
    ],
    [
      0.11105080999203983,
      0.8889491900079602,
      1.4114615197051742e-27
    ],
    [
      0.26748701402436353,
      2.7552712650763685e-31,
      0.7325129859756365
    ],
    [
      0.010891779293482697,
      0.9891082207065172,
      1.4926166746559302e-16
    ],
    [
      0.0015948091239205901,
      1.175805343254222e-44,
      0.9984051908760794
    ],
    [
      0.9999987940563595,
      1.2036749296740538e-06,
      2.268710874740366e-09
    ],
    [
      0.9966053869085163,
      2.1806176956805435e-15,
      0.003394613091481821
    ],
    [
      0.9949697203394174,
      0.0050302796599344755,
      6.48240100076051e-13
    ],
    [
      0.9997878698706963,
      0.00021212987738930056,
      2.519144998669201e-10
    ],
    [
      0.07182884344472247,
      0.9281711565552775,
      5.118318524352305e-28
    ],
    [
      0.9999997586879784,
      2.2493463301265365e-07,
      1.637738860708264e-08
    ],
    [
      0.4802876068897153,
      2.280126277658226e-28,
      0.5197123931102847
    ],
    [
      0.0013870669415786358,
      3.872025136650672e-59,
      0.9986129330584216
    ],
    [
      0.07958147983364912,
      5.7984721155376156e-39,
      0.9204185201663508
    ],
    [
      0.08940719520708817,
      0.9105928047929119,
      1.745800316294728e-23
    ],
    [
      0.0011334708989699808,
      1.1040110693977139e-48,
      0.9988665291010301
    ],
    [
      0.9866858077973769,
      4.442461701455408e-18,
      0.013314192202623375
    ],
    [
      0.04476478094834842,
      2.102580602503598e-41,
      0.9552352190516517
    ],
    [
      0.9999985128795252,
      1.4849557339868988e-06,
      2.164740674564338e-09
    ],
    [
      0.0003119747353476337,
      4.811705065827634e-51,
      0.9996880252646525
    ],
    [
      0.5548025605192374,
      3.057116453988076e-27,
      0.44519743948076285
    ],
    [
      0.0025181737278718946,
      0.9974818262721281,
      8.621110554445168e-20
    ],
    [
      0.8887862930320832,
      1.3784445752255157e-23,
      0.11121370696791652
    ],
    [
      0.9999999656586596,
      3.392760828357729e-08,
      4.1373244075429984e-10
    ],
    [
      0.0018064359680841735,
      0.998193564031916,
      6.823457639066467e-24
    ],
    [
      0.6682255522222856,
      5.58852232918652e-26,
      0.3317744477777144
    ],
    [
      0.9999931170610509,
      3.547095648359071e-10,
      6.88258423968849e-06
    ],
    [
      0.0015564128403013078,
      0.9984435871596987,
      1.9687362685314185e-26
    ],
    [
      0.9998440382666764,
      1.4044112417241562e-13,
      0.0001559617331831574
    ],
    [
      0.010872926368350754,
      4.937005905725047e-35,
      0.9891270736316494
    ],
    [
      0.16040929545228627,
      0.8395907045477137,
      7.397731671817753e-24
    ],
    [
      0.8080447512378354,
      0.19195524876216474,
      2.1264037113095663e-20
    ],
    [
      0.9907503178095443,
      0.00924968219045574,
      6.008275380903647e-17
    ],
    [
      0.9920355792530108,
      5.441384783160971e-20,
      0.007964420746989402
    ],
    [
      0.9983149112726689,
      7.689594862561985e-18,
      0.0016850887273310879
    ],
    [
      0.9999999692075975,
      2.9912671200995104e-08,
      8.797313145102957e-10
    ],
    [
      0.9999999814540572,
      4.4732051346927976e-09,
      1.407273792213534e-08
    ],
    [
      0.7127155258385933,
      1.0864521686627818e-25,
      0.2872844741614067
    ],
    [
      0.9971124662132157,
      6.86528228025644e-17,
      0.0028875337867843446
    ],
    [
      0.00695958857626448,
      0.9930404114237357,
      2.092954416681442e-25
    ],
    [
      0.0010762359511166174,
      0.9989237640488834,
      3.378644856655439e-25
    ],
    [
      0.0023624876815546095,
      1.692766241863185e-58,
      0.9976375123184454
    ],
    [
      0.7718898270936638,
      2.5036931803073143e-24,
      0.22811017290633623
    ],
    [
      0.016634589949017172,
      0.9833654100509691,
      1.3978891197352914e-14
    ],
    [
      0.0294764482158251,
      1.5010609303203966e-39,
      0.9705235517841749
    ],
    [
      0.9999984098139943,
      1.590148481917273e-06,
      3.7523792588452806e-11
    ],
    [
      0.7559183279362643,
      1.9464019775282256e-24,
      0.24408167206373568
    ],
    [
      0.005066845624308295,
      1.42130327239886e-48,
      0.9949331543756919
    ],
    [
      0.019627659496158516,
      0.9803723405038417,
      6.170607416993317e-22
    ],
    [
      0.9999999781798913,
      2.1050144935317133e-08,
      7.699639265608285e-10
    ],
    [
      0.3100263373463153,
      3.6197796613499297e-29,
      0.6899736626536844
    ],
    [
      0.7216841075053303,
      0.27831589249466987,
      1.5146266257889286e-19
    ],
    [
      0.00014689089661958435,
      0.9998531091033804,
      2.756552597570278e-26
    ],
    [
      0.9978892320475312,
      0.002110767952460141,
      8.886354932362917e-15
    ],
    [
      0.9999996835625861,
      3.1630491040162286e-07,
      1.3250348277544948e-10
    ],
    [
      0.13048376532969266,
      0.8695162346703075,
      2.771932379136419e-19
    ],
    [
      0.9725296855477785,
      0.027470314452221707,
      4.461541836480585e-19
    ],
    [
      0.9993198729638721,
      1.9245085380244876e-15,
      0.0006801270361259384
    ],
    [
      0.9999895183006728,
      5.816521432970425e-10,
      1.0481117675076087e-05
    ],
    [
      0.007062520816503088,
      0.992937479183497,
      3.946464473242646e-31
    ],
    [
      0.9960648223210754,
      0.0039351776783883435,
      5.363352195928888e-13
    ],
    [
      0.009464797720931284,
      1.9031851126940282e-34,
      0.9905352022790688
    ],
    [
      0.00720878890760454,
      0.9927912110923955,
      6.972188529617366e-27
    ],
    [
      0.9999998346406376,
      1.000132274380837e-08,
      1.553580397411756e-07
    ],
    [
      0.9999999632897686,
      4.1837704841562327e-10,
      3.6291854349502495e-08
    ],
    [
      0.9999959701990493,
      4.029797972255104e-06,
      2.978526499454304e-12
    ],
    [
      0.9981434653969113,
      3.298984866917872e-13,
      0.001856534602759106
    ],
    [
      0.9999999758418071,
      7.163226791934808e-10,
      2.3441870192882624e-08
    ],
    [
      0.00037021030501638427,
      1.368443053707055e-43,
      0.9996297896949836
    ],
    [
      0.9999988303842123,
      1.1696076356859246e-06,
      8.151855117891256e-12
    ],
    [
      0.41729587809198415,
      3.1155604507361774e-29,
      0.5827041219080158
    ],
    [
      0.027855568592974413,
      1.6180446534327728e-44,
      0.9721444314070257
    ],
    [
      0.017596646417567304,
      0.9824033535824326,
      3.9664800250443286e-26
    ],
    [
      0.9997461666196493,
      0.0002538333803171824,
      3.342863873842857e-14
    ],
    [
      0.999560625643142,
      0.00043937432637577387,
      3.048253583817694e-11
    ],
    [
      0.0002890381473441794,
      0.999710961852656,
      5.7228492514935114e-27
    ],
    [
      0.9999821875110525,
      3.1294512205767873e-14,
      1.781248891631577e-05
    ],
    [
      0.0011842400993422428,
      1.2487464842572303e-40,
      0.9988157599006577
    ],
    [
      0.0001757825655036014,
      3.8057264804451213e-42,
      0.9998242174344962
    ],
    [
      0.3703271099515186,
      7.790415734655507e-30,
      0.6296728900484817
    ],
    [
      0.9999993881876326,
      5.977711365826308e-07,
      1.4041230983401306e-08
    ],
    [
      6.886609913104972e-05,
      1.1427761330064454e-54,
      0.9999311339008689
    ],
    [
      0.005318751264499758,
      2.1857111714584265e-41,
      0.9946812487355005
    ],
    [
      0.9997505068005735,
      0.00024949319941674504,
      9.737439587379142e-15
    ],
    [
      0.29406057051094375,
      9.481824199667578e-31,
      0.7059394294890562
    ],
    [
      0.0005823549414600177,
      7.103835205397078e-49,
      0.9994176450585402
    ],
    [
      0.002267407011118735,
      4.499041027049029e-46,
      0.9977325929888815
    ],
    [
      0.12836950475938472,
      0.8716304952406152,
      3.968545850421428e-25
    ],
    [
      0.001551739551195629,
      1.7204523748296782e-50,
      0.9984482604488044
    ],
    [
      0.3098879970293331,
      3.2219446280840266e-30,
      0.690112002970667
    ],
    [
      0.9999765308595634,
      2.3469139947441983e-05,
      4.892116338860261e-13
    ],
    [
      0.9999051875165905,
      9.48124681447215e-05,
      1.5264750510698463e-11
    ],
    [
      0.46297890597129615,
      1.303053127073093e-28,
      0.5370210940287039
    ],
    [
      0.00022996471270475,
      0.9997700352872955,
      4.7309755579655504e-27
    ],
    [
      0.9910781215198647,
      8.569122202073797e-20,
      0.008921878480135113
    ],
    [
      0.11016525656533306,
      4.1624965342847036e-57,
      0.889834743434667
    ],
    [
      0.9988276466973646,
      4.254183040031874e-15,
      0.001172353302631247
    ],
    [
      0.004673646077459899,
      9.852700174897554e-43,
      0.9953263539225402
    ],
    [
      0.9978327278460662,
      0.002167272090660907,
      6.32727571852546e-11
    ],
    [
      0.9999901032956612,
      9.895772863386527e-06,
      9.314755060085837e-10
    ],
    [
      0.9962824105644899,
      8.826172399300758e-19,
      0.003717589435510313
    ],
    [
      0.9999967886286063,
      4.4069750494360886e-10,
      3.2109306963541606e-06
    ],
    [
      0.0005134675165202973,
      1.8440563560390106e-43,
      0.99948653248348
    ],
    [
      5.1916777451268676e-05,
      0.9999480832225489,
      2.6877277842042326e-21
    ],
    [
      0.9764638988264625,
      9.160155402774785e-20,
      0.023536101173537702
    ],
    [
      0.9996704953967881,
      1.1714949704657548e-15,
      0.0003295046032109765
    ],
    [
      0.9681064715432536,
      1.1874779279352768e-21,
      0.03189352845674635
    ],
    [
      0.9999953690068285,
      4.622492649872501e-06,
      8.500521669719159e-09
    ],
    [
      0.0014915682242794027,
      1.1288506374179574e-42,
      0.9985084317757207
    ],
    [
      0.9931836372190576,
      1.6565256520149674e-19,
      0.006816362780942613
    ],
    [
      0.009086785768471528,
      0.9909132142315286,
      6.983966804761916e-26
    ],
    [
      0.9977670230950143,
      0.0022329769004428407,
      4.542754488927527e-12
    ],
    [
      0.15061811735102118,
      1.7753798664080377e-35,
      0.8493818826489787
    ],
    [
      0.9999990568247167,
      9.28154195014694e-07,
      1.5021088524808638e-08
    ],
    [
      0.9999974057674852,
      2.589770454133505e-06,
      4.462060617390677e-09
    ],
    [
      0.00024349953574605998,
      0.999756500464254,
      1.1147596023910783e-25
    ],
    [
      0.5449845129712378,
      0.45501548702876216,
      1.2349205476051065e-21
    ],
    [
      0.9996120110903083,
      0.000387988888431828,
      2.1260060479413028e-11
    ],
    [
      8.314889281928806e-05,
      9.482453973063239e-64,
      0.9999168511071805
    ],
    [
      0.7810816839398086,
      0.21891831606019144,
      5.461231170405212e-18
    ],
    [
      0.9999998723622117,
      4.119243203446179e-08,
      8.644535643363423e-08
    ],
    [
      0.069346962298205,
      3.5671185484834504e-44,
      0.9306530377017949
    ],
    [
      0.9999693788150752,
      3.062118462983745e-05,
      2.950391563872368e-13
    ],
    [
      0.04084337389768821,
      0.9591566261023118,
      1.3752630830123852e-22
    ],
    [
      0.9999991696225068,
      1.3761683656982538e-08,
      8.166158096194527e-07
    ],
    [
      0.004222953278205004,
      0.9957770467217951,
      7.174254510584538e-23
    ],
    [
      0.0003110090761687367,
      0.9996889909238315,
      2.2641829174926542e-23
    ],
    [
      0.9999985173834616,
      1.4781222648402804e-06,
      4.494273531142271e-09
    ],
    [
      0.9999976536736883,
      2.3357375255864153e-06,
      1.0588786224005084e-08
    ],
    [
      0.004344884010500567,
      0.9956551159894995,
      1.7172076274378195e-23
    ],
    [
      0.07032156814410903,
      1.5628297364246695e-40,
      0.9296784318558907
    ],
    [
      0.996632065748735,
      0.0033679342220011986,
      2.9263788113349484e-11
    ],
    [
      0.25319959733569475,
      7.224990578916393e-32,
      0.7468004026643055
    ],
    [
      0.13999131217773692,
      0.8600086878222604,
      2.7115555293978347e-15
    ],
    [
      0.23859199144826618,
      2.66882798274443e-34,
      0.7614080085517341
    ],
    [
      0.23601302308505206,
      7.563725397957839e-34,
      0.763986976914948
    ],
    [
      0.0019666802766959263,
      3.123968592858043e-50,
      0.9980333197233042
    ],
    [
      0.9803752389711069,
      0.01962476102889346,
      2.2329542536837686e-18
    ],
    [
      0.008720438176857127,
      2.106116787862338e-45,
      0.991279561823143
    ],
    [
      0.12561615852778424,
      2.5065235193178595e-34,
      0.8743838414722158
    ],
    [
      0.9834287989806677,
      0.016571201019332488,
      2.3730101699671284e-17
    ],
    [
      0.7485937195509654,
      0.25140628044903474,
      3.2165546017158116e-18
    ],
    [
      0.0008414210354452105,
      1.2445405833358907e-49,
      0.999158578964555
    ],
    [
      0.05639520301315076,
      0.9436047969868493,
      1.3029841601209784e-26
    ],
    [
      0.9968904920494008,
      4.088308616435009e-19,
      0.0031095079505990882
    ],
    [
      0.004171118806951656,
      0.9958288811930486,
      2.0245574071994885e-29
    ],
    [
      0.21692968232551638,
      2.873007955706525e-32,
      0.7830703176744835
    ],
    [
      0.6731642195969408,
      0.32683578040305916,
      1.7721962262241137e-21
    ],
    [
      0.9853220221503182,
      7.879956439229522e-19,
      0.014677977849681797
    ],
    [
      0.0032638588638544707,
      3.009049991079044e-42,
      0.9967361411361455
    ],
    [
      0.012222276274036888,
      1.1767952057104313e-49,
      0.9877777237259633
    ],
    [
      0.00021450934750163694,
      0.9997854906524984,
      2.2200176507421794e-21
    ],
    [
      0.8576375741909499,
      0.14236242580904993,
      2.2661969866404955e-19
    ],
    [
      0.15087329366235608,
      0.8491267063376438,
      6.540772992028699e-23
    ],
    [
      0.910426472693153,
      3.004969969212216e-23,
      0.08957352730684684
    ],
    [
      0.16496247348218965,
      1.8562361710710756e-35,
      0.8350375265178103
    ],
    [
      0.0003934116273325146,
      1.4934999455242703e-40,
      0.9996065883726676
    ],
    [
      0.05762308917319689,
      1.3145788580956502e-39,
      0.9423769108268032
    ],
    [
      0.9997628157944207,
      2.206685528923775e-13,
      0.00023718420535870417
    ],
    [
      0.0361502359617953,
      9.11165481008978e-47,
      0.9638497640382049
    ],
    [
      0.9076651502785129,
      0.09233484972148703,
      3.7447571958948606e-20
    ],
    [
      0.004408588803435804,
      0.9955914111965642,
      8.383756792714148e-26
    ],
    [
      0.996699004530126,
      4.919983265287023e-16,
      0.003300995469873709
    ],
    [
      0.002642621744410237,
      5.913565952029606e-35,
      0.99735737825559
    ],
    [
      0.013186402188186855,
      7.963756792411101e-58,
      0.9868135978118134
    ],
    [
      0.02315279472539995,
      1.9684358140820223e-48,
      0.9768472052746002
    ],
    [
      0.006387076625584056,
      3.010232633602183e-40,
      0.993612923374416
    ],
    [
      0.007202190844085431,
      1.5458743999432812e-41,
      0.9927978091559145
    ],
    [
      0.9999952607846052,
      6.948942396394866e-12,
      4.739208445906701e-06
    ],
    [
      0.0016683456762954564,
      0.9983316543237047,
      9.977229348541178e-21
    ],
    [
      0.9939492439406727,
      0.006050756059327324,
      6.002032553430798e-17
    ],
    [
      0.2711138933130557,
      2.5089569455873585e-30,
      0.7288861066869444
    ],
    [
      0.15377993470069456,
      3.432142633916511e-36,
      0.8462200652993055
    ],
    [
      0.9999493725647288,
      5.062743522916372e-05,
      4.2123484963920454e-14
    ],
    [
      0.9999981304812847,
      5.538627020961228e-13,
      1.8695181614453659e-06
    ],
    [
      0.9991124798141169,
      2.0026542991070805e-16,
      0.00088752018588304
    ],
    [
      0.7338235637855418,
      0.2661764362144582,
      9.137844290184853e-23
    ],
    [
      0.14252448704853193,
      0.8574755129514681,
      8.532658245440295e-22
    ],
    [
      0.0013933243278303829,
      3.4367006335198904e-44,
      0.9986066756721699
    ],
    [
      0.9952083018536133,
      0.004791698146386636,
      2.056513446261773e-16
    ],
    [
      3.8767488739764354e-05,
      3.309332019090571e-48,
      0.99996123251126
    ],
    [
      0.2976776097376359,
      0.7023223902623643,
      4.499818679565887e-24
    ],
    [
      0.998436228062097,
      7.537499718615857e-18,
      0.001563771937903071
    ],
    [
      0.9999991325782195,
      6.309188204990012e-07,
      2.3650296001166338e-07
    ],
    [
      0.00235620086101219,
      2.4191955184282763e-50,
      0.9976437991389879
    ],
    [
      0.1587875283596158,
      6.896984084949142e-34,
      0.841212471640384
    ],
    [
      0.9672146096164467,
      0.03278539038355344,
      3.666192604011537e-18
    ],
    [
      0.0001745168900671801,
      3.5119470533232016e-47,
      0.9998254831099329
    ],
    [
      0.017227649282031625,
      0.9827723507179684,
      3.5445993419951456e-21
    ],
    [
      0.9991477240338652,
      1.507396701374959e-17,
      0.0008522759661346859
    ],
    [
      0.9999852252847238,
      2.8677209255767902e-11,
      1.4774686599057797e-05
    ],
    [
      0.28669257926399055,
      1.4300057250884386e-31,
      0.7133074207360095
    ],
    [
      0.9841598347313555,
      1.9194574853602185e-19,
      0.01584016526864465
    ],
    [
      0.0030655005729799257,
      0.9969344994270202,
      3.595585163835856e-29
    ],
    [
      0.9999997184478299,
      2.5630004896434246e-07,
      2.5252121383184754e-08
    ],
    [
      0.7290509031829823,
      0.27094909681701773,
      6.5156747367696585e-22
    ],
    [
      0.9999474264586208,
      5.2573541314317866e-05,
      6.516006693221384e-14
    ],
    [
      0.9999644026959429,
      3.559730340005368e-05,
      6.57084052755112e-13
    ],
    [
      0.03874341055383837,
      2.16284592589385e-42,
      0.9612565894461618
    ],
    [
      0.08525476735691528,
      1.6492284897487243e-37,
      0.9147452326430848
    ],
    [
      0.0030051487764682343,
      4.595366620428197e-51,
      0.9969948512235318
    ],
    [
      0.23273039952251276,
      0.7672696004774875,
      3.818453920981245e-30
    ],
    [
      0.0024096920046270225,
      5.729470987409541e-52,
      0.997590307995373
    ],
    [
      0.00633588169824198,
      0.9936641183017579,
      4.8723482297802585e-26
    ],
    [
      0.9688340748625129,
      0.031165925137467843,
      1.9384208136600115e-14
    ],
    [
      0.21395268484005583,
      0.7860473151599443,
      1.6412966746212036e-26
    ],
    [
      0.9823371233481683,
      3.850879047352747e-18,
      0.017662876651831774
    ],
    [
      0.7817922778913247,
      5.051554548650417e-24,
      0.21820772210867517
    ],
    [
      0.9999114512076537,
      4.279787837341205e-12,
      8.854878806658759e-05
    ],
    [
      0.9999999716904822,
      2.7512112952333513e-08,
      7.974050577906757e-10
    ],
    [
      0.014707158413342027,
      1.145913163491978e-51,
      0.9852928415866582
    ],
    [
      0.0008913815387444504,
      0.9991086184612556,
      8.669455958043947e-23
    ],
    [
      0.9999987165680028,
      3.3463120135495545e-12,
      1.2834286511236991e-06
    ],
    [
      0.000531932559166872,
      0.9994680674408333,
      4.439573644594963e-24
    ],
    [
      0.0015143114100929199,
      1.1729728566124852e-44,
      0.9984856885899074
    ],
    [
      0.9999999944619394,
      2.383111959077648e-09,
      3.154948728637836e-09
    ],
    [
      0.028061779491304603,
      0.9719382205086955,
      6.598314750033342e-27
    ],
    [
      0.0707310511012862,
      1.805667973183381e-36,
      0.9292689488987137
    ],
    [
      0.8808511306144656,
      0.1191488693855345,
      1.5573210311409244e-19
    ],
    [
      0.01920639147438157,
      3.8973356880420875e-40,
      0.9807936085256187
    ],
    [
      0.0014497577834492472,
      0.9985502422165508,
      4.5666883397407e-23
    ],
    [
      0.9995184028939755,
      3.5699083233604014e-17,
      0.00048159710602447273
    ],
    [
      0.16583680601758788,
      1.2082380251145304e-33,
      0.8341631939824121
    ],
    [
      0.8654337902235478,
      0.13456620977645203,
      4.385631302251566e-18
    ],
    [
      0.4910840800471677,
      3.1747588064388035e-28,
      0.5089159199528323
    ],
    [
      0.10363933213664257,
      6.371140001939605e-38,
      0.8963606678633577
    ],
    [
      0.001079109708586738,
      6.371698426867254e-44,
      0.9989208902914133
    ],
    [
      0.001251951299205721,
      0.9987480487007944,
      5.784391658671597e-26
    ],
    [
      0.8271933807562437,
      7.703892342466477e-24,
      0.17280661924375643
    ],
    [
      0.06051749326508857,
      0.9394825067349115,
      1.4816802158190217e-26
    ],
    [
      0.0402021796721109,
      2.21170037734591e-41,
      0.9597978203278893
    ],
    [
      0.005316445332996384,
      1.942450291481713e-44,
      0.9946835546670038
    ],
    [
      0.0009159114909156234,
      9.413994979986848e-49,
      0.9990840885090846
    ],
    [
      0.01757105801644044,
      2.3687490297290533e-33,
      0.9824289419835597
    ],
    [
      0.9999448669487451,
      5.5133051228781954e-05,
      2.627192052389395e-14
    ],
    [
      0.999997450877428,
      4.3653109832951056e-12,
      2.5491182066241134e-06
    ],
    [
      0.768435965242735,
      0.23156403475726503,
      1.331610771547138e-22
    ],
    [
      0.11990844040479345,
      0.8800915595952065,
      9.09225980250075e-25
    ],
    [
      0.9932914987862167,
      0.006708501213781446,
      2.073660405127795e-15
    ],
    [
      0.9999999905909412,
      2.184473851785602e-09,
      7.224584929395473e-09
    ],
    [
      0.1184054883370702,
      2.4994796774740042e-39,
      0.8815945116629297
    ],
    [
      0.9999998016710094,
      1.2808446905147377e-10,
      1.9820090644167233e-07
    ],
    [
      2.130029190310574e-05,
      1.8820586542631744e-61,
      0.9999786997080973
    ],
    [
      0.042231756786131155,
      0.9577682432138689,
      1.5693104654550294e-22
    ],
    [
      0.0007860775368065042,
      1.5519953019951482e-45,
      0.9992139224631936
    ],
    [
      0.18946993743923404,
      1.7428026228709264e-33,
      0.810530062560766
    ],
    [
      0.02934545911762583,
      0.9706545408823742,
      4.0512118471280806e-27
    ],
    [
      0.9906387183868596,
      2.909414575943165e-20,
      0.009361281613140478
    ],
    [
      0.011644615005175524,
      0.9883553849948244,
      2.3886461782946078e-24
    ],
    [
      0.33873340110723615,
      0.6612665988927638,
      7.377768431119163e-27
    ],
    [
      0.9986349314204704,
      2.4324055789445127e-18,
      0.0013650685795298491
    ],
    [
      0.9924936463406412,
      0.007506353659358447,
      4.637420757137477e-16
    ],
    [
      0.9971975385865465,
      5.987537710960383e-19,
      0.0028024614134535618
    ],
    [
      0.16644498745080202,
      0.833555012549198,
      1.6019124956111655e-25
    ],
    [
      0.9999984374992592,
      1.5624838963256974e-06,
      1.684479633289258e-11
    ],
    [
      0.37517575036297096,
      6.691057576158405e-30,
      0.6248242496370292
    ],
    [
      0.00779371965740322,
      3.8347680711862084e-50,
      0.9922062803425968
    ],
    [
      0.9999998874239493,
      6.298765579852824e-11,
      1.1251306326255082e-07
    ],
    [
      0.0068361610882239,
      0.9931638389117761,
      3.739218909147854e-29
    ],
    [
      0.00031442151945455853,
      0.9996855784805455,
      3.7612092251593265e-23
    ],
    [
      0.0016080550628127873,
      0.9983919449371873,
      5.616011433697097e-21
    ],
    [
      0.012304858382211887,
      0.9876951416177883,
      7.437214931817599e-24
    ],
    [
      0.001743506858952521,
      4.73653961442039e-38,
      0.9982564931410475
    ],
    [
      0.9999931013719884,
      1.0171444632772176e-12,
      6.898626994589977e-06
    ],
    [
      0.019094758504940874,
      3.7015588421073744e-39,
      0.9809052414950592
    ],
    [
      0.08010380883120186,
      3.899850776452867e-38,
      0.9198961911687982
    ],
    [
      0.0018190556085006554,
      1.6404522712597053e-52,
      0.9981809443914994
    ],
    [
      0.9835365172797882,
      2.6862488393594303e-20,
      0.016463482720211847
    ],
    [
      0.0002912289255246546,
      3.7641185004419445e-49,
      0.9997087710744755
    ],
    [
      0.11031309160360991,
      2.313330658106816e-35,
      0.8896869083963902
    ],
    [
      0.12253000627532325,
      6.438858540624907e-36,
      0.8774699937246767
    ],
    [
      0.9901060346767844,
      0.009893965323215721,
      4.5637393879339904e-17
    ],
    [
      0.0001471312718580312,
      7.895866911268119e-54,
      0.999852868728142
    ],
    [
      0.12581848834364742,
      0.8741815116563525,
      1.354505818702844e-23
    ],
    [
      0.08076840026073073,
      0.9192315997392694,
      5.212213175566721e-25
    ],
    [
      0.10300246812924467,
      2.4959911883266636e-39,
      0.8969975318707555
    ],
    [
      0.999170086494367,
      2.4672485046992538e-17,
      0.0008299135056330681
    ],
    [
      0.03982956455263698,
      0.9601704354473631,
      3.6109699926960005e-21
    ],
    [
      0.40759667164636876,
      1.7942294443541341e-29,
      0.5924033283536313
    ],
    [
      0.4354607834429092,
      0.5645392165570908,
      1.0108742350324263e-21
    ],
    [
      0.9999998208900468,
      1.7905727100274528e-07,
      5.268224151464142e-11
    ],
    [
      0.07781262667828788,
      1.472863748699774e-36,
      0.9221873733217122
    ],
    [
      0.003031003256959929,
      0.9969689967430401,
      2.4353729579022753e-27
    ],
    [
      0.9999985706215548,
      3.3895831735785066e-09,
      1.4259888621527112e-06
    ],
    [
      0.001918142056619683,
      0.9980818579433804,
      6.40238328270044e-23
    ],
    [
      0.9887543369599228,
      4.562936710954199e-18,
      0.011245663040077188
    ],
    [
      0.9999888726742622,
      2.9302133266947617e-13,
      1.1127325444832357e-05
    ],
    [
      0.9232873226372958,
      3.9624362343912826e-22,
      0.07671267736270426
    ],
    [
      0.0006022493925375642,
      1.1810818082601671e-40,
      0.9993977506074623
    ],
    [
      0.0013780878082873345,
      1.735217172360705e-53,
      0.9986219121917126
    ],
    [
      0.5616585742726801,
      0.4383414257273201,
      8.162189594444202e-21
    ],
    [
      0.04904481671138099,
      7.20504836234047e-39,
      0.9509551832886189
    ],
    [
      0.9999954376721283,
      4.561996640909951e-06,
      3.312307704667662e-10
    ],
    [
      0.999999567143087,
      1.6080624298245458e-07,
      2.720506701538495e-07
    ],
    [
      0.9999550993218511,
      4.490028821436259e-05,
      3.8993458715898645e-10
    ],
    [
      0.01885076868628184,
      6.105663975575253e-47,
      0.9811492313137181
    ],
    [
      0.029683027488753087,
      1.97029022485144e-43,
      0.970316972511247
    ],
    [
      0.043031134447361376,
      0.9569688655526385,
      2.0819886208258984e-30
    ],
    [
      0.9999999893554766,
      8.042472312024486e-09,
      2.6020511018546908e-09
    ],
    [
      0.003699703811568106,
      1.0930154993752875e-39,
      0.996300296188432
    ],
    [
      0.9398962595644561,
      9.43723829164136e-22,
      0.0601037404355441
    ],
    [
      0.9995051898051389,
      1.625907598246299e-13,
      0.0004948101946984082
    ],
    [
      0.00015668103642347582,
      4.248629117964335e-48,
      0.9998433189635767
    ],
    [
      0.0004514749815581229,
      0.9995485250184418,
      1.0752244231738161e-20
    ],
    [
      0.719785070478189,
      0.2802149295218112,
      7.375708300443943e-21
    ],
    [
      0.0009060097321958444,
      4.260931555413209e-54,
      0.9990939902678042
    ],
    [
      0.9999868480444746,
      1.3148792810098189e-05,
      3.1627156040543446e-09
    ],
    [
      0.012460813804125833,
      0.9875391861958699,
      4.552011945282359e-15
    ],
    [
      0.015019024519193349,
      0.9849809754808067,
      7.147407105558229e-25
    ],
    [
      0.0016316200815905061,
      2.1029987989354797e-63,
      0.9983683799184095
    ],
    [
      0.9911995866244548,
      3.577505991528476e-20,
      0.008800413375545426
    ],
    [
      0.9809184565441267,
      5.417472395725765e-21,
      0.01908154345587341
    ],
    [
      0.06556037892389928,
      0.9344396210761008,
      2.1871300346642425e-24
    ],
    [
      0.9999929389274326,
      7.06034317730332e-06,
      7.293900091921037e-10
    ],
    [
      0.9902760412439766,
      3.522915093790949e-20,
      0.009723958756023388
    ],
    [
      0.0278168722403909,
      0.972183127759609,
      1.2493290071900132e-20
    ],
    [
      0.21498153113043234,
      5.345054108552003e-33,
      0.7850184688695677
    ],
    [
      0.0017416089592733198,
      7.215361123008992e-40,
      0.9982583910407266
    ],
    [
      0.033707678517789684,
      0.9662923214822104,
      3.878803513848219e-32
    ],
    [
      0.0009949886276803468,
      4.533594254265981e-46,
      0.9990050113723199
    ],
    [
      0.007522032601625256,
      3.840273245698167e-43,
      0.9924779673983749
    ],
    [
      0.21247227849841982,
      2.346685177359414e-34,
      0.7875277215015803
    ],
    [
      0.9999949358755377,
      9.386424189361335e-13,
      5.0641235238582166e-06
    ],
    [
      0.001843538795966694,
      3.2479247685107627e-46,
      0.9981564612040335
    ],
    [
      0.9990702716528485,
      5.425545431721395e-15,
      0.0009297283471461671
    ],
    [
      0.999833555833824,
      7.139013621259159e-14,
      0.0001664441661044176
    ],
    [
      0.9998314726050276,
      0.00016852714782378972,
      2.4714888600967523e-10
    ],
    [
      0.9983818914236202,
      8.453933786332993e-18,
      0.0016181085763798582
    ],
    [
      0.9999998321627345,
      1.6781368804318812e-07,
      2.3577276761790523e-11
    ],
    [
      0.0035117735423958823,
      2.0504367424407477e-46,
      0.9964882264576044
    ],
    [
      0.004418814526450686,
      0.9955811854735493,
      2.1175324179425462e-26
    ],
    [
      0.999999691476159,
      1.6692379767012366e-07,
      1.4160004336595944e-07
    ],
    [
      0.003621537459474651,
      0.9963784625405255,
      3.5684728310642578e-25
    ],
    [
      0.0009384109622492635,
      1.9579650367132558e-42,
      0.999061589037751
    ],
    [
      0.9168490352927893,
      4.672635282739184e-23,
      0.08315096470721069
    ],
    [
      0.9995422499546964,
      1.4067312564701351e-16,
      0.00045775004530343124
    ],
    [
      0.09695190370563006,
      1.1013241552630281e-35,
      0.9030480962943699
    ],
    [
      0.002326158439105599,
      0.9976738415608944,
      1.7433237262086295e-27
    ],
    [
      0.06693637348926158,
      4.025961933382224e-45,
      0.9330636265107385
    ],
    [
      0.9999940568123152,
