{
  "dataset": "moons",
  "algorithm": "gmm",
  "params": {
    "n_components": 4,
    "covariance_type": "spherical"
  },
  "labels": [
    3,
    0,
    3,
    0,
    0,
    3,
    3,
    0,
    0,
    1,
    3,
    2,
    3,
    0,
    3,
    3,
    1,
    3,
    3,
    1,
    1,
    1,
    0,
    3,
    0,
    1,
    1,
    2,
    0,
    3,
    1,
    3,
    1,
    2,
    3,
    3,
    3,
    0,
    2,
    0,
    3,
    0,
    1,
    2,
    3,
    0,
    3,
    3,
    3,
    3,
    0,
    2,
    0,
    3,
    2,
    0,
    0,
    3,
    2,
    0,
    1,
    0,
    3,
    1,
    0,
    0,
    1,
    0,
    2,
    3,
    3,
    3,
    0,
    0,
    3,
    3,
    0,
    0,
    1,
    1,
    2,
    0,
    1,
    0,
    3,
    0,
    2,
    1,
    3,
    0,
    3,
    1,
    3,
    3,
    3,
    3,
    0,
    0,
    1,
    3,
    2,
    1,
    3,
    3,
    3,
    0,
    3,
    2,
    3,
    0,
    0,
    1,
    3,
    3,
    1,
    3,
    2,
    2,
    0,
    3,
    2,
    2,
    3,
    0,
    2,
    2,
    3,
    2,
    0,
    3,
    3,
    0,
    1,
    0,
    0,
    0,
    2,
    3,
    3,
    0,
    3,
    2,
    1,
    0,
    0,
    0,
    3,
    2,
    0,
    1,
    3,
    0,
    3,
    3,
    1,
    3,
    3,
    2,
    3,
    3,
    0,
    3,
    3,
    3,
    1,
    1,
    3,
    3,
    1,
    0,
    3,
    0,
    1,
    0,
    0,
    2,
    3,
    2,
    0,
    3,
    3,
    2,
    3,
    0,
    1,
    0,
    3,
    0,
    2,
    0,
    1,
    3,
    3,
    0,
    0,
    2,
    0,
    0,
    0,
    3,
    1,
    0,
    2,
    2,
    0,
    2,
    2,
    0,
    1,
    3,
    0,
    0,
    3,
    3,
    0,
    3,
    3,
    2,
    3,
    2,
    3,
    0,
    3,
    2,
    0,
    3,
    2,
    1,
    0,
    0,
    0,
    0,
    1,
    3,
    3,
    3,
    3,
    0,
    0,
    2,
    3,
    2,
    1,
    3,
    3,
    0,
    0,
    0,
    3,
    0,
    1,
    3,
    1,
    2,
    3,
    3,
    0,
    3,
    0,
    1,
    0,
    0,
    3,
    0,
    0,
    2,
    1,
    0,
    3,
    0,
    2,
    2,
    2,
    3,
    3,
    3,
    3,
    3,
    3,
    0,
    3,
    2,
    3,
    2,
    0,
    3,
    0,
    1,
    3,
    0,
    3,
    0,
    3,
    3,
    0,
    2,
    3,
    1,
    1,
    1,
    1,
    2,
    0,
    2,
    0,
    2,
    0,
    2,
    0,
    0,
    3,
    2,
    3,
    3,
    0,
    0,
    1,
    0,
    3,
    3,
    0,
    1,
    3,
    1,
    0,
    0,
    0,
    2,
    2,
    3,
    0,
    3,
    3,
    3,
    0,
    0,
    3,
    3,
    2,
    0,
    0,
    2,
    1,
    3,
    2,
    3,
    1,
    1,
    2,
    0,
    0,
    3,
    3,
    0,
    1,
    0,
    2,
    1,
    2,
    2,
    0,
    3,
    2,
    0,
    0,
    3,
    0,
    3,
    2,
    1,
    3,
    1,
    2,
    0,
    0,
    0,
    1,
    0,
    0,
    0,
    0,
    1,
    3,
    3,
    1,
    0,
    3,
    3,
    0,
    3,
    3,
    1,
    1,
    2,
    3,
    1,
    3,
    3,
    2,
    2,
    2,
    3,
    1,
    0,
    1,
    1,
    3,
    3,
    0,
    2,
    0,
    0,
    2,
    3,
    2,
    3,
    0,
    0,
    0,
    3,
    3,
    1,
    1,
    0,
    1,
    0,
    2,
    0,
    0,
    1,
    3,
    0,
    3,
    1,
    0,
    3,
    0,
    2,
    3,
    3,
    0,
    3,
    0,
    0,
    3,
    1,
    0,
    3,
    1,
    3,
    2,
    0,
    3,
    0,
    1,
    2,
    3,
    2,
    1,
    2,
    0,
    0,
    0,
    3,
    2,
    0,
    3,
    3,
    1,
    0,
    0,
    1,
    2,
    3,
    0,
    1,
    3,
    0,
    3,
    0,
    0,
    0,
    3,
    0,
    3,
    0,
    1,
    3,
    2,
    1,
    0,
    1,
    3,
    2,
    0,
    0,
    0,
    3,
    3,
    0
  ],
  "means": [
    {
      "x": 0.17138659841056095,
      "y": 0.7131188729903802
    },
    {
      "x": 1.8708536042799473,
      "y": 0.07446282821169903
    },
    {
      "x": -0.8384623931819247,
      "y": 0.4755146426916876
    },
    {
      "x": 0.844495766280458,
      "y": -0.20020941264232056
    }
  ],
  "probabilities": [
    [
      0.003978628696459621,
      5.502560237786386e-05,
      4.780006267302717e-13,
      0.9959663457006847
    ],
    [
      0.8479529475469177,
      3.0132236633488468e-05,
      4.303758903579432e-11,
      0.15201692017341129
    ],
    [
      0.0006092597834185806,
      0.0011554466903478781,
      9.912220815952993e-17,
      0.9982352935262335
    ],
    [
      0.990831916171626,
      8.58523394023673e-18,
      0.00856127980484296,
      0.0006068040235310173
    ],
    [
      0.9981267540879734,
      1.9420365916335965e-12,
      2.0000230798907187e-07,
      0.001873045907776314
    ],
    [
      0.00018260215518387427,
      0.011845120345649406,
      1.3726177904223265e-19,
      0.9879722774991667
    ],
    [
      0.001456824314952318,
      0.0037533060589896856,
      3.819963722483432e-16,
      0.9947898696260575
    ],
    [
      0.9991119419087039,
      3.448253811747534e-15,
      5.03741187855098e-05,
      0.0008376839725069745
    ],
    [
      0.8757957499449301,
      1.9947547693332354e-07,
      1.8679001452050288e-07,
      0.1242038637895782
    ],
    [
      1.5177178418737721e-05,
      0.8236189728294269,
      1.0238211265552458e-25,
      0.1763658499921542
    ],
    [
      0.024219096048325985,
      0.004324860979345559,
      2.6118726846387786e-13,
      0.9714560429720674
    ],
    [
      0.14019277755363538,
      2.0405854864543743e-21,
      0.8593139599995372,
      0.0004932624468273797
    ],
    [
      1.7146990570994308e-05,
      0.21713677234467507,
      4.907472522830041e-25,
      0.7828460806647537
    ],
    [
      0.9778346082292952,
      1.5698075980910792e-10,
      1.5047161629968334e-05,
      0.022150344452094222
    ],
    [
      0.00021948491347732093,
      0.008683945793622519,
      3.7269136846403917e-19,
      0.9910965692929001
    ],
    [
      0.00020781382117556103,
      0.008241260219586323,
      3.2888755179588185e-19,
      0.9915509259592383
    ],
    [
      1.389244704244603e-05,
      0.988853465246377,
      1.2152890488498224e-28,
      0.01113264230658064
    ],
    [
      0.2848423193536397,
      0.001156708607305305,
      2.1341581054097414e-11,
      0.7140009720177134
    ],
    [
      0.004816741532109229,
      2.7005336472873806e-07,
      4.58288906060125e-11,
      0.9951829883686971
    ],
    [
      3.214161234086263e-05,
      0.6331832361622706,
      1.8433693656842014e-24,
      0.3667846222253885
    ],
    [
      1.464555949253075e-05,
      0.98611838988993,
      6.212091938762518e-28,
      0.013866964550577579
    ],
    [
      3.948447801077265e-06,
      0.994522888807442,
      1.118430116213151e-31,
      0.005473162744757002
    ],
    [
      0.8746567143865961,
      3.8127093303292516e-14,
      0.04379729377190625,
      0.08154599184145948
    ],
    [
      0.0028387740358519075,
      0.00035681010419581137,
      3.2084986825089316e-14,
      0.9968044158599202
    ],
    [
      0.9029842134858342,
      4.00002075325655e-08,
      8.372482968522487e-07,
      0.0970149092656613
    ],
    [
      0.00024060295065309287,
      0.964852716367717,
      2.0490583888998727e-25,
      0.03490668068162988
    ],
    [
      0.00014862488087229777,
      0.95646196551973,
      1.4872090799944829e-24,
      0.04338940959939754
    ],
    [
      0.020889544710559895,
      7.826457685346875e-26,
      0.9790805952887449,
      2.986000069530485e-05
    ],
    [
      0.9989568323458321,
      9.75752190616316e-14,
      1.0883547335352603e-06,
      0.0010420792993368329
    ],
    [
      0.029619192299544985,
      1.566033762778129e-08,
      3.445140418125362e-08,
      0.9703807575887133
    ],
    [
      2.5653733458621637e-06,
      0.9876259167150331,
      1.886187256957054e-29,
      0.012371517911621206
    ],
    [
      0.047432972735924714,
      4.7374702268744254e-09,
      2.197410361248198e-07,
      0.9525668027855688
    ],
    [
      9.59953389092763e-07,
      0.9817992420301992,
      1.84793640240579e-30,
      0.018199798016411823
    ],
    [
      0.40957404799558483,
      3.5647104353688476e-22,
      0.59026279885747,
      0.00016315314694496266
    ],
    [
      0.0756685807858057,
      0.0024311025093639565,
      3.400925074340438e-12,
      0.9219003167014295
    ],
    [
      0.006999550090006858,
      9.766384249836209e-09,
      9.361873852139865e-10,
      0.9930004392074216
    ],
    [
      0.0006208854896399643,
      0.007995216775512879,
      1.2155816409166517e-17,
      0.9913838977348474
    ],
    [
      0.8708516638946946,
      6.587865920174449e-06,
      5.667031701188241e-10,
      0.12914174767268213
    ],
    [
      0.013672144683625482,
      7.442016286501234e-28,
      0.986320678626856,
      7.1766895184832015e-06
    ],
    [
      0.9155688382598633,
      1.2398948050109056e-06,
      2.1744135455988077e-09,
      0.08442991967091819
    ],
    [
      6.50487106396751e-05,
      0.0073561103230214185,
      5.875693707452712e-21,
      0.9925788409663389
    ],
    [
      0.9957499438692433,
      3.713971152396178e-14,
      0.0007003724873351986,
      0.0035496836433844985
    ],
    [
      0.00014080863087826898,
      0.9684949211272703,
      1.7126010551632452e-25,
      0.0313642702418516
    ],
    [
      0.025548913936468035,
      2.6112631203255925e-25,
      0.9744101566581892,
      4.092940534287546e-05
    ],
    [
      0.11843137637302575,
      0.00029333324741623497,
      1.1269712589362799e-10,
      0.8812752902668609
    ],
    [
      0.9148701681059519,
      3.125423575263615e-06,
      3.10276285985146e-10,
      0.08512670616019645
    ],
    [
      0.01922269662810644,
      0.015478012449526247,
      2.5897012610823812e-14,
      0.9652992909223416
    ],
    [
      0.06725011479028149,
      0.02204250263908976,
      6.923511542760769e-14,
      0.9107073825705595
    ],
    [
      5.677931357008615e-05,
      0.02950454534393536,
      6.671000475843213e-22,
      0.9704386753424945
    ],
    [
      0.181715890553945,
      0.00031133662939650014,
      1.5916833321071464e-10,
      0.8179727726574901
    ],
    [
      0.9951271993448938,
      2.337399891545998e-12,
      1.8147482859001265e-05,
      0.0048546531699097985
    ],
    [
      0.033137987252160474,
      4.4805365496082776e-29,
      0.966859032359146,
      2.9803886935267844e-06
    ],
    [
      0.9972676910212305,
      8.499628005263543e-17,
      0.0019909003622482326,
      0.0007414086165212277
    ],
    [
      0.0002832367807018299,
      0.07419811898317583,
      5.634454590447849e-20,
      0.9255186442361223
    ],
    [
      0.02582166365156231,
      3.197570235750634e-26,
      0.974160840593448,
      1.749575498977084e-05
    ],
    [
      0.9523764506296735,
      1.1450135237541823e-07,
      1.4225303289336701e-08,
      0.04762342064367089
    ],
    [
      0.9838445236790717,
      3.509461678784505e-18,
      0.015580318767833915,
      0.000575157553094355
    ],
    [
      0.1172507192585646,
      0.00037351772221331413,
      8.101592110719206e-11,
      0.8823757629382062
    ],
    [
      0.007687516550208276,
      7.337934635692248e-29,
      0.9923071446174055,
      5.338832386287468e-06
    ],
    [
      0.9951778259505527,
      2.1128562106554498e-11,
      7.013853853341071e-07,
      0.004821472642933542
    ],
    [
      2.738501105971112e-05,
      0.9807037945250744,
      6.759607925350608e-27,
      0.019268820463866063
    ],
    [
      0.879326097022187,
      1.2778987104984094e-14,
      0.06647435531872327,
      0.054199547659077224
    ],
    [
      0.05979225194640931,
      6.282467663360362e-09,
      3.2694928579852755e-07,
      0.940207414821837
    ],
    [
      7.344499106868509e-06,
      0.9765751549830826,
      1.4699019119464738e-27,
      0.023417500517810684
    ],
    [
      0.9921897265738808,
      2.5835809614537052e-11,
      4.558438378370541e-06,
      0.007805714961904875
    ],
    [
      0.5460004453003686,
      0.00017772741806047963,
      1.7817993212605562e-10,
      0.4538218271033912
    ],
    [
      2.5381126168605947e-06,
      0.9786908602135187,
      6.067413684700962e-29,
      0.021306601673864455
    ],
    [
      0.7708510421334951,
      2.53889251147735e-06,
      2.5486776471824324e-08,
      0.2291463934872171
    ],
    [
      0.033688567229322244,
      6.309221328798816e-24,
      0.965752098631524,
      0.0005593341391535422
    ],
    [
      0.00024574331046929885,
      0.011497526276071174,
      3.912428472467467e-19,
      0.9882567304134595
    ],
    [
      0.0007327846346648455,
      6.844503174889483e-05,
      2.564681109839946e-15,
      0.9991987703335837
    ],
    [
      0.0029216958261878757,
      9.876171313683623e-06,
      8.409362253964899e-13,
      0.9970684280016577
    ],
    [
      0.8610424616511617,
      9.748986749781858e-13,
      0.00895703692363194,
      0.13000050142423142
    ],
    [
      0.8435871019939742,
      2.0652355814863216e-10,
      0.0002964580654462361,
      0.15611643973405595
    ],
    [
      0.07638191083560289,
      3.4191399006208814e-08,
      2.0364760847856616e-07,
      0.9236178513253895
    ],
    [
      0.15453063995079283,
      2.8293486380485364e-07,
      1.924698542089611e-07,
      0.8454688846444891
    ],
    [
      0.9652392560664953,
      7.626283320629491e-14,
      0.01295948767712626,
      0.02180125625630217
    ],
    [
      0.9077243432232951,
      8.801409102402695e-08,
      2.533357411305299e-07,
      0.09227531542687292
    ],
    [
      2.25782059700532e-05,
      0.8711744443147663,
      3.451096157586655e-25,
      0.1288029774792636
    ],
    [
      2.896935424801507e-06,
      0.9847813784542259,
      4.5874300863604123e-29,
      0.015215724610349292
    ],
    [
      0.06332001524024049,
      4.41223872739859e-28,
      0.9366747188087904,
      5.265950969094299e-06
    ],
    [
      0.9902469121873511,
      2.495520103927933e-10,
      3.81290862068387e-07,
      0.00975270627223473
    ],
    [
      0.00030252582432963016,
      0.9661036037677209,
      6.031933621487633e-26,
      0.0335938704079494
    ],
    [
      0.8209913528859561,
      1.0025437169417415e-18,
      0.17794622716600098,
      0.0010624199480430002
    ],
    [
      0.04254242461255271,
      9.098821061755661e-07,
      5.356447620745692e-09,
      0.9574566601488934
    ],
    [
      0.9910348162380802,
      2.893383983133964e-10,
      1.953155453263978e-07,
      0.00896498815703624
    ],
    [
      0.22910565620735618,
      2.295622800262197e-23,
      0.7708129377829769,
      8.140600966722183e-05
    ],
    [
      0.00013844042148567257,
      0.77325044789733,
      1.2123917146022277e-22,
      0.22661111168118445
    ],
    [
      0.06976628345104272,
      8.501447060781349e-09,
      3.9362678867350756e-07,
      0.9302333144207217
    ],
    [
      0.8663516231773412,
      5.710699489704809e-16,
      0.12207072540277138,
      0.011577651419886831
    ],
    [
      0.001086536137123123,
      0.0010360291424589187,
      6.655599752033726e-16,
      0.9978774347204173
    ],
    [
      4.2240305051870744e-07,
      0.9962816280761,
      8.294331623978492e-34,
      0.0037179495208496255
    ],
    [
      0.00807465128901121,
      7.04567165371038e-05,
      2.4979545246997246e-12,
      0.9918548919919539
    ],
    [
      0.05355225309225936,
      2.0971096894810572e-07,
      2.6652987242214252e-08,
      0.9464475105437844
    ],
    [
      0.0009141558727234002,
      0.3724634287812391,
      1.2858716463506576e-19,
      0.6266224153460375
    ],
    [
      0.0011189328353101108,
      1.175917816609566e-06,
      2.1590365170757627e-13,
      0.9988798912466575
    ],
    [
      0.8472511774498531,
      2.2091104108024137e-07,
      2.7642617715438313e-07,
      0.1527483252129285
    ],
    [
      0.5712011301339506,
      0.00040922849984944935,
      2.7338517601673092e-11,
      0.4283896413388616
    ],
    [
      1.0438854618224882e-06,
      0.9444945834598214,
      3.7603151339765084e-30,
      0.05550437265471693
    ],
    [
      0.018757718969557653,
      0.009635398847151724,
      5.138681066376524e-14,
      0.9716068821832394
    ],
    [
      0.026829310992246107,
      6.697864351054234e-25,
      0.9725002160705902,
      0.0006704729371635466
    ],
    [
      1.4608953641045104e-05,
      0.8546242745051417,
      8.548286381221013e-26,
      0.1453611165412172
    ],
    [
      0.28799467438142173,
      8.794652374663376e-05,
      1.1580301074040575e-09,
      0.7119173779368017
    ],
    [
      0.16757341342789644,
      9.431216520387658e-09,
      2.547845962692858e-06,
      0.8324240292949243
    ],
    [
      0.022234568584834042,
      6.561295524273095e-08,
      6.9906928513469545e-09,
      0.9777653588115179
    ],
    [
      0.880719072419869,
      5.597736285278271e-05,
      1.127129298919669e-12,
      0.11922495021615093
    ],
    [
      0.1529502756588447,
      1.0955601831851575e-08,
      1.9144589766616296e-06,
      0.8470477989265767
    ],
    [
      0.006425775626057328,
      1.5538654499612856e-28,
      0.9935432454599743,
      3.097891396822677e-05
    ],
    [
      0.025958223211040868,
      1.4415297261973383e-08,
      2.589108666208335e-08,
      0.9740417364825754
    ],
    [
      0.995851798316175,
      9.90272365070602e-13,
      2.913175104567308e-05,
      0.0041190699317892486
    ],
    [
      0.9484215808397571,
      1.340406289205851e-19,
      0.05122566034397869,
      0.0003527588162643735
    ],
    [
      5.810242881767178e-05,
      0.5512184369035102,
      1.706509214046292e-23,
      0.44872346066767205
    ],
    [
      0.009782681143781875,
      2.279984330132517e-06,
      7.298570205827491e-11,
      0.9902150387989024
    ],
    [
      0.04403471210894345,
      0.011265734355371048,
      1.52582209080186e-13,
      0.9446995535355328
    ],
    [
      4.472252525945228e-07,
      0.9950144889055206,
      5.904704859021576e-33,
      0.0049850638692270684
    ],
    [
      0.4977645242959809,
      1.9648182637733416e-10,
      0.00022588833728354985,
      0.502009587170254
    ],
    [
      0.011200219675093276,
      8.845298130308635e-27,
      0.9887216728372036,
      7.810748770330495e-05
    ],
    [
      0.006019173491943861,
      1.9642914858282073e-30,
      0.9939081350502326,
      7.269145782405025e-05
    ],
    [
      0.9958415587638603,
      3.2653255668113405e-13,
      0.00010451970300364417,
      0.004053921532809546
    ],
    [
      0.17488310563917145,
      0.0008949912469987949,
      3.287070941145038e-11,
      0.824221903080959
    ],
    [
      0.002999249287403947,
      7.117051422079334e-32,
      0.9969989972577558,
      1.7534548402336713e-06
    ],
    [
      0.08104855385562015,
      7.959120368324678e-23,
      0.9187753963633383,
      0.0001760497810416366
    ],
    [
      0.0071523133616673736,
      3.0968325041231223e-07,
      1.2747422378051836e-10,
      0.9928473768276079
    ],
    [
      0.99506391861223,
      4.741456736244153e-14,
      0.0008297889383923393,
      0.0041062924493300915
    ],
    [
      0.012329364415616275,
      1.7787145839573513e-27,
      0.9876598568051606,
      1.0778779223239431e-05
    ],
    [
      0.05111373711728002,
      1.4290490125619558e-24,
      0.9488393196660254,
      4.6943216694504965e-05
    ],
    [
      0.0001568875718003547,
      0.010915570817438993,
      8.936707697534079e-20,
      0.9889275416107608
    ],
    [
      0.04342880290498062,
      5.491831617460844e-26,
      0.9565539278441482,
      1.7269250870977265e-05
    ],
    [
      0.9917475175077458,
      2.6402603125318577e-14,
      0.0028300583415568565,
      0.005422424150670989
    ],
    [
      0.016009099841313854,
      2.9734554627344366e-07,
      1.1253506650125639e-09,
      0.9839906016877893
    ],
    [
      0.03944629075016126,
      0.000731104204177644,
      6.621151604553795e-12,
      0.9598226050390402
    ],
    [
      0.9957863923700497,
      2.9844123886982644e-12,
      7.302708817235821e-06,
      0.004206304918148838
    ],
    [
      3.68701108903142e-07,
      0.99568229307842,
      1.6364159611055254e-33,
      0.0043173382204712675
    ],
    [
      0.9074280476992488,
      3.335160485025444e-11,
      0.0007790300617422948,
      0.09179292220565737
    ],
    [
      0.9915111074023971,
      1.896274979776013e-23,
      0.008460527423872358,
      2.8365173730607025e-05
    ],
    [
      0.8769822814946369,
      1.4780917615126264e-06,
      8.01464409307394e-09,
      0.12301623239895763
    ],
    [
      0.09066148018648423,
      5.816531399079068e-23,
      0.9091976808505998,
      0.00014083896291583307
    ],
    [
      0.04343078673573003,
      0.09156983363361523,
      2.274567578894399e-15,
      0.8649993796306527
    ],
    [
      0.09651823525093114,
      0.0019007827241142889,
      6.464862694169933e-12,
      0.9015809820184897
    ],
    [
      0.8734569788295431,
      6.285831580461194e-11,
      0.0006239405421469458,
      0.12591908056545167
    ],
    [
      0.4910349441711274,
      9.607533696334376e-05,
      7.087754998138958e-10,
      0.5088689797831337
    ],
    [
      0.007652637693811357,
      7.029850746731616e-28,
      0.9923151301250738,
      3.223218111477952e-05
    ],
    [
      3.46529820046314e-06,
      0.995366881155078,
      1.289149445943666e-33,
      0.0046296535467215735
    ],
    [
      0.960977425815736,
      6.985060614521475e-09,
      6.132324160510544e-07,
      0.03902195396678728
    ],
    [
      0.7861953806360314,
      1.3266883185541577e-08,
      1.1174733348851533e-05,
      0.2137934313637365
    ],
    [
      0.9257038647794082,
      1.2033942881123508e-12,
      0.006115594755438798,
      0.06818054046394922
    ],
    [
      0.15170925463490426,
      0.0054980859669130225,
      1.4302109404379775e-12,
      0.8427926593967526
    ],
    [
      0.017507245217760863,
      1.1004420493396862e-25,
      0.9824400321456923,
      5.2722636547046174e-05
    ],
    [
      0.8952296411049042,
      3.074970014205202e-11,
      0.0009146253748624269,
      0.10385573348948396
    ],
    [
      2.7983217874396082e-05,
      0.8077794519766488,
      8.576549546177585e-25,
      0.19219256480547692
    ],
    [
      0.028570110663915342,
      0.02084807757741865,
      2.9791665193501403e-14,
      0.9505818117586362
    ],
    [
      0.9985985916946123,
      4.052486217849302e-15,
      0.00019593427536333447,
      0.0012054740300205733
    ],
    [
      0.17606365939000201,
      0.001596878309179181,
      1.3047946720897429e-11,
      0.8223394622877708
    ],
    [
      0.1358974058197359,
      0.0016523150990201982,
      1.0804508430353102e-11,
      0.8624502790704394
    ],
    [
      7.56146293779133e-07,
      0.9949472446934166,
      2.3423381105051127e-32,
      0.005051999160289799
    ],
    [
      0.00048678588346445594,
      0.0004914032310345953,
      1.1368392630695658e-16,
      0.9990218108855008
    ],
    [
      0.041290144607384956,
      0.00731461689030749,
      2.8257998251188607e-13,
      0.951395238502025
    ],
    [
      0.0031191703983513173,
      2.193949412781977e-34,
      0.9968804875457504,
      3.420558983343273e-07
    ],
    [
      0.002054728051710986,
      0.004761107483280936,
      7.60429337982596e-16,
      0.9931841644650073
    ],
    [
      0.2565151364919852,
      0.00025628778947197435,
      2.4946059011106934e-10,
      0.7432285754690823
    ],
    [
      0.9985154489821829,
      2.091887284335731e-18,
      0.0012404109218374611,
      0.0002441400959795658
    ],
    [
      0.014304073652550464,
      2.4937621486877486e-07,
      9.464602044635536e-10,
      0.9856956760247746
    ],
    [
      0.00026345970427973583,
      0.4246367916939341,
      3.264197044273848e-21,
      0.5750997486017863
    ],
    [
      0.3859633487223741,
      0.0008005043723425519,
      2.871967255992516e-11,
      0.6132361468765635
    ],
    [
      2.2172765062843183e-05,
      0.9513152236060181,
      1.0692126639067992e-25,
      0.04866260362891912
    ],
    [
      2.3823412977392305e-06,
      0.9935579019882098,
      7.614962673420093e-31,
      0.006439715670492647
    ],
    [
      0.13711040141670533,
      0.0008348630019931703,
      3.085005175053182e-11,
      0.8620547355504515
    ],
    [
      0.16129971552736225,
      0.0032207381445534464,
      3.832938001308392e-12,
      0.8354795463242514
    ],
    [
      2.01305105244427e-05,
      0.9443185357939035,
      1.0476821316223722e-25,
      0.055661333695571975
    ],
    [
      0.9974125260825782,
      2.603583255613623e-17,
      0.0020500637272239716,
      0.0005374101901977964
    ],
    [
      0.03680416854203838,
      0.09348211450795435,
      1.939882406653858e-15,
      0.8697137169500054
    ],
    [
      0.9970029164470947,
      4.8448906611425924e-14,
      0.0002418380397858331,
      0.002755245513071064
    ],
    [
      0.0009508794135626095,
      0.8545350030268469,
      1.3549064683913932e-21,
      0.14451411755959032
    ],
    [
      0.9990713371896507,
      9.342613032943475e-14,
      5.570656506132675e-07,
      0.0009281057446054051
    ],
    [
      0.9988592450901856,
      8.935722988148779e-14,
      2.1509956250955304e-06,
      0.0011386039140997535
    ],
    [
      0.059553220725413844,
      1.6745297528347044e-25,
      0.9404241717986015,
      2.260747598471543e-05
    ],
    [
      0.001525548376865222,
      2.297155093266057e-06,
      3.577491544399956e-13,
      0.998472154467684
    ],
    [
      0.41050017775345343,
      1.128339366484657e-21,
      0.5892727764063344,
      0.00022704584021223368
    ],
    [
      0.9901247516507004,
      8.447376501564832e-16,
      0.0074965412368067225,
      0.0023787071124923933
    ],
    [
      0.0024858501022513436,
      1.8239756419197436e-05,
      3.218947737923394e-13,
      0.9974959101410077
    ],
    [
      0.0018753969001648252,
      0.005068528378149719,
      5.473641515204703e-16,
      0.9930560747216849
    ],
    [
      0.0192561229852176,
      6.500192845720432e-27,
      0.9807318834455312,
      1.1993569251139392e-05
    ],
    [
      9.312187592094666e-05,
      0.06953683192390878,
      1.3671726064122862e-21,
      0.9303700462001702
    ],
    [
      0.7662186235812852,
      1.4118311746639627e-13,
      0.02102399282460711,
      0.21275738359396656
    ],
    [
      1.7705622851077897e-06,
      0.9526449994884685,
      3.159962320781725e-29,
      0.04735322994924652
    ],
    [
      0.9958883112948151,
      1.388987056587825e-14,
      0.0011215698832321304,
      0.002990118821938956
    ],
    [
      0.0004932432976416376,
      0.0001138179760189949,
      4.588052655973202e-16,
      0.9993929387263392
    ],
    [
      0.9528665858485638,
      2.387306627602793e-08,
      1.9170546257367918e-07,
      0.04713319857290726
    ],
    [
      0.04505717509547303,
      6.669388956446169e-24,
      0.9548433842101152,
      9.944069441173398e-05
    ],
    [
      0.6749078074037966,
      2.923646387867771e-22,
      0.3249596180219884,
      0.00013257457421480908
    ],
    [
      4.631674868117456e-06,
      0.9939822502428258,
      3.566645612823091e-31,
      0.006013118082305881
    ],
    [
      0.0011171853932795007,
      0.00014468289687971303,
      4.94893119966526e-15,
      0.9987381317098358
    ],
    [
      0.0003492408931263892,
      0.02698841608467417,
      4.303856913986494e-19,
      0.9726623430221996
    ],
    [
      0.9076495775536619,
      4.208279492701997e-14,
      0.03739610440166655,
      0.054954318044629274
    ],
    [
      0.9988519104314824,
      7.015594706681109e-15,
      6.47761181128173e-05,
      0.0010833134503980047
    ],
    [
      0.007564484637534605,
      2.559383862326997e-29,
      0.9923300914694113,
      0.00010542389305439047
    ],
    [
      0.9897228392224549,
      1.8621535890962127e-17,
      0.009493307164727557,
      0.0007838536128175026
    ],
    [
      0.7971507620133874,
      7.6234818243670576e-06,
      2.960901781920812e-09,
      0.20284161154388627
    ],
    [
      0.9807061633807661,
      5.340639137991071e-20,
      0.019090489803188403,
      0.00020334681604584345
    ],
    [
      0.0007615369014022322,
      7.296511566831959e-06,
      1.7383653623685696e-14,
      0.9992311665870136
    ],
    [
      1.1091089033232671e-05,
      0.9271167909161915,
      2.444350636039874e-26,
      0.07287211799477533
    ],
    [
      0.9154227994917083,
      8.884068935111149e-07,
      4.211404301674868e-09,
      0.08457630788999396
    ],
    [
      0.019715376607331105,
      3.728231492156686e-28,
      0.9792868258142803,
      0.0009977975783890345
    ],
    [
      0.49051989513102706,
      1.5549085670083932e-25,
      0.50945449844535,
      2.5606423622970323e-05
    ],
    [
      0.9205065721584801,
      4.644707215371764e-21,
      0.0793215558121792,
      0.00017187202934059874
    ],
    [
      0.08042213470985915,
      1.313610147420882e-22,
      0.9193508813999978,
      0.00022698389014309795
    ],
    [
      0.14656965164125868,
      5.149342314622851e-22,
      0.8531770543435558,
      0.00025329401518543607
    ],
    [
      0.500103968682955,
      6.429319877070549e-07,
      4.161237493631252e-07,
      0.4998949722613079
    ],
    [
      1.6360905014038072e-05,
      0.9838116558852809,
      1.6660287117930054e-27,
      0.016171983209705143
    ],
    [
      0.0028322874160736904,
      2.8922684910077177e-06,
      1.9464725839450283e-12,
      0.9971648203134889
    ],
    [
      0.9745068847486557,
      4.190470066789796e-15,
      0.018669974148680078,
      0.006823141102660203
    ],
    [
      0.999019508904328,
      4.146402581685799e-15,
      6.091846439671622e-05,
      0.0009195726312710518
    ],
    [
      0.008797004326278094,
      2.79546949344716e-08,
      9.919480341538099e-10,
      0.9912029667270791
    ],
    [
      0.3033938997464725,
      3.453535716444403e-11,
      0.00021071721080363924,
      0.6963953830081884
    ],
    [
      0.846200290905727,
      1.5089244382522788e-08,
      6.46831749929269e-06,
      0.15379322568752957
    ],
    [
      0.0002785808934768107,
      5.594359688778016e-06,
      7.426624414465056e-16,
      0.9997158247468338
    ],
    [
      0.0005144846144821205,
      0.06958204915420252,
      4.039560607222201e-19,
      0.9299034662313154
    ],
    [
      0.020207387695636757,
      1.2360801476318847e-25,
      0.9797528880253266,
      3.972427903680073e-05
    ],
    [
      0.0036622530698066772,
      6.667208494983309e-06,
      2.1850331230091574e-12,
      0.9963310797195134
    ],
    [
      0.002949959578329266,
      3.539299630415519e-32,
      0.9970393213434203,
      1.0719078250470487e-05
    ],
    [
      0.00020848332456307512,
      0.0009080234850919054,
      3.615190702329068e-18,
      0.998883493190345
    ],
    [
      0.8333766796941589,
      1.2081976175951552e-10,
      0.00045634520209906793,
      0.16616697498292235
    ],
    [
      0.28708799037852706,
      0.009149404628253957,
      2.78362337368457e-13,
      0.7037626049929406
    ],
    [
      0.07752416312199942,
      3.3195963016110273e-25,
      0.9224491826621937,
      2.6654215806947663e-05
    ],
    [
      0.9962953746792655,
      3.693119296460578e-15,
      0.0015504648765552215,
      0.0021541604441756524
    ],
    [
      0.001760416832954007,
      1.9084682779541234e-05,
      1.1177403126910946e-13,
      0.9982204984841548
    ],
    [
      0.004611561463034355,
      1.3372559378734946e-29,
      0.9953774677053362,
      1.0970831629475125e-05
    ],
    [
      0.00012554471947581863,
      0.8458017071275935,
      5.370331805786416e-23,
      0.15407274815293068
    ],
    [
      0.7651184632646135,
      1.5067367646329506e-11,
      0.0018688760509875826,
      0.23301266066933146
    ],
    [
      0.607493864423226,
      3.208233013316629e-05,
      2.1643742489319404e-09,
      0.3924740510822666
    ],
    [
      0.9975625948575716,
      1.7257298967135736e-13,
      3.230175048339613e-05,
      0.0024051033917724175
    ],
    [
      0.9512992228437638,
      4.892621070662554e-09,
      1.9805226365504713e-06,
      0.04869879174097869
    ],
    [
      1.357318558801989e-06,
      0.9668589344273378,
      1.0345538139816378e-29,
      0.033139708254103555
    ],
    [
      0.19852535345761094,
      0.0005982570366630466,
      6.47534722012275e-11,
      0.8008763894409726
    ],
    [
      0.0004002683178751235,
      2.3974545567545894e-05,
      8.442771606098738e-16,
      0.9995757571365567
    ],
    [
      0.009996727520086238,
      7.436470905691444e-08,
      7.891070095598786e-10,
      0.9900031973260979
    ],
    [
      0.017982310515385784,
      1.5292346822964e-06,
      4.676328734314292e-10,
      0.9820161597822992
    ],
    [
      0.9775535118393373,
      1.3072356218458583e-18,
      0.021955960760548416,
      0.0004905274001144336
    ],
    [
      0.9954084293636917,
      1.6856523982164724e-16,
      0.00351261243623744,
      0.0010789582000707352
    ],
    [
      0.1127759952727773,
      5.676840669163921e-25,
      0.8871936234114641,
      3.0381315758512825e-05
    ],
    [
      2.3595094730978284e-05,
      0.00028564832256826713,
      3.2855764822572382e-21,
      0.9996907565827007
    ],
    [
      0.08293832895972252,
      1.2815217853402668e-25,
      0.9170411251407852,
      2.054589949243287e-05
    ],
    [
      1.650438683435617e-05,
      0.8808320786345105,
      1.1954022981239312e-25,
      0.11915141697865494
    ],
    [
      0.009311742716786756,
      0.019629055305719904,
      4.512438112692077e-15,
      0.9710592019774891
    ],
    [
      8.803850800350963e-05,
      0.000761092192208256,
      1.9945722102583462e-19,
      0.9991508692997885
    ],
    [
      0.9582708240249798,
      1.6267753605274496e-07,
      3.6814997716233177e-09,
      0.04172900961598443
    ],
    [
      0.9902128743758299,
      4.4330900585229894e-10,
      1.4458784582231146e-07,
      0.009786980593015427
    ],
    [
      0.733760787171945,
      3.93144530567239e-05,
      4.10883272093323e-10,
      0.26619989796411503
    ],
    [
      0.07314443676042212,
      2.076961259581684e-08,
      2.540642681699388e-07,
      0.9268552884056971
    ],
    [
      0.7390618414901381,
      9.125309356921081e-23,
      0.2608434989377359,
      9.465957212599156e-05
    ],
    [
      5.741575298591157e-06,
      0.9878173798826864,
      1.003947141426152e-28,
      0.012176878542015091
    ],
    [
      0.33933814350415936,
      2.6460038131559608e-09,
      2.2899739536520098e-05,
      0.6606389541103003
    ],
    [
      2.5138591287881406e-06,
      0.9912464124618252,
      4.899567510616013e-30,
      0.008751073679045982
    ],
    [
      0.023920021329882347,
      2.015967771416431e-25,
      0.9760406217562559,
      3.935691386167592e-05
    ],
    [
      0.0847029086871426,
      6.080996858109061e-10,
      2.6836441249959837e-06,
      0.9152944070606326
    ],
    [
      6.692665454568244e-05,
      0.2921370626835591,
      6.204633481460555e-23,
      0.7077960106618952
    ],
    [
      0.9676594256829478,
      5.952052290808626e-17,
      0.03056397239387778,
      0.00177660192317445
    ],
    [
      0.0010269194592355127,
      6.0022925608291174e-05,
      8.304282141781973e-15,
      0.9989130576151478
    ],
    [
      0.5754180954743338,
      1.1280004096163528e-19,
      0.42375282587834995,
      0.0008290786473161855
    ],
    [
      7.687106056669358e-06,
      0.9819784658226848,
      7.8711688309167495e-28,
      0.018013847071258457
    ],
    [
      0.6990703822763585,
      4.116326114768634e-12,
      0.003445383408614601,
      0.29748423431091064
    ],
    [
      0.9962147077377029,
      4.430454322462079e-15,
      0.001516441233454519,
      0.002268851028837918
    ],
    [
      0.0019472396253999405,
      0.0011089037093129056,
      3.4278211903131513e-15,
      0.9969438566652837
    ],
    [
      0.9948240414331881,
      2.286279187592083e-12,
      2.3373928902801037e-05,
      0.005152584635623013
    ],
    [
      0.9986174248012221,
      3.7393206805480426e-16,
      0.0005804196118688045,
      0.0008021555869087085
    ],
    [
      0.014675461074448443,
      3.2158532176741164e-26,
      0.9852887338298788,
      3.580509567260205e-05
    ],
    [
      2.4684235715773313e-06,
      0.982636475820488,
      3.8981520226170975e-29,
      0.01736105575594062
    ],
    [
      0.9867050842434685,
      1.602658109298021e-10,
      2.770916778437342e-06,
      0.013292144679487552
    ],
    [
      9.555873383058868e-05,
      0.05860184878411336,
      1.8787585129631547e-21,
      0.9413025924820564
    ],
    [
      0.9741024541106316,
      2.424978404841544e-18,
      0.025284489795538188,
      0.0006130560938302672
    ],
    [
      0.16037955130787832,
      1.2671234559955298e-22,
      0.8394752832572172,
      0.00014516543490455494
    ],
    [
      0.0200427280849267,
      1.251839453717806e-26,
      0.9799425628567445,
      1.4709058328894296e-05
    ],
    [
      0.037182420999556175,
      5.849309890363188e-24,
      0.9618099015776982,
      0.0010076774227456464
    ],
    [
      0.007775198544427579,
      1.4319585182304119e-08,
      1.0235822103276874e-09,
      0.9922247861124052
    ],
    [
      0.42587006506096214,
      5.223848064729921e-08,
      3.703015532975301e-06,
      0.5741261796850242
    ],
    [
      0.0002915869067069853,
      3.5625789630858498e-06,
      1.1984858738030393e-15,
      0.9997048505143289
    ],
    [
      0.0001799832228756901,
      0.016422970895245817,
      8.786760599551847e-20,
      0.9833970458818787
    ],
    [
      0.006122027027847759,
      0.00019433496457749259,
      4.621658770218037e-13,
      0.9936836380071127
    ],
    [
      0.11516746076930848,
      7.244422483669895e-09,
      1.3494165831079898e-06,
      0.8848311825696858
    ],
    [
      0.9994222610707855,
      3.203195125889111e-16,
      8.633844607545722e-05,
      0.0004914004831387865
    ],
    [
      0.2614604338963352,
      7.04213895469246e-08,
      1.4424698665605625e-06,
      0.7385380532124088
    ],
    [
      0.0017902834186407435,
      3.468812377198631e-35,
      0.9982092744816885,
      4.4209967086937724e-07
    ],
    [
      0.00027264410981744653,
      0.41578617193102857,
      3.751742744534435e-21,
      0.5839411839591538
    ],
    [
      0.012703021786897082,
      9.207397822545975e-27,
      0.9872741298106087,
      2.2848402494278096e-05
    ],
    [
      0.9976355103490033,
      1.2151186432392315e-14,
      0.00036631637859050437,
      0.0019981732723940333
    ],
    [
      6.38706521611713e-05,
      0.26740497799541113,
      5.878977080288735e-23,
      0.7325311513524275
    ],
    [
      0.835260487483071,
      1.55320367926899e-13,
      0.02287633193866944,
      0.14186318057810401
    ],
    [
      5.5383784802598886e-05,
      0.7832844579520266,
      8.224714362478036e-24,
      0.21666015826317075
    ],
    [
      7.080941844361725e-05,
      5.589352083141632e-05,
      9.326331330467067e-19,
      0.9998732970607249
    ],
    [
      0.7030136839429331,
      1.1494968822886517e-13,
      0.019041132758864886,
      0.27794518329808726
    ],
    [
      0.004479391811950997,
      5.397527263550901e-05,
