{
  "dataset": "moons",
  "algorithm": "gmm",
  "params": {
    "n_components": 3,
    "covariance_type": "tied"
  },
  "labels": [
    1,
    0,
    1,
    2,
    2,
    1,
    1,
    2,
    0,
    1,
    1,
    2,
    1,
    2,
    1,
    1,
    1,
    0,
    1,
    1,
    1,
    1,
    0,
    1,
    0,
    1,
    1,
    2,
    2,
    0,
    1,
    0,
    1,
    2,
    0,
    1,
    1,
    0,
    2,
    0,
    1,
    2,
    1,
    2,
    0,
    0,
    1,
    0,
    1,
    0,
    2,
    2,
    2,
    1,
    2,
    0,
    2,
    0,
    2,
    2,
    1,
    0,
    0,
    1,
    2,
    0,
    1,
    0,
    2,
    1,
    1,
    1,
    0,
    0,
    0,
    0,
    2,
    0,
    1,
    1,
    2,
    2,
    1,
    2,
    0,
    2,
    2,
    1,
    0,
    2,
    1,
    1,
    1,
    0,
    1,
    1,
    0,
    0,
    1,
    1,
    2,
    1,
    0,
    0,
    0,
    0,
    0,
    2,
    0,
    2,
    2,
    1,
    1,
    0,
    1,
    0,
    2,
    2,
    2,
    0,
    2,
    2,
    1,
    2,
    2,
    2,
    1,
    2,
    2,
    1,
    0,
    2,
    1,
    0,
    2,
    0,
    2,
    0,
    0,
    0,
    0,
    2,
    1,
    0,
    0,
    0,
    0,
    2,
    0,
    1,
    0,
    2,
    0,
    0,
    1,
    1,
    0,
    2,
    1,
    0,
    2,
    1,
    1,
    0,
    1,
    1,
    0,
    0,
    1,
    2,
    0,
    2,
    1,
    2,
    2,
    2,
    1,
    2,
    2,
    1,
    1,
    2,
    1,
    0,
    1,
    2,
    1,
    0,
    2,
    2,
    1,
    1,
    1,
    0,
    2,
    2,
    2,
    0,
    2,
    1,
    1,
    0,
    2,
    2,
    2,
    2,
    2,
    0,
    1,
    1,
    2,
    2,
    1,
    0,
    0,
    1,
    1,
    2,
    1,
    2,
    1,
    0,
    0,
    2,
    2,
    1,
    2,
    1,
    0,
    0,
    2,
    0,
    1,
    0,
    1,
    1,
    1,
    2,
    2,
    2,
    1,
    2,
    1,
    1,
    1,
    0,
    2,
    0,
    0,
    2,
    1,
    0,
    1,
    2,
    0,
    1,
    2,
    1,
    2,
    1,
    0,
    2,
    1,
    2,
    2,
    2,
    1,
    2,
    1,
    2,
    2,
    2,
    2,
    1,
    0,
    1,
    1,
    1,
    0,
    2,
    0,
    2,
    1,
    2,
    2,
    1,
    0,
    1,
    1,
    0,
    1,
    0,
    1,
    0,
    2,
    2,
    0,
    1,
    1,
    1,
    1,
    2,
    0,
    2,
    2,
    2,
    0,
    2,
    2,
    2,
    1,
    2,
    1,
    1,
    2,
    0,
    1,
    2,
    1,
    0,
    2,
    1,
    0,
    1,
    0,
    0,
    2,
    2,
    2,
    1,
    2,
    0,
    0,
    0,
    2,
    2,
    1,
    0,
    2,
    2,
    0,
    2,
    1,
    1,
    2,
    0,
    1,
    1,
    2,
    0,
    0,
    1,
    0,
    0,
    1,
    2,
    2,
    1,
    2,
    2,
    2,
    0,
    2,
    0,
    0,
    0,
    0,
    0,
    2,
    1,
    0,
    1,
    2,
    2,
    0,
    2,
    1,
    2,
    0,
    2,
    2,
    1,
    0,
    0,
    1,
    2,
    0,
    1,
    2,
    0,
    1,
    1,
    1,
    2,
    0,
    1,
    1,
    1,
    2,
    2,
    2,
    0,
    1,
    2,
    1,
    1,
    0,
    1,
    0,
    2,
    2,
    0,
    2,
    1,
    2,
    0,
    0,
    0,
    0,
    1,
    0,
    1,
    1,
    0,
    1,
    0,
    2,
    0,
    2,
    1,
    1,
    2,
    1,
    1,
    0,
    1,
    0,
    2,
    0,
    0,
    0,
    1,
    0,
    2,
    0,
    1,
    2,
    0,
    1,
    1,
    2,
    0,
    1,
    0,
    1,
    2,
    1,
    2,
    1,
    2,
    2,
    0,
    0,
    1,
    2,
    2,
    0,
    0,
    1,
    2,
    0,
    1,
    2,
    1,
    0,
    1,
    0,
    0,
    0,
    2,
    2,
    2,
    1,
    2,
    1,
    0,
    1,
    0,
    2,
    1,
    2,
    1,
    0,
    2,
    2,
    2,
    0,
    0,
    1,
    2
  ],
  "means": [
    {
      "x": 0.533213310585217,
      "y": 0.24102378498384822
    },
    {
      "x": 1.3984363935513107,
      "y": -0.20807623992753504
    },
    {
      "x": -0.37595596733801423,
      "y": 0.7208626113582342
    }
  ],
  "probabilities": [
    [
      0.039606182145484815,
      0.9603938147564739,
      3.0980413970437804e-09
    ],
    [
      0.95048618099861,
      7.448804806797948e-05,
      0.0494393309533221
    ],
    [
      0.0015556630121447076,
      0.9984443369840473,
      3.807976763683103e-12
    ],
    [
      0.00016405254972654787,
      2.051309859314921e-13,
      0.9998359474500682
    ],
    [
      0.0020878186547408,
      2.937832679546205e-11,
      0.997912181315881
    ],
    [
      0.00019687489997107248,
      0.9998031250999747,
      5.415875630931049e-14
    ],
    [
      0.006438378706764126,
      0.993561621221753,
      7.148301251875156e-11
    ],
    [
      0.0003759509068319592,
      1.0380086684306616e-12,
      0.99962404909213
    ],
    [
      0.922732678419668,
      4.562845341286391e-05,
      0.07722169312691914
    ],
    [
      5.093618633527122e-05,
      0.9999490638136614,
      3.3978404097334797e-15
    ],
    [
      0.4445799409960325,
      0.555419246391975,
      8.126119927194601e-07
    ],
    [
      0.0028783122984947537,
      5.306602086870046e-11,
      0.9971216876484393
    ],
    [
      5.4344250638312874e-06,
      0.999994565574936,
      3.365011717697234e-17
    ],
    [
      0.23257599082041913,
      3.563683849627889e-07,
      0.7674236528111958
    ],
    [
      0.00026838103984580606,
      0.9997316189600519,
      1.0244087618706441e-13
    ],
    [
      0.00024532815313113826,
      0.9997546718467837,
      8.513474402555762e-14
    ],
    [
      0.005699629963040821,
      0.9943003699795323,
      5.742689301440529e-11
    ],
    [
      0.9901814717876873,
      0.009503366791210771,
      0.0003151614211017509
    ],
    [
      0.06860865643703183,
      0.9313913337280686,
      9.834899646383802e-09
    ],
    [
      5.226488600481186e-05,
      0.9999477351139916,
      3.572177366429134e-15
    ],
    [
      0.004075190091263803,
      0.9959248098800665,
      2.866957369000929e-11
    ],
    [
      0.0025857043589571473,
      0.9974142956297422,
      1.1300935837850075e-11
    ],
    [
      0.7302781833261633,
      8.684213579742042e-06,
      0.2697131324602568
    ],
    [
      0.021135721313115117,
      0.9788642778510165,
      8.358683988712089e-10
    ],
    [
      0.8715971338871829,
      2.5224286669255694e-05,
      0.12837764182614775
    ],
    [
      0.09531474611807732,
      0.9046852329569778,
      2.092494486172001e-08
    ],
    [
      0.027756589696029812,
      0.9722434087818335,
      1.522136614697011e-09
    ],
    [
      0.00032268514687537803,
      7.4714138447975e-13,
      0.9996773148523775
    ],
    [
      0.000619092784156321,
      2.754062431428211e-12,
      0.9993809072130899
    ],
    [
      0.6582642819440523,
      0.3417327353740239,
      2.9826819239178563e-06
    ],
    [
      0.0002494127397748445,
      0.9997505872601349,
      9.052261319550112e-14
    ],
    [
      0.8252172384245186,
      0.17477311039500948,
      9.651180472136316e-06
    ],
    [
      2.4526577943152773e-05,
      0.9999754734220562,
      7.615397535612658e-16
    ],
    [
      4.473209440474483e-05,
      1.6213020710366642e-14,
      0.9999552679055791
    ],
    [
      0.8645305502128096,
      0.1354551947390657,
      1.4255048124772779e-05
    ],
    [
      0.14265654746064058,
      0.8573434042973274,
      4.824203216797072e-08
    ],
    [
      0.0015200102316315787,
      0.9984799897647241,
      3.6444803526191224e-12
    ],
    [
      0.9308465242674431,
      5.197384583083393e-05,
      0.06910150188672626
    ],
    [
      3.91552767324625e-05,
      1.2359051155279257e-14,
      0.9999608447232553
    ],
    [
      0.8415276836427285,
      1.948740755024334e-05,
      0.15845282894972101
    ],
    [
      3.59963880624541e-05,
      0.9999640036119359,
      1.6363504710540079e-15
    ],
    [
      0.006661916898336403,
      2.7797148770524195e-10,
      0.9933380828236921
    ],
    [
      0.046294251362895465,
      0.9537057441695611,
      4.4675436254061725e-09
    ],
    [
      0.00042518748639066087,
      1.2783952981270529e-12,
      0.9995748125123309
    ],
    [
      0.940478768667319,
      0.059480852442390576,
      4.037889029039517e-05
    ],
    [
      0.8427267719101176,
      1.9733213498428926e-05,
      0.15725349487638396
    ],
    [
      0.3462739202567051,
      0.6537256698828426,
      4.0986045246398955e-07
    ],
    [
      0.8379129591262837,
      0.16207592683828537,
      1.1114035430857884e-05
    ],
    [
      2.8621053084148262e-05,
      0.9999713789469148,
      1.0236793599271805e-15
    ],
    [
      0.9742069655296881,
      0.025687245433183587,
      0.00010578903712846485
    ],
    [
      0.013881380986756923,
      1.1734674647999365e-09,
      0.9861186178397757
    ],
    [
      1.2080126423580082e-06,
      1.432519480332685e-17,
      0.9999987919873577
    ],
    [
      0.00026230082193138307,
      5.122889313484328e-13,
      0.9997376991775564
    ],
    [
      0.00043321247040682345,
      0.9995667875293174,
      2.759479844325715e-13
    ],
    [
      7.741381678799768e-05,
      4.662385342393454e-14,
      0.9999225861831654
    ],
    [
      0.6132903557597232,
      4.527923611264303e-06,
      0.3867051163166655
    ],
    [
      0.0001441349588276556,
      1.5930214360625635e-13,
      0.999855865041013
    ],
    [
      0.9390088234842581,
      0.06095193560087861,
      3.924091486330776e-05
    ],
    [
      5.729238976057807e-05,
      2.583225595489437e-14,
      0.9999427076102138
    ],
    [
      0.014291178050184377,
      1.2483956007853315e-09,
      0.9857088207014201
    ],
    [
      0.006557969675108328,
      0.9934420302484362,
      7.645541642415409e-11
    ],
    [
      0.5467656013936976,
      3.0303074525826676e-06,
      0.45323136829884964
    ],
    [
      0.8756470704436926,
      0.12433727970901756,
      1.5649847290026713e-05
    ],
    [
      0.000476526777853651,
      0.9995234732218039,
      3.4238649752528464e-13
    ],
    [
      0.03643537543759166,
      7.844886600569607e-09,
      0.9635646167175219
    ],
    [
      0.9960848053141593,
      0.0013064522601312495,
      0.002608742425709297
    ],
    [
      9.402058526869952e-05,
      0.999905979414719,
      1.2105949063261423e-14
    ],
    [
      0.9806670599950083,
      0.00019205432507055821,
      0.019140885679921362
    ],
    [
      0.033023252333541295,
      6.215541484918258e-09,
      0.9669767414509172
    ],
    [
      0.0003225107929606146,
      0.9996774892068899,
      1.4963920175200542e-13
    ],
    [
      0.0023718706277626065,
      0.997628129363201,
      9.036536618771773e-12
    ],
    [
      0.025770000493654886,
      0.9742299982507561,
      1.2555890233706046e-09
    ],
    [
      0.8862193346870484,
      2.8666851906769818e-05,
      0.11375199846104472
    ],
    [
      0.9375757437409393,
      5.681447439006912e-05,
      0.062367441784670616
    ],
    [
      0.9094876931461258,
      0.090488549417039,
      2.3757436835080956e-05
    ],
    [
      0.9721913503116928,
      0.027712790483167944,
      9.585920513920026e-05
    ],
    [
      0.17746220941611462,
      1.9478778744247334e-07,
      0.8225375957960981
    ],
    [
      0.861738366512529,
      2.3052344828697333e-05,
      0.13823858114264223
    ],
    [
      0.00016703820792250817,
      0.9998329617920382,
      3.924455394645392e-14
    ],
    [
      0.00021180896107707848,
      0.9997881910388583,
      6.458020703221092e-14
    ],
    [
      1.1672617885553037e-06,
      1.3430578812554763e-17,
      0.9999988327382116
    ],
    [
      0.05758261656587081,
      1.957442928773907e-08,
      0.9424173638596998
    ],
    [
      0.15089374659177898,
      0.8491061956590031,
      5.774921791936304e-08
    ],
    [
      0.0006063516676792489,
      2.5884269858817217e-12,
      0.9993936483297324
    ],
    [
      0.7472398996176252,
      0.2527547351016493,
      5.365280725634264e-06
    ],
    [
      0.04913246186399511,
      1.4271375375899522e-08,
      0.9508675238646294
    ],
    [
      3.171712346335487e-05,
      8.29003957398697e-15,
      0.9999682828765283
    ],
    [
      0.0013437550120647896,
      0.9986562449850644,
      2.87079394288427e-12
    ],
    [
      0.9016409947270061,
      0.0983376829083403,
      2.132236465353326e-05
    ],
    [
      0.05961783962509695,
      2.0492829020627527e-08,
      0.940382139882074
    ],
    [
      0.004103680882446313,
      0.9958963190894209,
      2.813273536904659e-11
    ],
    [
      0.00010889741366553257,
      0.9998911025863179,
      1.6561894558305748e-14
    ],
    [
      0.11967554678515739,
      0.880324420074608,
      3.314023472321784e-08
    ],
    [
      0.8274716785022593,
      0.17251842373848517,
      9.897759255758637e-06
    ],
    [
      0.005790934270438928,
      0.9942090656714381,
      5.8122893472399124e-11
    ],
    [
      0.0058324281551814065,
      0.9941675717873656,
      5.7452863423448494e-11
    ],
    [
      0.9495634632001428,
      7.215492581680617e-05,
      0.05036438187404033
    ],
    [
      0.9957308687082799,
      0.0010844139178673958,
      0.0031847173738526503
    ],
    [
      4.286417346817553e-06,
      0.999995713582653,
      2.0899260400898405e-17
    ],
    [
      0.33622569570298877,
      0.6637739251889552,
      3.791080561921914e-07
    ],
    [
      0.05711172309661676,
      1.8408654572324024e-08,
      0.9428882584947286
    ],
    [
      6.605624544148711e-05,
      0.9999339437545528,
      5.807034085875847e-15
    ],
    [
      0.9907903882207022,
      0.0088723439396407,
      0.0003372678396571487
    ],
    [
      0.9798903696428468,
      0.01997252666217137,
      0.00013710369498191158
    ],
    [
      0.5197712391481016,
      0.48022747937819577,
      1.2814737028932653e-06
    ],
    [
      0.9127357984069742,
      4.047138535075874e-05,
      0.08722373020767522
    ],
    [
      0.9757542724846777,
      0.024134494177295632,
      0.00011123333802678019
    ],
    [
      0.0019530091514061835,
      2.4572634263474494e-11,
      0.9980469908240212
    ],
    [
      0.6059167972037461,
      0.39408104080820977,
      2.161988044109484e-06
    ],
    [
      0.009883258369294236,
      6.035078057260522e-10,
      0.9901167410271979
    ],
    [
      5.218782052096937e-05,
      2.204474056935558e-14,
      0.9999478121794569
    ],
    [
      9.989689483051316e-05,
      0.9999001031051559,
      1.3545456589725849e-14
    ],
    [
      0.18047575558901538,
      0.8195241615920423,
      8.281894205742937e-08
    ],
    [
      0.699130074552971,
      0.30086596110759584,
      3.964339432963802e-06
    ],
    [
      6.834061552283313e-05,
      0.9999316593844709,
      6.328258865782251e-15
    ],
    [
      0.9958278129549625,
      0.0010865199006562247,
      0.0030856671443813422
    ],
    [
      0.00487428946233297,
      1.461918129816254e-10,
      0.995125710391475
    ],
    [
      0.007025596785432315,
      2.9562584862069485e-10,
      0.992974402918942
    ],
    [
      0.009269370862668316,
      5.313443594688018e-10,
      0.9907306286059874
    ],
    [
      0.9715333636832836,
      0.02837173050637623,
      9.490581033999831e-05
    ],
    [
      2.6911954639741796e-05,
      5.913266917412597e-15,
      0.9999730880453541
    ],
    [
      0.001007034869754744,
      6.865871759100719e-12,
      0.9989929651233794
    ],
    [
      0.12502098277569484,
      0.8749789810604156,
      3.6163889521206484e-08
    ],
    [
      0.008862056050680325,
      4.849506909046772e-10,
      0.991137943464369
    ],
    [
      0.00010553551180492126,
      8.489162584256805e-14,
      0.9998944644881104
    ],
    [
      0.00016641741847538098,
      2.0696104513631826e-13,
      0.9998335825813178
    ],
    [
      0.00015321293908145323,
      0.9998467870608863,
      3.23122681934028e-14
    ],
    [
      2.936818890295441e-05,
      7.097353845227691e-15,
      0.99997063181109
    ],
    [
      0.014602496773722646,
      1.2843678712371501e-09,
      0.9853975019419096
    ],
    [
      0.36189294986529047,
      0.6381065991925212,
      4.509421883815535e-07
    ],
    [
      0.6648230599677059,
      0.3351737730868245,
      3.1669454695653375e-06
    ],
    [
      0.010579803602592905,
      6.909044875458945e-10,
      0.9894201957065026
    ],
    [
      6.467470025316269e-05,
      0.9999353252997413,
      5.655406645869804e-15
    ],
    [
      0.8203325538890297,
      1.612650808354294e-05,
      0.17965131960288674
    ],
    [
      2.431883536488215e-07,
      6.470397132538575e-19,
      0.9999997568116464
    ],
    [
      0.9234660657375353,
      4.6329642888824996e-05,
      0.07648760461957595
    ],
    [
      0.0005331802637418133,
      1.994761819328314e-12,
      0.9994668197342634
    ],
    [
      0.7245761957002598,
      0.2754190888248992,
      4.715474841040201e-06
    ],
    [
      0.9106270702079144,
      0.089348280461895,
      2.464933019039802e-05
    ],
    [
      0.8998625687683421,
      3.352343850908449e-05,
      0.10010390779314868
    ],
    [
      0.9963480979682732,
      0.0019269591342519867,
      0.001724942897474983
    ],
    [
      0.0017002118948960746,
      1.879436021615557e-11,
      0.9982997880863098
    ],
    [
      0.0032224207053481732,
      0.9967775792767762,
      1.787561490628773e-11
    ],
    [
      0.5052230044255074,
      2.4483687137459515e-06,
      0.49477454720577874
    ],
    [
      0.9733852493649144,
      0.00013797488560706142,
      0.026476775749478487
    ],
    [
      0.6830586072981636,
      6.583954361814098e-06,
      0.3169348087474746
    ],
    [
      0.9615944800645417,
      0.03833768290153876,
      6.783703391971846e-05
    ],
    [
      0.0012758473006659061,
      1.0806661729743206e-11,
      0.9987241526885275
    ],
    [
      0.853728689710031,
      2.1150145956658275e-05,
      0.14625016014401215
    ],
    [
      0.00012180831604658521,
      0.999878191683933,
      2.0450939442421048e-14
    ],
    [
      0.5181240144755467,
      0.48187468559176677,
      1.2999326864861266e-06
    ],
    [
      0.000771530390140277,
      4.1920062726996175e-12,
      0.9992284696056677
    ],
    [
      0.9717221106994366,
      0.028182128436288017,
      9.576086427545351e-05
    ],
    [
      0.952554839358899,
      0.04739219788936715,
      5.2962751734004674e-05
    ],
    [
      0.00016244927066640162,
      0.9998375507292958,
      3.764770908241658e-14
    ],
    [
      0.0011047958534028193,
      0.9988952041447191,
      1.878177410723981e-12
    ],
    [
      0.6738026195346286,
      0.3261940117645018,
      3.3687008694791307e-06
    ],
    [
      8.506896321124116e-07,
      7.164937583511498e-18,
      0.9999991493103679
    ],
    [
      0.011376009772872177,
      0.9886239899949606,
      2.321673807111161e-10
    ],
    [
      0.9877776343410442,
      0.011977986769223114,
      0.00024437888973282215
    ],
    [
      2.627591166028978e-05,
      5.84734157184733e-15,
      0.999973724088334
    ],
    [
      0.3204681104674169,
      0.6795315611885607,
      3.283440224561781e-07
    ],
    [
      0.0008241272850737224,
      0.9991758727138829,
      1.0436274003418982e-12
    ],
    [
      0.9950290213843761,
      0.0042178018474721525,
      0.0007531767681517475
    ],
    [
      0.0008594574498271355,
      0.9991405425490227,
      1.150215237353716e-12
    ],
    [
      0.0007392685877005448,
      0.9992607314114469,
      8.527337963103561e-13
    ],
    [
      0.9538409912002063,
      0.046104415133231616,
      5.459366656206851e-05
    ],
    [
      0.9660258731551113,
      0.03389620211950196,
      7.792472538684493e-05
    ],
    [
      0.0005778165687861109,
      0.9994221834307068,
      5.073203434238568e-13
    ],
    [
      0.00013449268048338088,
      1.3977089469509084e-13,
      0.999865507319377
    ],
    [
      0.6605560385106775,
      0.3394408389508474,
      3.1225384752359005e-06
    ],
    [
      0.004147119370735488,
      1.1056074736582931e-10,
      0.9958528805187038
    ],
    [
      0.07573772495746131,
      0.9242622624143993,
      1.262813947926162e-08
    ],
    [
      0.00048792628315203347,
      1.734978844146164e-12,
      0.9995120737151131
    ],
    [
      0.0007407150890242035,
      3.899805187574789e-12,
      0.9992592849070762
    ],
    [
      2.845932107747767e-05,
      6.683993071304511e-15,
      0.9999715406789159
    ],
    [
      0.009437614732104707,
      0.9905623851123607,
      1.555344694306092e-10
    ],
    [
      8.808148882963156e-05,
      6.05332067466304e-14,
      0.9999119185111099
    ],
    [
      0.002693051758059997,
      4.739827303014861e-11,
      0.997306948194542
    ],
    [
      0.01920414717072029,
      0.9807958521481972,
      6.81082518440653e-10
    ],
    [
      0.009752287237068186,
      0.9902477125941336,
      1.6879809167654055e-10
    ],
    [
      6.070484546036216e-05,
      2.902806829854775e-14,
      0.9999392951545106
    ],
    [
      6.786801492601962e-05,
      0.9999321319850679,
      6.068188740439488e-15
    ],
    [
      0.9538348406422551,
      7.728907160704172e-05,
      0.0460878702861377
    ],
    [
      1.3274265170164193e-05,
      0.9999867257348297,
      2.1428825313592809e-16
    ],
    [
      0.004630508754421261,
      1.3667986913800116e-10,
      0.995369491108899
    ],
    [
      0.0011996130815016392,
      0.9988003869162789,
      2.2195348162089594e-12
    ],
    [
      0.6044504839218084,
      4.292857763312247e-06,
      0.3955452232204282
    ],
    [
      0.000911662690431265,
      5.645313426071026e-12,
      0.9990883373039235
    ],
    [
      1.1466581733911312e-05,
      1.152290315431089e-15,
      0.999988533418265
    ],
    [
      0.0028096130060156405,
      0.9971903869805854,
      1.339902230371809e-11
    ],
    [
      0.004640177200104129,
      0.9953598227637762,
      3.61197654095516e-11
    ],
    [
      0.0005799309887862305,
      0.9994200690107119,
      5.019746937118484e-13
    ],
    [
      0.5559547303388115,
      3.196312726824197e-06,
      0.4440420733484617
    ],
    [
      0.0006363878109412992,
      2.88775713258144e-12,
      0.9993636121861711
    ],
    [
      0.01082317049206122,
      6.88556210706276e-10,
      0.9891768288193828
    ],
    [
      0.0002773471382605378,
      5.693060092141207e-13,
      0.9997226528611703
    ],
    [
      0.9746257897671862,
      0.00014671296715700616,
      0.02522749726565686
    ],
    [
      1.6348787368999837e-05,
      2.31242092086903e-15,
      0.9999836512126289
    ],
    [
      0.002806186619900237,
      0.9971938133673667,
      1.2733047918528385e-11
    ],
    [
      0.00013385827865239482,
      0.9998661417213229,
      2.4928325295292396e-14
    ],
    [
      0.8420858881080008,
      1.955986140217849e-05,
      0.15789455203059738
    ],
    [
      0.1070339989315357,
      6.517734601696109e-08,
      0.8929659358911178
    ],
    [
      6.219328007379453e-07,
      3.977038304079797e-18,
      0.999999378067199
    ],
    [
      1.1900636759550708e-05,
      1.2433460838118346e-15,
      0.9999880993632394
    ],
    [
      0.0016722009775698868,
      1.8408412105847106e-11,
      0.9983277990040217
    ],
    [
      0.0007234083317270271,
      3.6165604470896207e-12,
      0.9992765916646565
    ],
    [
      0.9963108888324443,
      0.0015719392643399322,
      0.002117171903215933
    ],
    [
      0.003697905970997536,
      0.9963020940055665,
      2.3436114140962515e-11
    ],
    [
      0.02594486208965856,
      0.9740551366394775,
      1.2708639613884255e-09
    ],
    [
      0.021043085822219615,
      2.6189913563681057e-09,
      0.978956911558789
    ],
    [
      0.0004542270428069374,
      1.4990055655115915e-12,
      0.9995457729556941
    ],
    [
      0.18778310924593053,
      0.8122168006434753,
      9.011059435687612e-08
    ],
    [
      0.9952437145896671,
      0.003980276014275495,
      0.0007760093960575503
    ],
    [
      0.9460662134890038,
      6.688101360753453e-05,
      0.0538669054973887
    ],
    [
      0.0005342252348584471,
      0.9994657747647245,
      4.1725925756390956e-13
    ],
    [
      0.001166099022207884,
      0.998833900975671,
      2.1212197218698257e-12
    ],
    [
      0.0005927523762608662,
      2.436274180878506e-12,
      0.999407247621303
    ],
    [
      0.03795685118211215,
      0.962043145995116,
      2.822771874472557e-09
    ],
    [
      0.0006569572749659237,
      2.932823806006134e-12,
      0.9993430427221016
    ],
    [
      0.0002635215118546308,
      0.9997364784880475,
      9.821864695974016e-14
    ],
    [
      0.9436324134723143,
      6.329482033256428e-05,
      0.056304291707353064
    ],
    [
      0.9905933806450546,
      0.009073249790831782,
      0.0003333695641134705
    ],
    [
      2.439975783038666e-05,
      4.9599696978952356e-15,
      0.9999756002421649
    ],
    [
      0.0023546124695256886,
      3.660517090953714e-11,
      0.9976453874938692
    ],
    [
      0.010817632442522094,
      0.9891823673504517,
      2.0702643923719505e-10
    ],
    [
      0.00047484565496062447,
      1.5696442757940795e-12,
      0.9995251543434699
    ],
    [
      0.0022056584368186174,
      0.9977943415551956,
      7.985905608212514e-12
    ],
    [
      0.9697936504559499,
      0.00012010877643544591,
      0.030086240767614722
    ],
    [
      0.9949087731561406,
      0.000814910758146743,
      0.004276316085712812
    ],
    [
      0.003315873827228508,
      7.175359923234059e-11,
      0.996684126101018
    ],
    [
      0.6118079973511946,
      4.4574155183000085e-06,
      0.38818754523328713
    ],
    [
      1.564272317184473e-05,
      0.999984357276828,
      3.0089710694612996e-16
    ],
    [
      0.9782911771704966,
      0.021580262216903602,
      0.00012856061259990844
    ],
    [
      0.0009091591129739209,
      0.9990908408857755,
      1.25042886852823e-12
    ],
    [
      0.21410520265079735,
      0.7858946749187083,
      1.2243049409955105e-07
    ],
    [
      0.3897153581850997,
      0.6102840896934235,
      5.52121476905427e-07
    ],
    [
      0.0001029009736214287,
      8.267358971013509e-14,
      0.9998970990262961
    ],
    [
      0.000555704215407917,
      2.203261134632955e-12,
      0.9994442957823889
    ],
    [
      1.5740540973671748e-05,
      2.1178880169314547e-15,
      0.9999842594590244
    ],
    [
      7.598180167149682e-06,
      0.9999924018198328,
      6.613585321900986e-17
    ],
    [
      1.2492001753435913e-05,
      1.3497971530815065e-15,
      0.9999875079982452
    ],
    [
      0.00011298941801921206,
      0.9998870105819632,
      1.7550962961301316e-14
    ],
    [
      0.13056390992106676,
      0.8694360494265171,
      4.065241621144323e-08
    ],
    [
      6.370382821848713e-05,
      0.9999362961717762,
      5.276654567377417e-15
    ],
    [
      0.5462989730661492,
      3.1158422085257895e-06,
      0.45369791109164254
    ],
    [
      0.058243266262035534,
      2.0054499819453524e-08,
      0.9417567136834647
    ],
    [
      0.9869200482164003,
      0.0002860383262109826,
      0.01279391345738894
    ],
    [
      0.9049984229456053,
      0.09497925445924485,
      2.2322595149626962e-05
    ],
    [
      4.772930444402917e-06,
      2.0975780775063243e-16,
      0.9999952270695555
    ],
    [
      0.0010172755515503978,
      0.9989827244468105,
      1.6392378287078453e-12
    ],
    [
      0.9953545741715322,
      0.0038320948402345424,
      0.0008133309882333883
    ],
    [
      0.0004528200569747678,
      0.9995471799427155,
      3.0988259693558616e-13
    ],
    [
      0.0004401645574800414,
      1.3670066837659067e-12,
      0.9995598354411529
    ],
    [
      0.9382436026251219,
      0.06171862910483042,
      3.7768270047601e-05
    ],
    [
      5.989261978883517e-05,
      0.9999401073802066,
      4.710520968785013e-15
    ],
    [
      0.0014325193591187772,
      1.3837468554078367e-11,
      0.9985674806270438
    ],
    [
      0.004187381772533026,
      0.9958126181982904,
      2.9176772836163284e-11
    ],
    [
      0.0006658665866142879,
      3.0961210728886604e-12,
      0.9993341334102896
    ],
    [
      0.0008221204097208063,
      0.9991778795892248,
      1.0545290556883874e-12
    ],
    [
      0.981808709789794,
      0.00019936829042248742,
      0.017991921919783625
    ],
    [
      0.0026181590294445034,
      4.500305124599595e-11,
      0.9973818409255525
    ],
    [
      0.01084796563659837,
      0.9891520341536245,
      2.0977728307364667e-10
    ],
    [
      0.015554043258458383,
      1.4656937826743481e-09,
      0.9844459552758478
    ],
    [
      0.0003223485705523084,
      7.665506357331334e-13,
      0.9996776514286814
    ],
    [
      0.0008115042266052746,
      4.479842893498665e-12,
      0.9991884957689148
    ],
    [
      0.0001282437458701054,
      0.999871756254107,
      2.296350669131449e-14
    ],
    [
      0.10068697870837992,
      6.044144658523545e-08,
      0.8993129608501732
    ],
    [
      6.977127303464531e-05,
      0.999930228726959,
      6.421091632785657e-15
    ],
    [
      0.0001629687488395371,
      2.0206758408643146e-13,
      0.9998370312509584
    ],
    [
      0.0002018626289468159,
      3.0246919266195014e-13,
      0.9997981373707507
    ],
    [
      8.531649565369193e-05,
      5.626404554857234e-14,
      0.99991468350429
    ],
    [
      0.07420843776918432,
      3.1212937727273215e-08,
      0.9257915310178781
    ],
    [
      0.16289514300638,
      0.8371047919348873,
      6.505873276584352e-08
    ],
    [
      0.9962671189503277,
      0.0023693017180539426,
      0.0013635793316183536
    ],
    [
      0.0005893913705953264,
      0.9994106086288943,
      5.104986262270304e-13
    ],
    [
      0.00019179287249668748,
      0.999808207127452,
      5.135528456232406e-14
    ],
    [
      0.07527555108108777,
      0.9247244367889962,
      1.2129915845414138e-08
    ],
    [
      0.9593687770599328,
      0.04056931544186216,
      6.190749820503348e-05
    ],
    [
      0.00012261493175225988,
      1.1740028638010256e-13,
      0.9998773850681303
    ],
    [
      0.991141046441069,
      0.008511103767369741,
      0.0003478497915613841
    ],
    [
      3.323252569204779e-06,
      1.0093889922518436e-16,
      0.9999966767474306
    ],
    [
      0.0008509803130353709,
      0.9991490196858498,
      1.1147811089441891e-12
    ],
    [
      0.000433877190649111,
      1.3254382809208684e-12,
      0.9995661228080256
    ],
    [
      0.002130491860995184,
      3.020760593211005e-11,
      0.9978695081087974
    ],
    [
      5.2462820079748555e-05,
      0.9999475371799168,
      3.585103722367431e-15
    ],
    [
      0.8962007909178876,
      3.1864764837333866e-05,
      0.10376734431727486
    ],
    [
      0.0003110970589732144,
      0.9996889029408859,
      1.4095911574024744e-13
    ],
    [
      4.967347740784136e-05,
      0.999950326522589,
      3.1471067317980587e-15
    ],
    [
      0.9744886296025491,
      0.00014142393216741634,
      0.025369946465283153
    ],
    [
      0.048029640553002954,
      0.9519703547955328,
      4.651464295472482e-09
    ],
    [
      0.9509866897539352,
      7.273057005689491e-05,
      0.04894057967600787
    ],
    [
      0.00011766890972397584,
      0.9998823310902574,
      1.8721540568524095e-14
    ],
    [
      0.679507046888703,
      0.320489532032987,
      3.4210783100079338e-06
    ],
    [
      0.00698363142893547,
      3.0647687704476917e-10,
      0.9930163682645877
    ],
    [
      1.2673794493500002e-05,
      1.3964329913278043e-15,
      0.9999873262055052
    ],
    [
      0.9870490636598263,
      0.012727148377897556,
      0.00022378796227619805
    ],
    [
      1.5718188154189224e-05,
      0.9999842818118458,
      3.0252815526356907e-16
    ],
    [
      0.0008540540199486559,
      0.9991459459789034,
      1.1480848699126505e-12
    ],
    [
      0.0031534741224762347,
      0.9968465258606534,
      1.6870714167711814e-11
    ],
    [
      0.0004213598809212083,
      0.9995786401188156,
      2.6333117050118873e-13
    ],
    [
      0.018449313196473312,
      1.9644723343886375e-09,
      0.9815506848390543
    ],
    [
      0.9962110171646407,
      0.0013908266127304954,
      0.002398156222629014
    ],
    [
      0.0011888380655526742,
      9.545639304731885e-12,
      0.9988111619249019
    ],
    [
      0.0004168371115914511,
      1.2597487694376553e-12,
      0.9995831628871487
    ],
    [
      1.1822051972209795e-05,
      1.2110354655573595e-15,
      0.9999881779480267
    ],
    [
      0.6853537074996617,
      6.725051721894792e-06,
      0.3146395674486165
    ],
    [
      0.0001385883250155625,
      1.4372754729569112e-13,
      0.9998614116748408
    ],
    [
      0.0015462436188527864,
      1.611397618744338e-11,
      0.9984537563650332
    ],
    [
      0.0008590857370271293,
      5.152680979852952e-12,
      0.9991409142578201
    ],
    [
      0.023676134420961684,
      0.9763238645271191,
      1.0519192830711067e-09
    ],
    [
      2.6175382600216756e-05,
      5.6188284977531215e-15,
      0.9999738246173943
    ],
    [
      0.0003893592009077237,
      0.9996106407988713,
      2.209943539948339e-13
    ],
    [
      0.00017276062713069941,
      0.9998272393728279,
      4.150657976526686e-14
    ],
    [
      0.00015056583873697743,
      1.746977494238839e-13,
      0.9998494341610885
    ],
    [
      0.9655788351734118,
      0.00010546887415592375,
      0.034315695952432286
    ],
    [
      0.0020168159700056846,
      0.9979831840233809,
      6.613428908222393e-12
    ],
    [
      0.0062162905221782635,
      2.4496780669135716e-10,
      0.9937837092328542
    ],
    [
      0.001069619152498667,
      0.9989303808457404,
      1.7610093829455028e-12
    ],
    [
      0.7535677602686376,
      0.24642667894905695,
      5.560782305401102e-06
    ],
    [
      0.0011744980776331297,
      9.4166124657247e-12,
      0.9988255019129504
    ],
    [
      5.127454687016197e-05,
      0.9999487254531264,
      3.4629599388018656e-15
    ],
    [
      0.9958793381414548,
      0.0030638347884344454,
      0.0010568270701109112
    ],
    [
      0.0008856542627030897,
      0.999114345736069,
      1.227924756240906e-12
    ],
    [
      0.6520860674494264,
      5.629338966328699e-06,
      0.3479083032116074
    ],
    [
      0.9958759027302923,
      0.0011225838678758657,
      0.0030015134018320437
    ],
    [
      0.25022617076938786,
      4.207564845876992e-07,
      0.7497734084741278
    ],
    [
      0.00767369868563137,
      3.5274530843540927e-10,
      0.9923263009616236
    ],
    [
      9.408523970451952e-06,
      7.758751283792401e-16,
      0.9999905914760289
    ],
    [
      0.0018460203940887738,
      0.9981539796004927,
      5.418423648117063e-12
    ],
    [
      0.0005104426492347859,
      1.8594407916468568e-12,
      0.9994895573489059
    ],
    [
      0.8756564516591259,
      0.12432760932942698,
      1.5939011447193773e-05
    ],
    [
      0.9918017577863807,
      0.007807540825591465,
      0.00039070138802798455
    ],
    [
      0.8708259362828109,
      0.12915881375217764,
      1.5249965011402216e-05
    ],
    [
      2.5196891326662984e-05,
      5.3392667203805444e-15,
      0.999974803108668
    ],
    [
      8.08624618684706e-05,
      5.1656028400449796e-14,
      0.9999191375380799
    ],
    [
      6.8860752014768916e-06,
      0.9999931139247985,
      5.475475169555171e-17
    ],
    [
      0.9396267764983988,
      0.06033422995375121,
      3.899354784999352e-05
    ],
    [
      0.003661287205242539,
      8.421547241059124e-11,
      0.996338712710542
    ],
    [
      0.3123960219030207,
      7.023187594618423e-07,
      0.6876032757782199
    ],
    [
      0.9592272739723089,
      9.087066452517732e-05,
      0.040681855363166194
    ],
    [
      0.0003226977506858651,
      7.407722513589337e-13,
      0.9996773022485732
    ],
    [
      0.004196949557714101,
      0.9958030504116911,
      3.059488581826814e-11
    ],
    [
      0.001768972937086998,
      0.9982310270579697,
      4.943542579143747e-12
    ],
    [
      9.283809024064854e-06,
      7.546170913692462e-16,
      0.9999907161909751
    ],
    [
      0.941155273240319,
      0.058803465248401555,
      4.126151127952941e-05
    ],
    [
      0.11630209681685605,
      0.8836978708044053,
      3.237873877202644e-08
    ],
    [
      0.00021982631720954737,
      0.9997801736827218,
      6.882955128729652e-14
    ],
    [
      2.7746337764512355e-07,
      8.193215704993558e-19,
      0.9999997225366223
    ],
    [
      0.8947902104929872,
      3.138751135886101e-05,
      0.10517840199565358
    ],
    [
      0.7788145625410989,
      1.1922856089598461e-05,
      0.2211735146028113
    ],
    [
      0.0002579220855106389,
      0.9997420779143943,
      9.491753942049857e-14
    ],
    [
      0.9040608073457278,
      0.09591670439343586,
      2.2488260836308846e-05
    ],
    [
      0.8604832476325556,
      2.235311832230717e-05,
      0.13949439924912208
    ],
    [
      0.0029621986792066094,
      0.9970378013061446,
      1.4648670862188522e-11
    ],
    [
      0.002282381807888309,
      3.4588369163544834e-11,
      0.9977176181575235
    ],
    [
      0.005846307355242637,
      2.0861255426002819e-10,
      0.9941536924361449
    ],
    [
      2.2941034181606115e-06,
      0.999997705896582,
      5.723976688279076e-18
    ],
    [
      0.000285962209214994,
      5.9025723425051e-13,
      0.9997140377901949
    ],
    [
      0.00029681435074987224,
      6.408843107337009e-13,
      0.9997031856486094
    ],
    [
      0.0007163400938290254,
      3.647551282093038e-12,
      0.9992836599025237
    ],
    [
      0.9963706603344895,
      0.0017301629265116469,
      0.0018991767389989961
    ],
    [
      0.0001784817521388724,
      2.36874894072934e-13,
      0.9998215182476242
    ],
    [
      0.9349698520630089,
      5.531546728492049e-05,
      0.06497483246970631
    ],
    [
      0.979981168682498,
      0.0001851892649865691,
      0.01983364205251577
    ],
    [
      0.8393000804479123,
      0.16068867353124036,
      1.1246020847358601e-05
    ],
    [
      0.9392781206943795,
      5.8525100261392104e-05,
      0.06066335420535892
    ],
    [
      0.6756321087939892,
      0.32436458423446224,
      3.306971548447093e-06
    ],
    [
      0.00010540921536021095,
      8.540079124748534e-14,
      0.9998945907845546
    ],
    [
      9.175529328399453e-05,
      0.9999082447067045,
      1.1453219774851659e-14
    ],
    [
      0.9894074955235509,
      0.010303290497243498,
      0.00028921397920567187
    ],
    [
      0.00020157836019807146,
      0.999798421639744,
      5.798608597608878e-14
    ],
    [
      0.0020113421048575126,
      2.6119763614476205e-11,
      0.9979886578690227
    ],
    [
      0.4205008168966197,
      1.4539613075789446e-06,
      0.5794977291420725
    ],
    [
      0.9737420096749229,
      0.00013903194023981614,
      0.026118958384837184
    ],
    [
      0.0015277169054127625,
      1.572202117431856e-11,
      0.9984722830788654
    ],
    [
      4.7065054418140706e-05,
      0.9999529349455789,
      2.907112365330497e-15
    ],
    [
      1.852497871673191e-05,
      2.9623652723585996e-15,
      0.9999814750212803
    ],
    [
      0.9962470907439627,
