{
  "dataset": "moons",
  "algorithm": "gmm",
  "params": {
    "n_components": 5,
    "covariance_type": "diag"
  },
  "labels": [
    3,
    0,
    3,
    4,
    4,
    3,
    3,
    4,
    4,
    1,
    0,
    2,
    3,
    4,
    3,
    3,
    1,
    0,
    3,
    3,
    1,
    1,
    4,
    3,
    4,
    1,
    1,
    2,
    4,
    3,
    1,
    3,
    1,
    2,
    0,
    3,
    3,
    0,
    2,
    0,
    3,
    4,
    1,
    2,
    0,
    0,
    0,
    0,
    3,
    0,
    4,
    2,
    4,
    3,
    2,
    4,
    4,
    0,
    2,
    4,
    1,
    4,
    3,
    1,
    4,
    0,
    1,
    0,
    2,
    3,
    3,
    3,
    4,
    4,
    3,
    4,
    4,
    4,
    1,
    1,
    2,
    4,
    1,
    4,
    3,
    4,
    2,
    1,
    3,
    4,
    3,
    1,
    3,
    3,
    1,
    3,
    4,
    0,
    1,
    0,
    2,
    1,
    0,
    4,
    3,
    0,
    3,
    2,
    3,
    4,
    4,
    3,
    3,
    0,
    1,
    4,
    2,
    2,
    4,
    0,
    2,
    2,
    3,
    4,
    2,
    2,
    3,
    2,
    4,
    3,
    0,
    4,
    1,
    4,
    4,
    0,
    2,
    0,
    0,
    4,
    0,
    2,
    1,
    4,
    4,
    4,
    0,
    2,
    4,
    1,
    0,
    4,
    0,
    0,
    1,
    3,
    0,
    2,
    3,
    0,
    4,
    3,
    3,
    0,
    1,
    1,
    0,
    0,
    1,
    4,
    0,
    4,
    1,
    4,
    4,
    2,
    3,
    2,
    4,
    3,
    3,
    2,
    3,
    4,
    1,
    4,
    3,
    4,
    2,
    4,
    1,
    3,
    3,
    4,
    4,
    2,
    4,
    0,
    4,
    3,
    1,
    0,
    2,
    2,
    4,
    2,
    2,
    4,
    1,
    3,
    4,
    4,
    3,
    4,
    4,
    3,
    3,
    2,
    3,
    2,
    3,
    4,
    0,
    2,
    4,
    3,
    2,
    1,
    4,
    0,
    4,
    4,
    1,
    0,
    3,
    3,
    3,
    4,
    4,
    2,
    3,
    2,
    1,
    0,
    3,
    4,
    4,
    0,
    3,
    4,
    1,
    4,
    1,
    2,
    3,
    3,
    4,
    3,
    4,
    1,
    4,
    4,
    3,
    4,
    4,
    2,
    1,
    4,
    3,
    4,
    2,
    2,
    2,
    3,
    4,
    3,
    3,
    3,
    3,
    4,
    4,
    2,
    3,
    2,
    4,
    3,
    4,
    1,
    3,
    4,
    3,
    4,
    3,
    3,
    4,
    2,
    4,
    1,
    1,
    1,
    1,
    2,
    4,
    4,
    4,
    2,
    4,
    2,
    4,
    4,
    3,
    2,
    3,
    3,
    4,
    4,
    1,
    4,
    3,
    3,
    4,
    1,
    0,
    1,
    4,
    4,
    4,
    2,
    2,
    3,
    4,
    0,
    0,
    0,
    4,
    4,
    3,
    3,
    2,
    4,
    0,
    2,
    1,
    3,
    2,
    0,
    1,
    1,
    2,
    4,
    4,
    3,
    0,
    4,
    1,
    4,
    2,
    3,
    2,
    2,
    4,
    4,
    2,
    0,
    0,
    0,
    4,
    3,
    2,
    1,
    0,
    1,
    2,
    4,
    4,
    4,
    1,
    4,
    0,
    4,
    4,
    1,
    0,
    3,
    1,
    4,
    3,
    0,
    4,
    0,
    3,
    1,
    1,
    2,
    4,
    1,
    3,
    3,
    2,
    2,
    2,
    3,
    1,
    4,
    1,
    1,
    3,
    3,
    4,
    2,
    4,
    4,
    2,
    3,
    2,
    3,
    4,
    4,
    0,
    3,
    0,
    1,
    1,
    0,
    1,
    4,
    2,
    0,
    4,
    3,
    3,
    4,
    3,
    1,
    0,
    3,
    4,
    2,
    0,
    3,
    4,
    3,
    4,
    4,
    3,
    1,
    4,
    3,
    1,
    3,
    2,
    0,
    3,
    0,
    1,
    2,
    3,
    4,
    1,
    2,
    4,
    4,
    0,
    3,
    2,
    4,
    0,
    4,
    1,
    4,
    4,
    1,
    2,
    3,
    4,
    3,
    3,
    4,
    4,
    4,
    4,
    4,
    3,
    4,
    3,
    0,
    1,
    3,
    2,
    1,
    4,
    1,
    0,
    2,
    4,
    4,
    4,
    3,
    3,
    4
  ],
  "means": [
    {
      "x": 0.8933088897526755,
      "y": 0.42448901448630094
    },
    {
      "x": 1.8852099211275466,
      "y": 0.09602492502833973
    },
    {
      "x": -0.8534462636457487,
      "y": 0.4727784946132292
    },
    {
      "x": 0.8961888384806246,
      "y": -0.4324877739979212
    },
    {
      "x": 0.08295358802232003,
      "y": 0.6680706253459783
    }
  ],
  "probabilities": [
    [
      0.005583979847862047,
      1.7389168266161258e-07,
      2.7524426258529044e-20,
      0.9928239763956309,
      0.0015918698648244782
    ],
    [
      0.9053620431510204,
      3.300495936804089e-07,
      1.6424608570407663e-19,
      1.362237376096895e-13,
      0.09463762679924964
    ],
    [
      0.0008083023081411649,
      2.9038867299801708e-05,
      2.4208461770684054e-26,
      0.999076109390784,
      8.654943377514882e-05
    ],
    [
      1.3514148347042146e-10,
      1.7634763145563197e-26,
      0.0009323319697969633,
      1.8934160341637806e-18,
      0.9990676678950616
    ],
    [
      0.00019288705934607573,
      2.02006872923898e-16,
      6.822146248960638e-11,
      6.147182083403152e-23,
      0.9998071128724326
    ],
    [
      9.8731857299646e-05,
      0.0011121259107145242,
      2.318225985880279e-31,
      0.9987788954094692,
      1.024682251673934e-05
    ],
    [
      0.0061655746014757295,
      0.00013846892977858327,
      4.9383539489084795e-26,
      0.9934734650379339,
      0.00022249143081191705
    ],
    [
      3.134254652082082e-07,
      2.1007382378914975e-21,
      4.818569453907404e-07,
      1.3735050579967226e-21,
      0.9999992047175895
    ],
    [
      0.27516447240371267,
      8.124937213248296e-11,
      1.20634710218641e-12,
      1.8354655604690438e-09,
      0.724835525678366
    ],
    [
      2.3152083296697342e-07,
      0.7255012367623579,
      2.550275881484081e-43,
      0.27449843321268547,
      9.850412377463665e-08
    ],
    [
      0.9387137066952388,
      0.00021163851657903193,
      3.2170852475522944e-22,
      0.05071746906995562,
      0.010357185718226667
    ],
    [
      5.658003026852821e-17,
      5.198387969879428e-34,
      0.828850846656899,
      4.401689257465802e-09,
      0.1711491489414119
    ],
    [
      1.5530283966346243e-07,
      0.09117669163242549,
      5.674477134299856e-41,
      0.9088229955384148,
      1.5752631975109315e-07
    ],
    [
      0.0015537766118359597,
      1.8315179635160526e-15,
      4.714770378002189e-09,
      3.3514153948026267e-12,
      0.9984462186700405
    ],
    [
      0.0001455905880302822,
      0.0006870438602763571,
      1.3367157242811119e-30,
      0.99915317048819,
      1.4195063503542726e-05
    ],
    [
      0.00013137700549946477,
      0.0006630373890923959,
      1.212546574297185e-30,
      0.9991919314482673,
      1.3654157140792622e-05
    ],
    [
      1.7245981137953469e-09,
      0.9999994579225377,
      1.9697722482564526e-50,
      5.3207244632696e-07,
      8.280417942367244e-09
    ],
    [
      0.9844853904277543,
      4.882398989205468e-06,
      1.2295696484793946e-20,
      6.429186698850372e-07,
      0.015509084254586952
    ],
    [
      0.00018156842741454907,
      4.711321106437433e-11,
      5.1820259700079565e-16,
      0.9956623079471529,
      0.004156123578318948
    ],
    [
      1.2337138482566901e-06,
      0.3985890287628083,
      5.854391758592563e-41,
      0.6014094344275467,
      3.030957966294839e-07
    ],
    [
      6.631975731604475e-09,
      0.9999962680113674,
      5.530353863765538e-49,
      3.7121738918708063e-06,
      1.3182765191631977e-08
    ],
    [
      5.065994054857364e-12,
      0.9999999193089952,
      5.372862137953679e-56,
      7.988829692630594e-08,
      7.976419877804289e-10
    ],
    [
      7.696073341802792e-09,
      4.433520754362453e-23,
      0.0019522632051548047,
      0.00015392428910398348,
      0.9978938048096679
    ],
    [
      0.008777257508175759,
      3.4627736191269053e-06,
      1.702734722654833e-22,
      0.9904085454664068,
      0.0008107342517984745
    ],
    [
      0.09644500535697818,
      6.25907270557329e-12,
      1.9343694098224287e-11,
      2.0262308017555235e-09,
      0.9035549925911881
    ],
    [
      5.798558190512057e-07,
      0.9999990913228828,
      4.2033191342803993e-45,
      1.4159496390251776e-08,
      3.146618016178799e-07
    ],
    [
      2.925591091497117e-06,
      0.999993276100244,
      4.1643978030672196e-43,
      3.3544605444074604e-06,
      4.4384812027628585e-07
    ],
    [
      2.6601666568101363e-23,
      2.80055571932854e-41,
      0.9902554357503611,
      2.614750601160913e-10,
      0.009744563988163894
    ],
    [
      1.3975510867073231e-05,
      1.8376442983884607e-18,
      1.5863883078024947e-09,
      9.309254861106651e-24,
      0.999986022902745
    ],
    [
      0.00011544381033653835,
      1.871514322045733e-13,
      6.70704814791746e-12,
      0.964810100587061,
      0.03507445559570835
    ],
    [
      4.119530143319883e-10,
      0.9995694923109228,
      4.9701019841965215e-51,
      0.00043050501090385835,
      2.26622058075401e-09
    ],
    [
      6.156043170628681e-05,
      2.2581994786314605e-14,
      1.1330916024692773e-10,
      0.9347997778579472,
      0.06513866159701488
    ],
    [
      5.898409354975038e-11,
      0.9885024686435652,
      3.3052039548119717e-52,
      0.011497530404613694,
      8.928370566902528e-10
    ],
    [
      9.42402901108174e-17,
      2.5492669086107215e-34,
      0.590364912719482,
      2.0635687504822965e-15,
      0.40963508728051595
    ],
    [
      0.9873762225048172,
      2.7917839442773384e-05,
      3.539081144426008e-21,
      0.0008941207355455217,
      0.011701738920194788
    ],
    [
      1.7025628004835557e-05,
      2.4207155352453837e-13,
      1.8803840357608676e-13,
      0.9903561245173408,
      0.009626849854224299
    ],
    [
      0.0011929086509880208,
      0.00043576760249859777,
      1.7560603147500364e-28,
      0.9983176198226632,
      5.370392385021026e-05
    ],
    [
      0.8261628603597037,
      2.9857273366074966e-08,
      2.1762220008687684e-17,
      1.0947971974704198e-12,
      0.17383710978192815
    ],
    [
      7.271786660170686e-26,
      2.4406314669371466e-44,
      0.9953181056428296,
      2.6259635005917208e-12,
      0.004681894354544382
    ],
    [
      0.6523506076961502,
      4.5653671180263495e-09,
      5.073098732740837e-16,
      3.417119976478268e-13,
      0.3476493877381405
    ],
    [
      1.5378525010460817e-05,
      0.0013966412061506566,
      7.680658888553956e-33,
      0.9985830200543405,
      4.960214498559321e-06
    ],
    [
      7.186914037553136e-07,
      5.027420395920341e-21,
      6.103454071250746e-06,
      3.855513902095333e-15,
      0.9999931778545211
    ],
    [
      5.28021280847553e-07,
      0.9999991101802095,
      4.831969189973615e-45,
      1.4221990991731537e-07,
      2.1957859974510496e-07
    ],
    [
      1.5116107040022628e-22,
      2.0023109866483127e-40,
      0.986924679235175,
      3.654622502314891e-10,
      0.013075320399362956
    ],
    [
      0.9628864851297553,
      1.118465596541812e-06,
      2.574937162095618e-18,
      0.0015751199793537743,
      0.03553727642529446
    ],
    [
      0.7583052662858752,
      2.5524271514421143e-08,
      1.5531270772784366e-17,
      2.6332457922315035e-14,
      0.2416947081898269
    ],
    [
      0.9552668616093973,
      0.0018268877582695952,
      4.559766990515795e-24,
      0.03625100053500406,
      0.006655250097328908
    ],
    [
      0.9935027397320563,
      0.0010155448155692252,
      1.7600824809585992e-24,
      8.796131625328482e-05,
      0.005393754136121504
    ],
    [
      7.272484189683544e-06,
      0.006473123728087037,
      4.668678733094285e-35,
      0.993517628455776,
      1.97533194733976e-06
    ],
    [
      0.9677954220590356,
      8.520012974532393e-07,
      1.8679056745653433e-18,
      0.00014150440597684367,
      0.03206222153369027
    ],
    [
      7.952976431610821e-05,
      1.2236867846593354e-17,
      1.9709884737123423e-08,
      1.129401270227295e-16,
      0.999920450525799
    ],
    [
      9.721371442873613e-27,
      9.770856785535668e-46,
      0.9920107278457282,
      2.857105420281372e-17,
      0.007989272154271863
    ],
    [
      2.513451212998429e-09,
      1.1407338900926089e-24,
      0.00010033258452964143,
      4.55628374961773e-19,
      0.9998996649020192
    ],
    [
      0.00023190025710315344,
      0.01178696348108609,
      6.991689252828971e-33,
      0.9879708050277429,
      1.0331234067970692e-05
    ],
    [
      1.986102475112675e-23,
      1.222839285563037e-41,
      0.9887888331412902,
      3.581865686346714e-12,
      0.01121116685512809
    ],
    [
      0.3017698888907322,
      2.236098949154069e-10,
      3.1404373936098605e-14,
      8.098038178962427e-14,
      0.6982301108855457
    ],
    [
      4.007731641345689e-11,
      3.278795111024214e-27,
      0.002258084283602986,
      4.4703502247131004e-18,
      0.9977419156763199
    ],
    [
      0.9681152042480003,
      1.5289540290855799e-06,
      1.2425257618043623e-18,
      0.0012027794899354593,
      0.03068048730803514
    ],
    [
      1.1443130992915985e-27,
      3.5763846928891366e-46,
      0.9975864128399322,
      3.5028883765588636e-11,
      0.002413587125038981
    ],
    [
      0.0009187510852197787,
      1.5449982123707025e-15,
      1.5060029129678894e-10,
      7.572258923581946e-19,
      0.9990812487641784
    ],
    [
      4.4268577006636885e-08,
      0.9999952613402251,
      3.7957178422353754e-47,
      4.658543716000929e-06,
      3.5847481896081834e-08
    ],
    [
      2.989421676920156e-09,
      9.054626429179776e-24,
      0.003711136499915749,
      3.848102975785739e-05,
      0.9962503794809048
    ],
    [
      0.00012204362894221043,
      3.7036790353725845e-14,
      1.6853203610012098e-10,
      0.9068109593809897,
      0.09306699682149905
    ],
    [
      1.3405843729925038e-08,
      0.9989905145649228,
      1.3223941612994236e-47,
      0.0010094586781332722,
      1.335109999635863e-08
    ],
    [
      0.0006871281744749185,
      5.530155131883371e-16,
      1.6094309687115325e-09,
      4.4264172999825683e-16,
      0.9993128702160933
    ],
    [
      0.9624964218685151,
      4.456658090408086e-07,
      5.361031215115047e-19,
      8.799593916476709e-09,
      0.037503123666081974
    ],
    [
      1.0262012214061521e-09,
      0.9950359003577369,
      9.81424313806851e-50,
      0.0049640951364700175,
      3.4795919944964545e-09
    ],
    [
      0.6734560230437665,
      2.0797116182848412e-09,
      1.744601094820711e-14,
      1.131241707058246e-08,
      0.32654396356408727
    ],
    [
      4.913982095051239e-22,
      4.6089674114486986e-39,
      0.9827351082082426,
      1.6533198250005854e-05,
      0.017248358593507478
    ],
    [
      0.000179559440014478,
      0.0009291605900019925,
      9.931803845729601e-31,
      0.9988767457217879,
      1.4534248195720884e-05
    ],
    [
      0.0004864632696859267,
      5.877132077133238e-07,
      3.453065143655095e-23,
      0.9992661589528468,
      0.0002467900642597182
    ],
    [
      0.0011891924420858904,
      1.3921161926247986e-08,
      2.310700521976369e-19,
      0.9974223089051651,
      0.0013884847315873635
    ],
    [
      3.187198325401954e-07,
      1.003689361804141e-20,
      0.0001401394613323028,
      0.00024100760685948089,
      0.9996185342119758
    ],
    [
      0.00020786941612257226,
      1.4720876048290833e-16,
      4.03402491247087e-07,
      2.1476585411221796e-05,
      0.9997702505959749
    ],
    [
      0.0013688636479586172,
      8.449163591099628e-13,
      5.3418093398952886e-11,
      0.8337510675030072,
      0.164880068794771
    ],
    [
      0.05431493123565416,
      5.614068155051005e-11,
      2.5933138643550985e-11,
      0.29082387040045365,
      0.6548611982818182
    ],
    [
      1.2482351684755858e-07,
      6.81590993700131e-22,
      0.0002316594848801453,
      2.6229686090484417e-08,
      0.999768189461917
    ],
    [
      0.18745633053876615,
      3.076245277994276e-11,
      2.4994368139852867e-12,
      3.423671197882466e-10,
      0.8125436690856048
    ],
    [
      7.6407391410757e-07,
      0.8937230424714832,
      1.1248031080983482e-42,
      0.10627602154785376,
      1.7190674875075605e-07
    ],
    [
      8.41558592844131e-10,
      0.9990736214806109,
      3.094962285985741e-50,
      0.0009263745278434022,
      3.149987069845233e-09
    ],
    [
      4.094007046133493e-25,
      5.330597603875897e-44,
      0.98344748596972,
      4.555957629345396e-18,
      0.01655251403028018
    ],
    [
      0.00578011927308684,
      4.0598518146351085e-14,
      2.980417148237655e-11,
      6.352755932013466e-17,
      0.9942198806970685
    ],
    [
      2.0824572862177162e-07,
      0.9999995316270933,
      3.037052730676773e-46,
      9.432658981501718e-10,
      2.5918391184459076e-07
    ],
    [
      1.7059522693462467e-12,
      6.022974902725469e-29,
      0.05093923800965794,
      1.173375927025823e-13,
      0.9490607619885187
    ],
    [
      0.016260162697916136,
      2.618814242428475e-10,
      1.1386708128767345e-13,
      0.902735796228634,
      0.08100404081145449
    ],
    [
      0.007127583175907896,
      7.375665828052637e-14,
      1.1659464701558303e-11,
      1.2892214481830139e-17,
      0.992872416812359
    ],
    [
      1.560119395451165e-18,
      2.1937021982325434e-36,
      0.8253058843609307,
      3.2881247010501165e-15,
      0.17469411563906603
    ],
    [
      7.189232757021716e-05,
      0.9145589607693261,
      2.106369846349283e-38,
      0.08536606287257978,
      3.0840305238173905e-06
    ],
    [
      0.00022576629388454964,
      6.515752167463438e-14,
      1.950787272403957e-10,
      0.8778301463593088,
      0.12194408715166283
    ],
    [
      3.5702899463569847e-10,
      1.864096691436602e-25,
      0.011098200741450338,
      4.317524106384117e-08,
      0.9889017557262796
    ],
    [
      0.0022231329212917526,
      1.9939374062984197e-05,
      3.354742059235346e-25,
      0.9975784744075655,
      0.00017845329707985984
    ],
    [
      9.163870331441615e-14,
      0.9999707223547738,
      3.8324668996430247e-59,
      2.9277564873957523e-05,
      8.026071538378471e-11
    ],
    [
      0.025454950532526967,
      2.7896285846751634e-07,
      2.3961809698766507e-19,
      0.9697474758638102,
      0.004797294640804392
    ],
    [
      0.005357357004474009,
      2.0008047426303333e-11,
      1.794706901887703e-12,
      0.8884252004420392,
      0.10621744253168405
    ],
    [
      0.009355126033856636,
      0.5124560130061394,
      8.769090845293581e-33,
      0.4780662416012919,
      0.000122619358712172
    ],
    [
      0.00013086112258304622,
      1.8360026660731672e-09,
      4.6532911524073825e-19,
      0.9986686119048906,
      0.001200525136523787
    ],
    [
      0.26120799676819845,
      6.976252379916539e-11,
      2.2306615886114e-12,
      1.2605323936075884e-08,
      0.7387919905544844
    ],
    [
      0.9733661147613152,
      2.0814624042442135e-06,
      1.5643053970769397e-20,
      5.867746358151348e-10,
      0.026631803189505924
    ],
    [
      8.175305302873023e-11,
      0.8628673102921045,
      4.9998231896985393e-51,
      0.13713268823192776,
      1.3942148686695065e-09
    ],
    [
      0.9309487458206496,
      0.0009084776268787326,
      2.0465996896099142e-23,
      0.06037974399389561,
      0.007763032558576175
    ],
    [
      6.246040910089893e-24,
      6.100575709352927e-41,
      0.9899055251069555,
      8.959716947327727e-05,
      0.01000487772357122
    ],
    [
      2.261732155593621e-07,
      0.8050912003598364,
      1.5115236127835469e-43,
      0.1949084818504404,
      9.161650771154393e-08
    ],
    [
      0.9350903495500963,
      1.2899960116159733e-07,
      5.66097953053949e-17,
      4.335357355579467e-05,
      0.06486616787674682
    ],
    [
      0.0012478988884548061,
      1.0538410653050452e-13,
      2.3260101180428895e-09,
      0.4754957949498466,
      0.5232563038355831
    ],
    [
      0.0003335517676248944,
      2.206071013969492e-12,
      4.5180023804096505e-13,
      0.9758859464847348,
      0.0237805017449825
    ],
    [
      0.8912248832015506,
      4.2555004725079e-06,
      6.777716533705443e-22,
      2.9536814544223305e-16,
      0.10877086129797678
    ],
    [
      0.0012848955786589002,
      1.3621488123320885e-13,
      1.554072368988328e-09,
      0.5319336904574218,
      0.46678141240971077
    ],
    [
      1.4935576480297792e-28,
      1.9042982843540464e-46,
      0.9981286189760012,
      5.840741760056375e-07,
      0.001870796949822895
    ],
    [
      8.856146436453788e-05,
      1.688502049842933e-13,
      4.967396279959488e-12,
      0.9702111188088318,
      0.029700319721667534
    ],
    [
      3.5651874650921536e-05,
      3.1171934283996315e-18,
      4.630694813635304e-08,
      7.178163139863804e-17,
      0.9999643018184009
    ],
    [
      7.582926723617035e-13,
      1.5649559359253028e-29,
      0.017282968775852104,
      2.5125591923427977e-18,
      0.9827170312233897
    ],
    [
      5.787402191304521e-06,
      0.32134638319902514,
      2.5840083351570028e-39,
      0.6786470536324433,
      7.757663399901263e-07
    ],
    [
      0.002459435394066837,
      9.064052840985697e-10,
      1.799814458863841e-16,
      0.9905266165790839,
      0.007013947120443743
    ],
    [
      0.9912019080809913,
      0.00045758440682749506,
      2.0462546339317698e-23,
      0.0016999021593204543,
      0.006640605352860916
    ],
    [
      5.084488743444673e-13,
      0.9998158897017448,
      2.3448965492168847e-57,
      0.00018411017041971428,
      1.273271904955725e-10
    ],
    [
      4.6861127391086474e-05,
      7.739356900296372e-17,
      9.419476350406221e-07,
      0.03260436351138683,
      0.9673478334135868
    ],
    [
      5.678324206602994e-26,
      1.3404759517920825e-43,
      0.9961400097680759,
      1.1933755291544085e-06,
      0.003858796856394922
    ],
    [
      1.8726634504715236e-32,
      4.1035776405417377e-50,
      0.9986518885261566,
      5.3732316959638325e-05,
      0.001294379156883741
    ],
    [
      9.438795814850001e-06,
      3.156644710374628e-19,
      3.184020942564699e-07,
      4.704601584863412e-16,
      0.9999902428020905
    ],
    [
      0.9821758732398993,
      3.6656571567858195e-06,
      6.601969183483918e-20,
      3.73092954319714e-05,
      0.0177831518075119
    ],
    [
      1.807055557789625e-32,
      3.13767286142154e-51,
      0.9991729135547737,
      2.0012410518155104e-10,
      0.000827086245102241
    ],
    [
      7.71729844061048e-19,
      2.996315097032073e-36,
      0.9285615853205847,
      5.406852190044575e-10,
      0.07143841413873013
    ],
    [
      0.0003099903474674184,
      4.30484621839729e-11,
      1.4359319535860397e-15,
      0.9939100946245051,
      0.0057799149849778655
    ],
    [
      7.923559523772691e-07,
      5.8452835608397596e-21,
      7.085723196839826e-06,
      1.3516377061417747e-14,
      0.9999921219208372
    ],
    [
      1.3533068742436984e-25,
      6.725279175912075e-44,
      0.9954992216734728,
      4.5626076189763516e-11,
      0.004500778280900991
    ],
    [
      5.119206351624315e-21,
      6.478647882850215e-39,
      0.969524794235016,
      7.618605757063135e-12,
      0.030475205757365405
    ],
    [
      7.390946588176862e-05,
      0.0010971386310884993,
      1.4609064644023227e-31,
      0.9988199382461755,
      9.013656854319561e-06
    ],
    [
      1.0065377952223445e-22,
      5.122974289070174e-41,
      0.9810159390678065,
      8.188359062634369e-14,
      0.018984060932111538
    ],
    [
      2.3931137485486207e-07,
      9.854693662947322e-22,
      3.789192576680615e-05,
      5.881386130643291e-13,
      0.9999618687622704
    ],
    [
      0.0008804879909962713,
      2.9130626948738636e-11,
      2.0028276022348763e-14,
      0.984267286587804,
      0.014852225392048907
    ],
    [
      0.9254763252173215,
      1.1222664327159955e-05,
      1.0254174580835323e-19,
      0.05085657552055352,
      0.023655876597797738
    ],
    [
      0.0001260315391974117,
      3.1342853756745684e-17,
      5.730116859878182e-09,
      9.808824227564675e-18,
      0.9998739627306859
    ],
    [
      1.6925991715291894e-13,
      0.9998759499764404,
      2.0615073921215685e-58,
      0.00012404993662851153,
      8.676216441995453e-11
    ],
    [
      4.441931752825857e-05,
      8.929726436474948e-18,
      1.9027009544279758e-06,
      2.654639265266338e-06,
      0.9999510233422519
    ],
    [
      2.2725388981350735e-16,
      4.960009559067409e-34,
      0.01578088516435965,
      7.564940386898386e-28,
      0.9842191148356401
    ],
    [
      0.6539466456641791,
      2.5586275855440973e-09,
      3.303674373862368e-15,
      2.7234102295022633e-11,
      0.34605335174995583
    ],
    [
      7.816521371753732e-19,
      2.4221524724488703e-36,
      0.9218728004125645,
      7.582092102527745e-11,
      0.07812719951161452
    ],
    [
      0.9743046301943846,
      0.021109306951397476,
      6.87105809819375e-27,
      9.314318785191771e-05,
      0.004492919666365977
    ],
    [
      0.9867815273065362,
      1.596879569913846e-05,
      7.71531605276293e-21,
      0.0003701219718149762,
      0.0128323819259497
    ],
    [
      6.477321918348213e-05,
      2.036484775965295e-17,
      1.3658657747096373e-06,
      1.287793535606078e-05,
      0.9999209829796858
    ],
    [
      0.9469050581385042,
      1.5093198650969675e-07,
      8.88417482376149e-18,
      1.6229131579037135e-07,
      0.0530946286381935
    ],
    [
      2.244745889543177e-27,
      2.907413005084507e-45,
      0.9975620136977928,
      2.2446159414879618e-07,
      0.002437761840613167
    ],
    [
      9.725980367639818e-14,
      0.999999996432135,
      9.320742107138479e-60,
      3.24664396259843e-09,
      3.21123640475809e-10
    ],
    [
      0.042681199508566,
      1.2420353933369646e-12,
      1.9707857174281248e-11,
      2.669534334346644e-12,
      0.9573188004678146
    ],
    [
      0.015654204333886947,
      2.4669996603181497e-13,
      1.5675530694370034e-09,
      6.796617564175049e-06,
      0.9843389974807492
    ],
    [
      9.828338307845933e-07,
      2.6957319864021025e-20,
      6.0768868790780127e-05,
      5.198426739673828e-06,
      0.9999330498706388
    ],
    [
      0.9917300706309394,
      6.4192232167086e-05,
      1.478777965488234e-22,
      5.690689072996393e-06,
      0.008200046447820446
    ],
    [
      1.3939140636200946e-23,
      2.422158104267609e-41,
      0.9919525343672602,
      1.4015359942761273e-08,
      0.008047451617379981
    ],
    [
      3.439244072640686e-05,
      6.675099185950028e-18,
      2.5316462934466665e-06,
      6.378427916765863e-06,
      0.9999566974850634
    ],
    [
      1.2899502309531863e-06,
      0.7628977621541262,
      8.150822602938414e-42,
      0.23710068527281788,
      2.6262282495117044e-07
    ],
    [
      0.986749027975032,
      0.0018925751530818329,
      2.1518251057297103e-24,
      0.005576696268756363,
      0.005781700603130069
    ],
    [
      2.145504382086976e-07,
      9.256540237168387e-22,
      2.3418975785642335e-06,
      2.2562989858426844e-19,
      0.9999974435519833
    ],
    [
      0.9865899392368683,
      8.524724689146474e-06,
      9.486450990444972e-21,
      1.4738292708608545e-05,
      0.013386797745733864
    ],
    [
      0.9865784206407582,
      1.0219534110001806e-05,
      1.0638457017597065e-20,
      6.969397052625199e-05,
      0.01334166585460559
    ],
    [
      1.6004114662172758e-12,
      0.9999508482108401,
      1.7761504526286549e-56,
      4.9151563622038124e-05,
      2.239373701592674e-10
    ],
    [
      0.00046784546575945985,
      1.0736900960190685e-05,
      7.864326358056612e-26,
      0.9994309165474431,
      9.050108583715766e-05
    ],
    [
      0.9882076080812702,
      0.0002509711647150831,
      8.573854680612515e-23,
      0.0037105033429286286,
      0.007830917411086172
    ],
    [
      1.7804662226752555e-35,
      8.28456239116795e-55,
      0.9991998508962028,
      9.75743491644299e-14,
      0.0008001491036994363
    ],
    [
      0.014619691812956755,
      0.00022171081623973747,
      1.1715268277652976e-25,
      0.9847653332244226,
      0.00039326414638082385
    ],
    [
      0.9658368885348642,
      5.471829685380359e-07,
      2.3934451175048885e-18,
      1.897070701937324e-05,
      0.034143593575148
    ],
    [
      1.0432691202984233e-10,
      1.4475592432366743e-26,
      0.00014917663165325048,
      6.00844855947428e-23,
      0.9998508232640201
    ],
    [
      0.0006333926486973408,
      2.2313894737782568e-11,
      1.7866553060835757e-14,
      0.9864917604919724,
      0.012874846836998655
    ],
    [
      0.00033422651723783126,
      0.3063268926189407,
      1.7083553892050961e-35,
      0.6933280517628999,
      1.0829100921447723e-05
    ],
    [
      0.9814026833403316,
      3.162445499595262e-06,
      1.659819926627817e-20,
      5.804796417804534e-08,
      0.01859409616620475
    ],
    [
      3.777371795131651e-07,
      0.9968526951160931,
      3.242136914072515e-44,
      0.0031468372982821897,
      8.984844523577755e-08
    ],
    [
      2.8472534847862673e-11,
      0.9999930714177272,
      4.865089647407399e-54,
      6.927644915544965e-06,
      9.088846260263998e-10
    ],
    [
      0.9809243022036014,
      3.872230351338097e-06,
      9.772409225331493e-20,
      0.00017560717747744036,
      0.018896218388570134
    ],
    [
      0.9900200505952403,
      2.615483247130978e-05,
      9.289531932059875e-22,
      8.816937277966757e-06,
      0.00994497763501037
    ],
    [
      3.648451526459387e-07,
      0.9931257697131286,
      4.2317092476401573e-44,
      0.006873775866347599,
      8.957537102689366e-08
    ],
    [
      8.499935591471626e-10,
      2.4721409591417363e-25,
      0.00013960410828759443,
      4.9100206338626135e-20,
      0.999860395041719
    ],
    [
      0.9713469417853586,
      0.02401882481856302,
      6.795634167810326e-27,
      0.0002149524183392994,
      0.004419280977739071
    ],
    [
      1.4899754297536544e-06,
      1.645819812361787e-20,
      1.5278274170598643e-06,
      1.1960876854789293e-16,
      0.9999969821971532
    ],
    [
      0.0005136574422049641,
      0.9994402380245393,
      1.002229808374841e-37,
      3.345069593031161e-05,
      1.265383732550534e-05
    ],
    [
      1.533966652451039e-05,
      2.6920527089757863e-18,
      7.028927905980988e-10,
      1.15061829892577e-24,
      0.9999846596305828
    ],
    [
      1.1265256486969082e-05,
      1.0519485862711644e-18,
      3.789809976462959e-09,
      6.06454264440324e-23,
      0.9999887309537031
    ],
    [
      6.228101628726597e-22,
      3.6814448357690305e-40,
      0.9717049783296139,
      3.866696099661544e-14,
      0.028295021670347538
    ],
    [
      0.0002424177939582743,
      3.0547453973126223e-09,
      3.7338930437410746e-19,
      0.9986114287213613,
      0.0011461504299350605
    ],
    [
      3.3470554764884384e-16,
      1.3026305706115394e-33,
      0.5457159773607276,
      1.624901033909841e-14,
      0.4542840226392561
    ],
    [
      8.193605226700353e-09,
      6.3207038020517415e-24,
      0.00027621580598252964,
      1.4320795519758726e-14,
      0.999723776000398
    ],
    [
      0.0013670330449005786,
      3.779448918362259e-08,
      4.170195288791459e-20,
      0.9975843638767775,
      0.001048565283832865
    ],
    [
      0.012126896292320812,
      0.0002385332974600063,
      6.809765277038284e-26,
      0.9873014577463869,
      0.0003331126638322458
    ],
    [
      1.7908479248519927e-24,
      8.55300121522344e-43,
      0.9925004801563589,
      3.596094064541327e-12,
      0.007499519840044866
    ],
    [
      1.642242049333351e-05,
      0.012969125344011756,
      3.382560769610367e-35,
      0.9870122324791066,
      2.219756388512221e-06
    ],
    [
      1.2921299086316462e-08,
      2.437178841123891e-22,
      0.0009521795080500091,
      0.007094444913416723,
      0.9919533626572343
    ],
    [
      5.121401190437625e-10,
      0.9246936022869476,
      1.2744462302014447e-49,
      0.075306394162758,
      3.0381540339318035e-09
    ],
    [
      2.564418852665399e-07,
      1.0298536684328585e-21,
      1.3991680433859233e-05,
      2.597291352647795e-15,
      0.9999857518776782
    ],
    [
      0.00033993047331478527,
      1.6403645089733912e-06,
      2.5366363215986666e-24,
      0.9995044554099132,
      0.00015397375226319215
    ],
    [
      0.10659827660660845,
      9.866040615199353e-12,
      2.5423311617134655e-12,
      2.2885320341548454e-12,
      0.8934017233786945
    ],
    [
      1.5440277119320023e-20,
      3.9770665776398623e-38,
      0.9693948908837655,
      1.0429212880102593e-09,
      0.03060510807331336
    ],
    [
      2.235553935167213e-16,
      5.318389521585142e-34,
      0.3432185139077666,
      3.316854867203947e-18,
      0.6567814860922334
    ],
    [
      1.3628711351563748e-11,
      0.999999877046109,
      4.655830319147617e-55,
      1.218207643210265e-07,
      1.1194983433973147e-09
    ],
    [
      0.001154758162840802,
      1.1804608469501935e-06,
      3.298165031176502e-23,
      0.9985535430654199,
      0.00029051831089247656
    ],
    [
      0.0003753363378880554,
      0.0026733282028167486,
      4.120931387867468e-31,
      0.996933651729575,
      1.7683729720238618e-05
    ],
    [
      1.5101857587368323e-08,
      7.553637645326206e-23,
      0.001329415184047717,
      1.7104942512319463e-05,
      0.9986534647715825
    ],
    [
      5.217516724961563e-07,
      4.213618737463727e-21,
      5.294156339093583e-07,
      1.4814259793107683e-20,
      0.9999989488326936
    ],
    [
      1.034305349081684e-30,
      2.8322755526473714e-48,
      0.9982559214789914,
      5.02803414515296e-05,
      0.0016937981795574425
    ],
    [
      2.5696152831963713e-10,
      4.3257463574984063e-26,
      0.0008773422538676569,
      1.339885258623121e-17,
      0.9991226574891708
    ],
    [
      0.8278453182925227,
      1.3535723104602677e-08,
      2.6077081248229554e-16,
      2.554847800056037e-10,
      0.17215466791626918
    ],
    [
      6.08110787747906e-13,
      1.1516555659511791e-29,
      0.0070958893451285275,
      5.582732440897219e-21,
      0.9929041106542632
    ],
    [
      0.00021929355548294075,
      3.1363009522238356e-08,
      4.115287369044388e-21,
      0.9992404833014221,
      0.0005401917800855665
    ],
    [
      1.0733183838150672e-07,
      0.9570165372470167,
      7.959171741190389e-45,
      0.04298330629007388,
      4.913107112637894e-08
    ],
    [
      0.6020014390516226,
      2.4809704890762716e-09,
      1.6777835062452088e-15,
      8.505745255763316e-13,
      0.39799855846655435
    ],
    [
      6.867182183835224e-30,
      6.82062290280939e-47,
      0.9950461103865349,
      0.0014426852705565953,
      0.003511204342908639
    ],
    [
      1.18108000122635e-20,
      3.761398079108875e-39,
      0.7712463145782021,
      2.0951929404926326e-21,
      0.2287536854217979
    ],
    [
      1.796902971928506e-14,
      1.1657870379377494e-31,
      0.05344298257930675,
      6.747989636447997e-20,
      0.9465570174206752
    ],
    [
      1.1320542422171148e-18,
      5.517630011693868e-36,
      0.9261944144624107,
      2.226850459736085e-09,
      0.0738055833107388
    ],
    [
      1.9600908025711723e-17,
      9.69869288193225e-35,
      0.8412265303083241,
      8.248078890023665e-11,
      0.15877346960919517
    ],
    [
      0.24856061977280686,
      1.3724479297651324e-10,
      8.194892267483068e-12,
      0.00029419683117751753,
      0.751145183250576
    ],
    [
      1.4717626468353969e-08,
      0.9999911356266797,
      3.881364601087156e-48,
      8.831168211043551e-06,
      1.8487482629924037e-08
    ],
    [
      0.0005319731615509108,
      2.3491147706575415e-09,
      1.8879889690863776e-18,
      0.9977625618956766,
      0.0017054625936577595
    ],
    [
      1.3695479955644207e-08,
      1.764679278108904e-23,
      0.0006133245315918888,
      5.2775486618437794e-11,
      0.9993866617201528
    ],
    [
      3.4271999738842615e-07,
      2.297222544669061e-21,
      5.732477704797297e-07,
      3.8914283092515375e-21,
      0.999999084032232
    ],
    [
      5.061907598148526e-05,
      9.297702575807712e-13,
      8.589776367035385e-14,
      0.990414886280766,
      0.009534494642236869
    ],
    [
      2.6339541932855474e-06,
      3.899554370442984e-18,
      2.516168259592822e-06,
      0.3488673132993063,
      0.651127536578241
    ],
    [
      0.025156623877535516,
      4.718350161917397e-13,
      5.796945689440054e-10,
      4.302645311637236e-07,
      0.974842945277767
    ],
    [
      8.837678792772297e-05,
      9.647733212709818e-08,
      2.3175477917797428e-22,
      0.9994842328634758,
      0.0004272938712641858
    ],
    [
      0.0010287944317741245,
      0.011818332027550183,
      1.5034307174006393e-31,
      0.9871246642203653,
      2.8209320310527058e-05
    ],
    [
      3.339687757337223e-23,
      4.513060665205278e-41,
      0.9903471214634947,
      1.406155671033287e-09,
      0.009652877130349697
    ],
    [
      0.00126467220350247,
      6.8312223441956e-09,
      1.0255600410507457e-18,
      0.9968524621964646,
      0.0018828587688106298
    ],
    [
      2.2319875914863464e-34,
      1.5637684825658531e-52,
      0.9992494880155326,
      1.910487975917431e-06,
      0.0007486014964916951
    ],
    [
      0.00013843780393690974,
      4.7009015400872286e-05,
      5.2405764673819995e-28,
      0.9997794008966999,
      3.5152283962211795e-05
    ],
    [
      0.00010141614877314529,
      5.16607539173445e-17,
      8.692662538379824e-07,
      4.723296435432498e-05,
      0.9998504816206188
    ],
    [
      0.9908614882316769,
      0.00021878787317015886,
      3.913646835842281e-24,
      1.1087234684195918e-08,
      0.008919712807918163
    ],
    [
      2.1006661877535233e-21,
      1.3284561891780953e-39,
      0.9612783526665551,
      1.44828269125053e-14,
      0.03872164733343046
    ],
    [
      7.339871139009559e-08,
      1.5546303488978917e-22,
      2.8928265797504762e-05,
      4.816591830785791e-16,
      0.9999709983354907
    ],
    [
      0.0008756112270832708,
      5.030432209073297e-08,
      1.1300862111154707e-20,
      0.9983852840352715,
      0.0007390544333232922
    ],
    [
      9.299859797419186e-30,
      5.893540373732214e-48,
      0.9986748784520694,
      4.5887332469412185e-08,
      0.0013250756605981875
    ],
    [
      4.223606496535044e-05,
      0.9799076468868073,
      2.78509276391812e-39,
      0.020048172697652633,
      1.9443505749359177e-06
    ],
    [
      5.122535305334499e-06,
      9.241049532434552e-19,
      1.2849018397580153e-05,
      0.0012251470116553763,
      0.9987568814346417
    ],
    [
      0.9070014336247582,
      4.150015978924533e-08,
      8.514850043678638e-17,
      4.055563493120406e-08,
      0.09299848431944703
    ],
    [
      8.958742522336219e-06,
      3.5432794688950436e-19,
      8.814713721689363e-08,
      1.6919716568117671e-18,
      0.9999909531103405
    ],
    [
      0.02512645133642874,
      3.719468527479459e-13,
      1.1521978914785536e-10,
      5.2518488606447805e-11,
      0.974873548495461
    ],
    [
      2.218380166736832e-10,
      0.9584296503406858,
      1.3048626217641295e-50,
      0.041570347574296444,
      1.863179617201618e-09
    ],
    [
      0.9781910734685456,
      1.9515714668596128e-06,
