{
  "dataset": "moons",
  "algorithm": "gmm",
  "params": {
    "n_components": 5,
    "covariance_type": "full"
  },
  "labels": [
    3,
    0,
    3,
    4,
    4,
    3,
    3,
    4,
    0,
    1,
    0,
    2,
    1,
    4,
    3,
    3,
    1,
    0,
    3,
    1,
    1,
    1,
    4,
    3,
    4,
    1,
    1,
    2,
    4,
    3,
    1,
    3,
    1,
    2,
    0,
    3,
    3,
    0,
    2,
    0,
    3,
    4,
    1,
    2,
    0,
    0,
    0,
    0,
    1,
    0,
    4,
    2,
    4,
    1,
    2,
    0,
    4,
    0,
    2,
    4,
    1,
    4,
    3,
    1,
    4,
    0,
    1,
    0,
    2,
    3,
    3,
    3,
    4,
    4,
    3,
    3,
    4,
    0,
    1,
    1,
    2,
    4,
    1,
    4,
    3,
    0,
    2,
    1,
    3,
    4,
    3,
    1,
    3,
    3,
    1,
    3,
    0,
    0,
    1,
    0,
    2,
    1,
    0,
    3,
    3,
    0,
    3,
    2,
    3,
    4,
    4,
    1,
    3,
    0,
    1,
    4,
    2,
    2,
    4,
    0,
    2,
    2,
    3,
    4,
    2,
    2,
    3,
    2,
    4,
    3,
    0,
    4,
    1,
    4,
    4,
    0,
    2,
    0,
    0,
    4,
    0,
    2,
    1,
    0,
    4,
    4,
    0,
    2,
    4,
    1,
    0,
    4,
    0,
    0,
    1,
    3,
    0,
    2,
    3,
    0,
    4,
    3,
    1,
    0,
    1,
    1,
    0,
    0,
    1,
    4,
    0,
    4,
    1,
    4,
    4,
    2,
    3,
    2,
    4,
    3,
    3,
    2,
    1,
    4,
    1,
    4,
    3,
    0,
    2,
    2,
    1,
    3,
    1,
    4,
    4,
    2,
    4,
    0,
    4,
    3,
    1,
    0,
    2,
    2,
    2,
    2,
    2,
    4,
    1,
    3,
    4,
    4,
    3,
    3,
    4,
    3,
    1,
    2,
    3,
    2,
    3,
    4,
    0,
    2,
    4,
    3,
    2,
    1,
    4,
    0,
    4,
    4,
    1,
    0,
    3,
    3,
    3,
    4,
    4,
    2,
    3,
    2,
    1,
    0,
    3,
    0,
    0,
    0,
    3,
    2,
    1,
    3,
    1,
    2,
    3,
    1,
    4,
    3,
    2,
    1,
    4,
    4,
    3,
    4,
    4,
    2,
    1,
    4,
    1,
    4,
    2,
    2,
    2,
    3,
    4,
    3,
    1,
    3,
    3,
    4,
    4,
    2,
    1,
    2,
    4,
    1,
    4,
    1,
    3,
    4,
    3,
    4,
    3,
    3,
    4,
    2,
    3,
    1,
    1,
    1,
    1,
    2,
    4,
    2,
    4,
    2,
    4,
    2,
    4,
    4,
    3,
    2,
    1,
    1,
    4,
    4,
    1,
    4,
    3,
    3,
    4,
    1,
    0,
    1,
    0,
    4,
    4,
    2,
    2,
    3,
    4,
    0,
    0,
    0,
    2,
    4,
    1,
    3,
    2,
    4,
    0,
    2,
    1,
    3,
    2,
    0,
    1,
    1,
    2,
    4,
    4,
    1,
    0,
    4,
    1,
    4,
    2,
    1,
    2,
    2,
    4,
    4,
    2,
    0,
    0,
    0,
    4,
    3,
    2,
    1,
    0,
    1,
    2,
    4,
    4,
    4,
    1,
    4,
    0,
    4,
    4,
    1,
    0,
    3,
    1,
    0,
    3,
    0,
    4,
    0,
    1,
    1,
    1,
    2,
    3,
    1,
    1,
    3,
    2,
    2,
    2,
    3,
    1,
    4,
    1,
    1,
    3,
    3,
    4,
    2,
    2,
    0,
    2,
    3,
    2,
    3,
    4,
    4,
    0,
    1,
    0,
    1,
    1,
    0,
    1,
    4,
    2,
    0,
    4,
    1,
    3,
    4,
    3,
    1,
    0,
    3,
    4,
    2,
    0,
    3,
    0,
    3,
    4,
    4,
    3,
    1,
    4,
    3,
    1,
    3,
    2,
    0,
    3,
    0,
    1,
    2,
    1,
    2,
    1,
    2,
    2,
    0,
    0,
    3,
    2,
    4,
    0,
    4,
    1,
    2,
    4,
    1,
    2,
    3,
    4,
    1,
    3,
    4,
    4,
    2,
    4,
    4,
    3,
    4,
    3,
    0,
    1,
    3,
    2,
    1,
    4,
    1,
    3,
    2,
    4,
    4,
    4,
    3,
    1,
    4
  ],
  "means": [
    {
      "x": 0.844463855127329,
      "y": 0.4825546622005233
    },
    {
      "x": 1.7717391623737337,
      "y": -0.03769289843215886
    },
    {
      "x": -0.8039427653231904,
      "y": 0.5231317036757147
    },
    {
      "x": 0.6804281638961986,
      "y": -0.4077969160862357
    },
    {
      "x": 0.07313074275345893,
      "y": 0.6865274328051201
    }
  ],
  "probabilities": [
    [
      0.0008528236124393602,
      0.00022165132640957635,
      1.0779264002640273e-29,
      0.998297522804924,
      0.0006280022562271104
    ],
    [
      0.991209742241283,
      2.9787369949109294e-14,
      2.1294482437484628e-16,
      1.388748123421751e-15,
      0.008790257758685954
    ],
    [
      0.0035482256201777853,
      0.04770998335044047,
      1.8525839111577075e-38,
      0.9487235723927858,
      1.82186365959522e-05
    ],
    [
      4.715798783873101e-06,
      2.5379032572260746e-45,
      0.0656603997704682,
      4.563599839732573e-13,
      0.9343348844302917
    ],
    [
      0.1965305109520517,
      7.051701894425173e-33,
      4.7043174752420456e-06,
      4.759951620361264e-21,
      0.8034647847304732
    ],
    [
      0.006759110720161899,
      0.43805734411488306,
      2.408638124004797e-45,
      0.5551828727136957,
      6.724512595910401e-07
    ],
    [
      0.06078792832709289,
      0.06614647692846645,
      3.976309216778299e-36,
      0.872999677472262,
      6.591727217886157e-05
    ],
    [
      0.004327903455825969,
      6.080219969890267e-40,
      0.0008890398218794846,
      1.1360843111479723e-17,
      0.9947830567222946
    ],
    [
      0.7638384325728069,
      7.17404940744035e-18,
      6.187622009152226e-12,
      4.368307049605228e-09,
      0.2361615630526986
    ],
    [
      0.00024653859316704915,
      0.9994305065615167,
      3.428403387580159e-57,
      0.000322954807541761,
      3.7774540700060226e-11
    ],
    [
      0.9948695962133564,
      0.00017882381423345395,
      6.727091507231181e-28,
      0.004073139966711469,
      0.0008784400056988093
    ],
    [
      1.425626148325948e-16,
      2.535062243005903e-45,
      0.9679332346118182,
      7.688960665864308e-05,
      0.03198987578152295
    ],
    [
      0.0013772442615234178,
      0.8750120548995137,
      1.3056997012671381e-58,
      0.12361070027248985,
      5.664730788115402e-10
    ],
    [
      0.05492283320597004,
      1.4323263411640055e-25,
      2.2449546972996376e-07,
      3.766234900471537e-10,
      0.9450769419219368
    ],
    [
      0.006946731711720455,
      0.35867431120107707,
      2.8547917413108374e-44,
      0.6343777744862367,
      1.182600965695611e-06
    ],
    [
      0.0061955515930620765,
      0.354648824427826,
      1.9183044706980236e-44,
      0.6391545194857956,
      1.1044933163418662e-06
    ],
    [
      1.0747196135267928e-09,
      0.9999999989252171,
      1.0286791304374178e-54,
      2.2057352714146172e-15,
      6.100775573385451e-14
    ],
    [
      0.9983948396603369,
      3.641032866803849e-09,
      1.0491034382660341e-21,
      2.40723257970453e-08,
      0.0016051326263044868
    ],
    [
      3.3212096998986786e-07,
      3.174723754662856e-06,
      1.9141469107780263e-25,
      0.9970473576383084,
      0.002949135516967118
    ],
    [
      0.001000720853489906,
      0.9962300301685769,
      2.365131673363815e-55,
      0.0027692487114330797,
      2.665001557221184e-10
    ],
    [
      1.4625262184167286e-08,
      0.9999999853743756,
      3.221135639101481e-54,
      1.282286046617543e-13,
      2.3396022228217165e-13
    ],
    [
      4.2672762948865064e-13,
      0.9999999999995731,
      5.279338750947345e-60,
      2.190471458316484e-18,
      2.7582178075759237e-16
    ],
    [
      2.5059416140484047e-10,
      3.081575824379468e-27,
      0.0002019247270716601,
      0.03974202446146475,
      0.9600560505608693
    ],
    [
      0.007832968325699812,
      0.002482309530461195,
      4.469634626886919e-32,
      0.9893880817053863,
      0.00029664043845263496
    ],
    [
      0.4743022468726703,
      3.618833147044353e-19,
      1.2122613344293212e-10,
      1.7562520657876513e-08,
      0.5256977354435829
    ],
    [
      1.1840287017247764e-07,
      0.9999998815699702,
      3.900224711018007e-46,
      2.240184697245543e-16,
      2.7159681358870664e-11
    ],
    [
      6.359419459147431e-06,
      0.999993640479201,
      7.350093780774846e-47,
      2.142503266423272e-12,
      9.919725144741448e-11
    ],
    [
      5.447275608340423e-23,
      2.875972907658302e-54,
      0.9995809905997384,
      8.629197249424078e-06,
      0.0004103802030122495
    ],
    [
      0.06373968339735886,
      1.6907469250434923e-36,
      5.121463330818023e-05,
      4.9765026167160255e-21,
      0.936209101969333
    ],
    [
      4.04145000486399e-08,
      8.433709334921002e-10,
      6.059222149887171e-19,
      0.9797841906462832,
      0.020215768095845885
    ],
    [
      3.9816751744946454e-08,
      0.9999999598894388,
      3.791596734999351e-60,
      2.937650938096927e-10,
      4.432626032747777e-14
    ],
    [
      1.2103638137101232e-08,
      5.033301512749455e-11,
      3.7874199484029595e-17,
      0.9658643564632762,
      0.034135631382752885
    ],
    [
      2.6682444485565096e-07,
      0.9999994906787811,
      1.2585052934083418e-64,
      2.424967358725142e-07,
      3.814622803692742e-14
    ],
    [
      7.36544231781654e-13,
      1.0288958175375289e-53,
      0.9478832438028254,
      1.8754168039234044e-09,
      0.05211675432102161
    ],
    [
      0.9986236447817922,
      1.8933669781641967e-06,
      6.8093582731772275e-25,
      7.00118845556171e-05,
      0.0013044499666741366
    ],
    [
      2.7597218430221494e-09,
      1.8489463470686542e-07,
      3.9186681738322365e-22,
      0.9880044622474571,
      0.011995350098186542
    ],
    [
      0.03181133380422586,
      0.2308367173296152,
      5.228991461062111e-40,
      0.7373424233213993,
      9.525544759713021e-06
    ],
    [
      0.9844514900959808,
      8.397813463018841e-16,
      4.117363340093742e-15,
      4.223021449616059e-14,
      0.015548509903972206
    ],
    [
      4.345431951857524e-24,
      1.9153956596039647e-60,
      0.9998531867766891,
      8.672550152184667e-07,
      0.00014594596829570618
    ],
    [
      0.9685930449835076,
      1.583697102521737e-17,
      1.1318245522647906e-13,
      2.6526094747698425e-14,
      0.031406955016352864
    ],
    [
      0.0015156516294833288,
      0.44302891558115004,
      3.382120315585629e-49,
      0.5554552782672761,
      1.545220906261068e-07
    ],
    [
      0.00044894941836434184,
      3.170315976021563e-35,
      0.00046129196796268403,
      1.7714769706612785e-11,
      0.9990897585959584
    ],
    [
      2.773748238927594e-07,
      0.99999972260537,
      2.280896403576438e-47,
      6.879003369898955e-15,
      1.97995174915324e-11
    ],
    [
      2.9737750737105e-22,
      3.5070795873630597e-53,
      0.9993335800697719,
      1.0892132935129528e-05,
      0.0006555277972929477
    ],
    [
      0.9872723517505722,
      9.245498419777609e-08,
      1.0656077188390443e-21,
      0.0007565128010864806,
      0.011971042993357413
    ],
    [
      0.9795395340296236,
      1.0897354022140376e-16,
      1.988457373392674e-14,
      6.568814259410545e-16,
      0.02046046597035582
    ],
    [
      0.9982843684666185,
      0.0007593738422944395,
      7.029767840051074e-30,
      0.0007380163706153935,
      0.0002182413204719819
    ],
    [
      0.9997946095779136,
      2.4701664558833334e-05,
      1.7903778752013397e-27,
      5.663379356385107e-07,
      0.0001801224195919918
    ],
    [
      0.0027069860518532897,
      0.6516483683990701,
      2.5511436814864575e-51,
      0.34564460995710866,
      3.5591967879387017e-08
    ],
    [
      0.9919351653465629,
      1.0878514032324566e-08,
      4.6506143156484174e-21,
      4.146806766615112e-05,
      0.008023355707257006
    ],
    [
      0.03241151262217447,
      1.900246223831605e-31,
      1.1781589422987573e-05,
      5.445149784965276e-14,
      0.967576705788348
    ],
    [
      5.1688115527984616e-21,
      1.8184460228211995e-68,
      0.9993415503367974,
      2.898840374592635e-09,
      0.0006584467643623221
    ],
    [
      5.6884040739235715e-05,
      3.60767201488778e-43,
      0.015774101246515036,
      3.7247639946616256e-14,
      0.9841690147127086
    ],
    [
      0.02693200104129779,
      0.8340479542229879,
      1.8637456130284448e-45,
      0.13901973666602607,
      3.0806968814295154e-07
    ],
    [
      1.2652303845687978e-21,
      2.2376338108288706e-57,
      0.9994454289378774,
      9.024434675573936e-07,
      0.0005536686186550777
    ],
    [
      0.9133977625199586,
      6.21068662213866e-20,
      9.021559843588005e-12,
      2.5442982989198414e-14,
      0.08660223747099444
    ],
    [
      1.4654120757551536e-06,
      4.3810907546108255e-46,
      0.11204104340014685,
      1.534637723197398e-12,
      0.8879574911862427
    ],
    [
      0.9905611313155102,
      1.0607494820903678e-07,
      5.4442665716525375e-22,
      0.0004593990606119987,
      0.008979363548929519
    ],
    [
      4.915045793634045e-27,
      8.483834465997158e-61,
      0.9999594587217385,
      2.6886614416224167e-06,
      3.785261681981783e-05
    ],
    [
      0.25112214523552157,
      1.3648631525013138e-29,
      9.526146299068247e-07,
      4.614329458433659e-17,
      0.7488769021498484
    ],
    [
      1.0809323014649763e-07,
      0.999999891904905,
      3.9236179046597024e-52,
      4.643156382966537e-13,
      1.4003659775838234e-12
    ],
    [
      2.2728856370355423e-10,
      8.238559597369118e-29,
      0.0007429974008798145,
      0.018418196416393928,
      0.9808388059554377
    ],
    [
      3.390452659462166e-08,
      2.443960440060298e-11,
      9.548533886408127e-17,
      0.9590627808491686,
      0.04093718522186518
    ],
    [
      1.012425704573912e-06,
      0.9999989838737628,
      1.0781957635042344e-56,
      3.6997404933847e-09,
      7.919522385977976e-13
    ],
    [
      0.11872014141876623,
      1.0118222467206972e-28,
      1.2130634871110825e-06,
      5.910620313360655e-14,
      0.8812786455176875
    ],
    [
      0.9956407175080921,
      1.0387499791893753e-11,
      8.758134044407957e-19,
      4.4783353347484777e-10,
      0.004359282033686835
    ],
    [
      6.203767310555557e-07,
      0.9999993269121333,
      8.916345290786978e-61,
      5.271096124097257e-08,
      1.7455796017816317e-13
    ],
    [
      0.931965226235439,
      2.152257070816413e-15,
      2.929306199517257e-14,
      6.938138479534574e-09,
      0.0680347668263911
    ],
    [
      6.043396019680881e-26,
      1.3295993675714218e-43,
      0.9970615416577543,
      0.0018912291604076164,
      0.0010472291818380709
    ],
    [
      0.010044930430997983,
      0.40442378798881967,
      4.3823771456317278e-44,
      0.585530061517352,
      1.2200628303540378e-06
    ],
    [
      0.0001308493738128009,
      0.005983890162474601,
      1.8282433162402925e-35,
      0.9938148074902512,
      7.045297346136331e-05
    ],
    [
      4.1078276895584764e-05,
      0.00010694576670435708,
      1.771152261176002e-29,
      0.9992428148357593,
      0.0006091611206408263
    ],
    [
      1.2408034862512762e-08,
      1.688321466937692e-24,
      6.810702554730006e-06,
      0.032448693743027834,
      0.9675444831463825
    ],
    [
      7.245982184567321e-05,
      2.9040507999685467e-21,
      3.230113691887742e-08,
      0.001603173813988553,
      0.9983243340630289
    ],
    [
      1.5257434963132619e-06,
      4.8690322434474556e-11,
      5.661462696167024e-17,
      0.9444633707642656,
      0.05553510344354781
    ],
    [
      0.001019057754601292,
      6.170901112648062e-11,
      6.211399596849816e-16,
      0.6994182578893059,
      0.29956268429438276
    ],
    [
      5.125903738954173e-07,
      1.842432994993101e-30,
      0.00030119125546777283,
      3.721432954607051e-05,
      0.9996610818246123
    ],
    [
      0.7192948924249791,
      6.735892575017719e-19,
      2.7085962141560852e-11,
      1.061692845902412e-09,
      0.28070510648624214
    ],
    [
      0.00020631856427974404,
      0.9997595480662519,
      6.686714014691818e-55,
      3.413331812166879e-05,
      5.134681332176316e-11
    ],
    [
      1.2888398758975485e-07,
      0.9999998694756449,
      7.625834071160297e-60,
      1.640275643738266e-09,
      9.200262500837866e-14
    ],
    [
      5.072073882140503e-19,
      1.9447736186488342e-67,
      0.9982742460149756,
      5.57327411871736e-10,
      0.0017257534276968688
    ],
    [
      0.4383494386257957,
      1.4102525041981892e-26,
      7.415957447997682e-08,
      1.1701118808857808e-15,
      0.5616504872146287
    ],
    [
      1.0560634906094373e-08,
      0.9999999894280261,
      4.2651334241068285e-46,
      1.8549027482985455e-18,
      1.1339204353502456e-11
    ],
    [
      2.6936397481795257e-09,
      9.511878559857388e-45,
      0.4031301292956928,
      2.0968106495590008e-08,
      0.596869847042561
    ],
    [
      0.00013953636303520872,
      1.2351204532201005e-08,
      3.765256856058512e-20,
      0.9708510760855315,
      0.02900937520022888
    ],
    [
      0.5055372163018242,
      1.4283767814180284e-26,
      5.284146126693339e-08,
      1.5191680713357903e-16,
      0.4944627308567142
    ],
    [
      1.0767845006090234e-14,
      8.230939594741643e-56,
      0.9823729133400623,
      4.3400674177732835e-09,
      0.017627082319859627
    ],
    [
      0.002371218528318823,
      0.9976027106004846,
      1.464601628593106e-48,
      2.606886845860029e-05,
      2.002738040513708e-09
    ],
    [
      8.685852598801864e-08,
      1.716250408403872e-11,
      1.5888490278242668e-16,
      0.9523622257347152,
      0.04763768738959618
    ],
    [
      1.3545399804221029e-09,
      2.0013903926502027e-34,
      0.017296534899903557,
      0.00021158983323840523,
      0.982491873912318
    ],
    [
      0.007026795089060672,
      0.023583654647238442,
      3.045065308911179e-36,
      0.9693410867887751,
      4.846347492604431e-05
    ],
    [
      1.8133265801586795e-12,
      0.99999999999815,
      3.002455296703926e-67,
      3.692940844236939e-14,
      4.04861946579217e-17
    ],
    [
      0.004978082347145727,
      8.004307401219594e-05,
      1.4959273203942936e-27,
      0.9929212797669841,
      0.002020594811858062
    ],
    [
      1.7137883660720692e-05,
      1.1650656184044235e-09,
      8.586915403274085e-19,
      0.963042494580751,
      0.03694036637052301
    ],
    [
      0.09908691083302067,
      0.8999389497306777,
      3.8912520323573764e-42,
      0.0009737575269674061,
      3.8190933425164314e-07
    ],
    [
      8.84759679542126e-07,
      0.0004487437591477054,
      9.648926707576986e-31,
      0.9988246282167763,
      0.0007257432643967544
    ],
    [
      0.688340259229509,
      2.4525957014422058e-17,
      5.454515057800873e-12,
      4.4006100465151335e-08,
      0.31165969675893607
    ],
    [
      0.9975047563850798,
      3.203016897718301e-11,
      1.7769209004077413e-19,
      9.268661445352232e-12,
      0.002495243573621349
    ],
    [
      8.250979296017656e-06,
      0.9998151234628544,
      1.762788243898841e-66,
      0.0001766255575771224,
      2.724144419830112e-13
    ],
    [
      0.9968273794905625,
      0.0006179143415741366,
      2.121994639671789e-29,
      0.0021928297021879335,
      0.0003618764656756747
    ],
    [
      1.8191599402703046e-29,
      1.3228581560926965e-43,
      0.9986116250118472,
      0.0011198895271107908,
      0.00026848546104239746
    ],
    [
      0.0001827603903784377,
      0.9996786297268275,
      5.802226145092741e-57,
      0.00013860985336850391,
      2.942551932360961e-11
    ],
    [
      0.9786036618928274,
      4.015377927393691e-10,
      5.708623260200271e-19,
      2.3334184239592035e-05,
      0.02137300352139512
    ],
    [
      1.656121396619225e-06,
      5.427300663724914e-13,
      2.4456137066989865e-14,
      0.8320467483642184,
      0.1679515955138177
    ],
    [
      2.8897291007946524e-07,
      7.312604414173228e-09,
      1.7120543784491492e-20,
      0.9871354876162016,
      0.012864216098283998
    ],
    [
      0.9846979478383332,
      4.895938879957656e-13,
      1.3669940950635034e-16,
      4.863103409855274e-19,
      0.015302052161177412
    ],
    [
      1.5855806337190118e-06,
      9.461436772690456e-13,
      1.2109417300244617e-14,
      0.8531616857318706,
      0.14683672868653747
    ],
    [
      8.561196024962606e-33,
      8.863936814590618e-54,
      0.999953527574141,
      3.941497526436266e-05,
      7.057450594754416e-06
    ],
    [
      2.7603862579760706e-08,
      1.3248719623572998e-09,
      3.232350392657569e-19,
      0.9814249205547517,
      0.018575050516513862
    ],
    [
      0.019614361971091326,
      1.9980011666436005e-32,
      2.4792373606863382e-05,
      5.3811988234421846e-14,
      0.980360845655248
    ],
    [
      6.783938029275738e-08,
      1.1412750104892481e-49,
      0.38546250688176986,
      2.819335432677766e-12,
      0.6145374252760304
    ],
    [
      0.0020396273296884957,
      0.9945567951042502,
      4.0513828060125925e-53,
      0.0034035766303979823,
      9.356631547952074e-10
    ],
    [
      2.6100355032322674e-05,
      1.6730023223170888e-06,
      7.024891022372189e-25,
      0.9967080555625728,
      0.0032641710800726397
    ],
    [
      0.9996213122999567,
      4.284572975372755e-05,
      1.1160206704182161e-27,
      3.3656950277002504e-05,
      0.000302185020012694
    ],
    [
      7.378456661670607e-11,
      0.999999999921208,
      1.0931301760338746e-66,
      5.007277190913426e-12,
      2.6606586961572707e-16
    ],
    [
      1.7915301216833592e-07,
      1.0061018427911934e-17,
      7.783743255513734e-10,
      0.37446306922599065,
      0.6255367508426228
    ],
    [
      6.771694678648344e-30,
      3.225305735361916e-50,
      0.99982638360125,
      0.0001300305566079406,
      4.3585842142095e-05
    ],
    [
      7.293183646628574e-41,
      2.41465718111155e-53,
      0.9999933980032166,
      6.2838620210539775e-06,
      3.181347622907802e-07
    ],
    [
      0.005242236270356909,
      2.4613805446473828e-33,
      7.070829275893904e-05,
      7.106966967022602e-13,
      0.9946870554361734
    ],
    [
      0.9973807328414883,
      2.6224420420844368e-08,
      2.8246902254757057e-22,
      3.8550620435594706e-06,
      0.0026153858720478393
    ],
    [
      5.559633709859467e-33,
      1.9814152402656985e-65,
      0.9999940308359815,
      3.600360426176884e-06,
      2.3688035924523046e-06
    ],
    [
      3.830965232682192e-18,
      7.779036801507359e-49,
      0.9919275962960709,
      1.703232723717783e-05,
      0.008055371376691841
    ],
    [
      6.521370661874523e-07,
      9.708645871649314e-07,
      1.8377614439154505e-24,
      0.9963338456813309,
      0.0036645313170159282
    ],
    [
      0.0003548945647827814,
      9.757646371677574e-35,
      0.00040368197451551985,
      5.577995695554123e-11,
      0.9992414234049218
    ],
    [
      6.902318591818084e-25,
      3.7550584501473114e-58,
      0.9998785800036208,
      3.258473435767626e-06,
      0.00011816152294344848
    ],
    [
      2.749232507014481e-19,
      4.03271793276179e-54,
      0.997767265693142,
      1.2133327976110557e-06,
      0.0022315209740604454
    ],
    [
      0.005234574098122601,
      0.43506769859702205,
      6.8029414042529146e-46,
      0.5596971913139965,
      5.35990858860689e-07
    ],
    [
      1.0998452242494322e-19,
      5.9659213990805156e-59,
      0.9987564396374122,
      9.684117710380527e-08,
      0.0012434635214107518
    ],
    [
      4.62900223064556e-05,
      1.6501739614346117e-34,
      0.0007523386570551764,
      2.919497321525709e-09,
      0.999201368401141
    ],
    [
      2.109582895348947e-06,
      7.299845752206941e-08,
      2.963719230353053e-22,
      0.9924618657617983,
      0.007535951656848989
    ],
    [
      0.9723303946894523,
      1.622580049214078e-05,
      8.59571098508179e-25,
      0.020867465506031017,
      0.006785914004024993
    ],
    [
      0.062452312726268916,
      1.7831197759748704e-31,
      8.177911072691958e-06,
      3.236988013951904e-15,
      0.9375395093626552
    ],
    [
      1.744481461621469e-11,
      0.9999999999812719,
      1.5701094999641526e-67,
      1.2833937382595862e-12,
      1.0583702202931807e-16
    ],
    [
      3.065779093326815e-05,
      1.3923083940648674e-23,
      4.119999765526455e-07,
      0.0003984273059479293,
      0.9995705029031422
    ],
    [
      1.1107178103421182e-07,
      2.3724863383893113e-63,
      0.410018749550412,
      1.4738647890729164e-19,
      0.5899811393778067
    ],
    [
      0.9597431446295593,
      6.3292714110871e-17,
      8.631131676767253e-14,
      5.324128006900593e-12,
      0.040256855365030306
    ],
    [
      1.423480829560537e-17,
      3.6955878666568917e-50,
      0.9916434855580024,
      4.728666487911137e-06,
      0.008351785775509775
    ],
    [
      0.9992221705853632,
      0.0007100633067712005,
      9.000574762927498e-30,
      1.1289839101402365e-07,
      6.765320947483575e-05
    ],
    [
      0.9984042522382047,
      6.029067265774908e-07,
      3.6881773277846754e-24,
      3.1193646967495627e-05,
      0.0015639512081014888
    ],
    [
      2.3907343328659797e-05,
      1.8593595654275998e-22,
      1.466178374104903e-07,
      0.0013595534728985665,
      0.9986163925659357
    ],
    [
      0.9913632666265267,
      1.0602966866668713e-11,
      2.4903903764883815e-18,
      2.3645990333807395e-08,
      0.008636709716879907
    ],
    [
      8.447889513120405e-31,
      2.3894113689343434e-53,
      0.9999334027195808,
      4.956765715612665e-05,
      1.70296232631114e-05
    ],
    [
      2.1929471185942194e-16,
      1.0,
      2.109158367466123e-62,
      2.971636640892155e-22,
      5.9709059834407855e-18
    ],
    [
      0.5336161716236324,
      5.608924064190785e-22,
      1.5194603371420588e-09,
      2.4280596142634208e-11,
      0.4663838268326264
    ],
    [
      0.0163305754047782,
      4.515135162261899e-18,
      2.2979068468740213e-10,
      0.0001832351574179555,
      0.9834861892080131
    ],
    [
      3.636109232808817e-07,
      4.147428382588265e-26,
      1.2656556543351417e-05,
      0.0015851919479516112,
      0.9984017878845818
    ],
    [
      0.9994607328400716,
      3.0642830023258265e-07,
      1.988131712547585e-24,
      9.06332141937244e-08,
      0.0005388700984142262
    ],
    [
      7.43339970754908e-25,
      1.5353990351572817e-51,
      0.9996716258017406,
      5.556447616150616e-05,
      0.000272809722097905
    ],
    [
      1.5978294926973002e-05,
      2.5110991949416579e-23,
      3.82290225752506e-07,
      0.0008770248191632654,
      0.9991066145956841
    ],
    [
      0.00043394682491621595,
      0.9993853145338739,
      9.064104768114206e-55,
      0.00018073853402859346,
      1.0718137732166229e-10
    ],
    [
      0.9994800279336796,
      0.000286598768968508,
      2.695724804692121e-29,
      6.613723840219171e-05,
      0.00016723605894958726
    ],
    [
      0.0014678499751422291,
      3.902495789009257e-39,
      0.0012286308979748237,
      2.379662258923811e-15,
      0.9973035191268806
    ],
    [
      0.9985185755886288,
      4.224291970940587e-08,
      7.025940552414674e-23,
      8.073609569819506e-07,
      0.0014805748074946307
    ],
    [
      0.9984071273618156,
      1.3072018530828344e-07,
      2.223847285188652e-23,
      4.953344557563158e-06,
      0.0015877885734417356
    ],
    [
      4.826075588134609e-11,
      0.9999999999512974,
      1.0420498065171197e-64,
      4.414607334194579e-13,
      3.880414535563439e-16
    ],
    [
      0.0009806723570546794,
      0.03407379398392359,
      1.438606851530266e-38,
      0.9649273033965011,
      1.8230262520859912e-05
    ],
    [
      0.9993734350578282,
      3.7569753830904944e-05,
      2.4196460105525383e-27,
      0.00012586499357863498,
      0.00046313019476254113
    ],
    [
      3.8984872788382093e-32,
      8.225546766706414e-75,
      0.9999940486516605,
      7.46714155426072e-07,
      5.20463418453847e-06
    ],
    [
      0.1528633701060804,
      0.06497760674198082,
      4.897580894895812e-35,
      0.7820335624464582,
      0.00012546070548063616
    ],
    [
      0.9926765452719425,
      1.5076373587708413e-09,
      2.651216606391443e-20,
      4.248131764077404e-06,
      0.007319205088656114
    ],
    [
      4.512236047179874e-05,
      1.3666567849926538e-48,
      0.04505558726112383,
      2.906924666269752e-17,
      0.9548992903784043
    ],
    [
      1.2879363939672163e-06,
      9.095752056853486e-08,
      1.885420246472806e-22,
      0.9930830915847361,
      0.006915529521349354
    ],
    [
      0.014735866801800364,
      0.9827628425402282,
      4.765914896730411e-47,
      0.002501266615128074,
      2.4042843470648572e-08
    ],
    [
      0.9981365984466763,
      5.640209772936809e-10,
      8.16144319681472e-21,
      1.6847194484572678e-09,
      0.0018633993045834556
    ],
    [
      2.113972586963922e-05,
      0.999978803650089,
      2.3223516961366463e-53,
      5.6609543748135946e-08,
      1.4497610003281996e-11
    ],
    [
      1.142091988353036e-10,
      0.9999999998857583,
      1.4176316663269517e-60,
      3.013374671321679e-14,
      2.2710267384802038e-15
    ],
    [
      0.9967494939398143,
      7.638452973739148e-08,
      1.27698911227254e-22,
      2.5559406524310505e-05,
      0.003224870269131732
    ],
    [
      0.9991822161606337,
      1.265259203346685e-07,
      9.07719509917458e-24,
      2.4427451024364363e-07,
      0.0008174130389358412
    ],
    [
      3.093495975748542e-05,
      0.9999688470624815,
      6.392407063474141e-54,
      2.1796214360232782e-07,
      1.5617564114548746e-11
    ],
    [
      4.419915698880896e-05,
      8.311445443348929e-45,
      0.02511037523192565,
      7.145561656377597e-15,
      0.9748454256110783
    ],
    [
      0.9989085799744373,
      0.00103012125972116,
      3.5293235992714656e-30,
      2.8566186234547754e-07,
      6.1013103979299306e-05
    ],
    [
      0.0017245510421543926,
      1.4904729419911298e-35,
      0.00030862518879890146,
      4.487985115940148e-13,
      0.9979668237685981
    ],
    [
      0.0026074596021464546,
      0.9973925124699384,
      2.6718522430194654e-41,
      7.492354625498526e-10,
      2.717867976506116e-08
    ],
    [
      0.07465867789095393,
      1.1770855438145132e-36,
      4.380784286619312e-05,
      4.605230556846714e-22,
      0.9252975142661798
    ],
    [
      0.05006895282810569,
      1.7373436526317582e-36,
      6.480367077809691e-05,
      4.5015836167762244e-20,
      0.9498662435011164
    ],
    [
      1.1407215919816364e-18,
      1.796675601060872e-58,
      0.997915512800024,
      5.3046578771151146e-08,
      0.002084434153397307
    ],
    [
      2.6757824733436647e-06,
      0.00024625351454990636,
      2.3577654510827923e-30,
      0.9991378530304061,
      0.0006132176725706693
    ],
    [
      9.553734347378957e-13,
      6.895677642231011e-52,
      0.9347006832820216,
      7.906717483924567e-09,
      0.06529930881030559
    ],
    [
      8.803000435605833e-06,
      9.548082351730639e-39,
      0.008305051903621402,
      3.4379026747693956e-10,
      0.991686144752153
    ],
    [
      8.179872075481089e-05,
      0.0002350606926226243,
      1.9884506966498003e-30,
      0.9992550406166837,
      0.000428099969938953
    ],
    [
      0.13903470439762947,
      0.07510710450323137,
      2.0307554653891595e-35,
      0.7857548985526905,
      0.00010329254644821598
    ],
    [
      9.811984740641352e-23,
      1.3659142872335272e-58,
      0.9996957367505286,
      9.521182868159365e-07,
      0.000303311131184689
    ],
    [
      0.005825244081427936,
      0.8110436196488546,
      4.1526860990250484e-50,
      0.1831311001019713,
      3.6167746023774284e-08
    ],
    [
      2.0055809949308813e-11,
      5.338186052180405e-24,
      1.1929256731648006e-05,
      0.29620144278591287,
      0.7037866279372996
    ],
    [
      6.816505347277036e-06,
      0.9999673151752196,
      9.296820672013288e-64,
      2.5868319013415355e-05,
      4.1978174765565514e-13
    ],
    [
      0.0002200312138982042,
      2.6592877516343808e-36,
      0.0009683831443245737,
      1.8789101726935617e-11,
      0.9988115856229883
    ],
    [
      0.00017341285336637587,
      0.015058491709960832,
      2.8987901127013523e-37,
      0.9847317333702121,
      3.636206646054915e-05
    ],
    [
      0.7322643420711139,
      6.421568083030427e-21,
      1.931091727227413e-10,
      6.687061398987785e-12,
      0.2677356577290899
    ],
    [
      2.6610406633938794e-20,
      3.2225551297484005e-50,
      0.9975386082857642,
      2.3053990863166898e-05,
      0.002438337723372812
    ],
    [
      3.297511249319417e-11,
      4.1702287655411665e-56,
      0.8955782663179627,
      1.2153902064445566e-11,
      0.10442173363690842
    ],
    [
      1.860294369797554e-12,
      0.999999999998139,
      3.430879086279532e-59,
      9.063299209286528e-18,
      6.873893227004095e-16
    ],
    [
      0.0005407215044850317,
      0.00460836678895204,
      1.2594037189308332e-34,
      0.9947643277618765,
      8.65839446865499e-05
    ],
    [
      0.02921247118048765,
      0.5907661941154151,
      1.6828224362681004e-43,
      0.3800200027410815,
      1.331963015913426e-06
    ],
    [
      2.1485344947814888e-09,
      2.749194656202255e-28,
      0.00028179128027728943,
      0.008207177246301201,
      0.991511029324887
    ],
    [
      0.004204436940920597,
      7.018808980919487e-39,
      0.000670037095105286,
      9.687490338995718e-17,
      0.9951255259639741
    ],
    [
      1.6435788840006925e-38,
      2.2018279830355576e-51,
      0.9999820922628184,
      1.6744086028369122e-05,
      1.1636511530759224e-06
    ],
    [
      4.474810281313861e-06,
      4.017979052593731e-44,
      0.05202405624128244,
      2.1627855229128058e-12,
      0.9479714689462735
    ],
    [
      0.9794871857267119,
      3.917019514048253e-15,
      2.5958574355876166e-15,
      3.3026351053554873e-11,
      0.02051281424025542
    ],
    [
      3.8416146049912435e-07,
      6.821234090751287e-52,
      0.30937365718844795,
      1.4099848595551717e-14,
      0.6906259586500776
    ],
    [
      7.776884774700785e-06,
      0.0021140209332256303,
      1.8524385007598132e-33,
      0.9976593720158367,
      0.0002188301661631632
    ],
    [
      4.444592217097344e-05,
      0.99994969205852,
      9.066301508559953e-57,
      5.862010081751178e-06,
      9.227320906878838e-12
    ],
    [
      0.9613164535852382,
      8.890741449181589e-18,
      2.1875268553519567e-13,
      1.0093166972558699e-13,
      0.03868354641444203
    ],
    [
      3.607879751083016e-40,
      9.10154708796525e-46,
      0.9999837180090219,
      1.369126960755505e-05,
      2.590721370444989e-06
    ],
    [
      2.2326641251783446e-13,
      1.4562960802414419e-65,
      0.9667335262963206,
      3.6112151309319684e-13,
      0.03326647370309515
    ],
    [
      8.857227407691166e-09,
      4.076317669965261e-54,
      0.6336067864131364,
      2.759705101030243e-13,
      0.3663932047293601
    ],
    [
      2.2749612492695624e-18,
      1.1649169883546784e-47,
      0.9908922612627883,
      4.2719817450666756e-05,
      0.009065018919761093
    ],
    [
      4.839759299015255e-16,
      1.6098354273207948e-48,
      0.9780990046841386,
      4.798794764343032e-06,
      0.021896196521096797
    ],
    [
      0.1897303741302981,
      2.313037784885854e-13,
      1.5081305015615973e-13,
      0.002522686203143905,
      0.8077469396661761
    ],
    [
      5.3722295519339856e-08,
      0.9999999462763683,
      9.018712198653134e-54,
      8.259408955040382e-13,
      5.100084024918285e-13
    ],
    [
      6.542346980165335e-06,
      5.377713718405953e-05,
      1.1205172600838535e-28,
      0.9990636668858468,
      0.00087601362998922
    ],
    [
      8.228995794842066e-07,
      4.6272820840551117e-35,
      0.003689688812608957,
      3.8781054020174464e-07,
      0.9963091004772714
    ],
    [
      0.0039305108845591585,
      1.2775005607500391e-39,
      0.0008596117336495088,
      3.1306088679907107e-17,
      0.9952098773817915
    ],
    [
      1.8232203498325298e-08,
      1.2364102338998193e-07,
      2.6957563776706676e-22,
      0.9913133435831424,
      0.008686514543630829
    ],
    [
      2.671753125389748e-10,
      5.1859780684466685e-17,
      1.6140850118805915e-10,
      0.7815914476485325,
      0.21840855192288378
    ],
    [
      0.05879931554490736,
      9.592065247328241e-19,
      3.5028537003108885e-10,
      1.1178261954484787e-05,
      0.9411895058428527
    ],
    [
      3.757832930297543e-06,
      0.018638032437154624,
      1.6895721818317296e-36,
      0.981214645785102,
      0.00014356394481318088
    ],
    [
      0.0714012456803035,
      0.7972553777693066,
      6.2794262690214334e-43,
      0.1313421802295161,
      1.196320873898343e-06
    ],
    [
      1.6747061949619413e-23,
      6.482977370818999e-53,
      0.9995864243721729,
      2.0177193830160195e-05,
      0.0003933984339968474
    ],
    [
      3.0791989703470427e-05,
      4.754752725901764e-05,
      1.6620744690981443e-28,
      0.9990586174051397,
      0.0008630430778979644
    ],
    [
      1.104147784862606e-40,
      1.3015985279328533e-59,
      0.9999950657119853,
      4.798378068982288e-06,
      1.359099457754142e-07
    ],
    [
      0.000823852409124342,
      0.11633207469948106,
      2.605199200083402e-42,
      0.882839920154695,
      4.1527366993682555e-06
    ],
    [
      2.254249963533778e-05,
      2.141941843237562e-21,
      4.937433823440142e-08,
      0.0035896721208492363,
      0.9963877360051774
    ],
    [
      0.9994867373788565,
      1.329605715123276e-07,
      1.2811052182399165e-23,
      3.079174187925592e-11,
      0.0005131296297802173
    ],
    [
      7.21434761978716e-18,
      1.9857715133660765e-58,
      0.9969088247122418,
      2.5476117974343124e-08,
      0.003091149811640153
    ],
    [
      0.0001273858224257979,
      5.615954934744016e-38,
      0.0023288413156687055,
      6.4593779559164416e-12,
      0.9975437728554464
    ],
    [
      5.768678160461061e-05,
      0.0005124785260909467,
      1.4742645250322434e-31,
      0.9991390110830626,
      0.00029082360924181184
    ],
    [
      7.679104240281544e-33,
      1.4674226887027692e-57,
      0.9999791082477897,
      1.677985663918109e-05,
      4.111895571285431e-06
    ],
    [
      0.0011341052752085485,
      0.9988633422808714,
      2.2489566414134607e-48,
      2.551337176881556e-06,
      1.1067430886175349e-09
    ],
    [
      1.1733665998398466e-07,
      1.5878571649449967e-21,
      1.7996453037257229e-07,
      0.06813212157239268,
      0.9318675811264168
    ],
    [
      0.9845057226100526,
      5.792342526308199e-13,
      5.900170713688524e-17,
      8.024894412929859e-09,
      0.015494269364473652
    ],
    [
      0.013473668559999897,
      8.672269843191195e-35,
      8.602981014053053e-05,
      2.524254683718493e-15,
      0.9864403016298571
    ],
    [
      0.3047403081364109,
      9.098696574795454e-22,
      3.03768457522843e-09,
      1.0879254947900126e-09,
      0.6952596877379791
    ],
    [
      2.3394843661588204e-06,
      0.9999917749943006,
      3.345711854853987e-64,
      5.885521157979176e-06,
      1.7533741223524895e-13
    ],
    [
      0.996330582874056,
      1.0537130747584803e-08,
      1.255264704291048e-21,
