{
  "dataset": "moons",
  "algorithm": "gmm",
  "params": {
    "n_components": 4,
    "covariance_type": "diag"
  },
  "labels": [
    3,
    0,
    3,
    0,
    0,
    3,
    3,
    0,
    0,
    1,
    3,
    2,
    3,
    0,
    3,
    3,
    1,
    0,
    3,
    3,
    1,
    1,
    0,
    3,
    0,
    1,
    1,
    2,
    0,
    3,
    1,
    3,
    1,
    0,
    3,
    3,
    3,
    0,
    2,
    0,
    3,
    0,
    1,
    2,
    3,
    0,
    3,
    3,
    3,
    3,
    0,
    2,
    0,
    3,
    2,
    0,
    0,
    3,
    2,
    0,
    1,
    0,
    3,
    1,
    0,
    0,
    1,
    0,
    2,
    3,
    3,
    3,
    0,
    0,
    3,
    3,
    0,
    0,
    1,
    1,
    2,
    0,
    1,
    0,
    3,
    0,
    0,
    3,
    3,
    0,
    3,
    1,
    3,
    3,
    3,
    3,
    0,
    0,
    1,
    3,
    2,
    1,
    0,
    3,
    3,
    0,
    3,
    2,
    3,
    0,
    0,
    3,
    3,
    3,
    1,
    3,
    2,
    2,
    0,
    3,
    2,
    2,
    3,
    0,
    2,
    2,
    3,
    2,
    0,
    3,
    3,
    0,
    1,
    0,
    0,
    0,
    2,
    3,
    3,
    0,
    0,
    2,
    1,
    0,
    0,
    0,
    3,
    2,
    0,
    1,
    3,
    0,
    3,
    3,
    1,
    3,
    3,
    2,
    3,
    0,
    0,
    3,
    3,
    0,
    1,
    1,
    3,
    3,
    1,
    0,
    3,
    0,
    1,
    0,
    0,
    2,
    3,
    0,
    0,
    3,
    3,
    2,
    3,
    0,
    1,
    0,
    3,
    0,
    2,
    0,
    1,
    3,
    3,
    0,
    0,
    2,
    0,
    0,
    0,
    3,
    1,
    0,
    2,
    0,
    0,
    2,
    2,
    0,
    1,
    3,
    0,
    0,
    3,
    3,
    0,
    3,
    3,
    2,
    3,
    2,
    3,
    0,
    0,
    2,
    0,
    3,
    2,
    1,
    0,
    0,
    0,
    0,
    1,
    3,
    3,
    3,
    3,
    0,
    0,
    2,
    3,
    2,
    1,
    3,
    3,
    0,
    0,
    0,
    3,
    0,
    1,
    3,
    1,
    2,
    3,
    3,
    0,
    3,
    0,
    1,
    3,
    0,
    3,
    0,
    0,
    2,
    1,
    0,
    3,
    0,
    2,
    2,
    2,
    3,
    3,
    3,
    3,
    3,
    3,
    0,
    3,
    2,
    3,
    2,
    0,
    3,
    0,
    3,
    3,
    3,
    3,
    0,
    3,
    3,
    0,
    0,
    3,
    1,
    1,
    1,
    3,
    2,
    3,
    0,
    0,
    2,
    0,
    2,
    0,
    0,
    3,
    2,
    3,
    3,
    0,
    0,
    3,
    0,
    3,
    3,
    0,
    1,
    0,
    1,
    0,
    3,
    0,
    2,
    2,
    3,
    0,
    3,
    0,
    3,
    0,
    0,
    3,
    3,
    2,
    0,
    0,
    2,
    1,
    3,
    2,
    3,
    1,
    3,
    2,
    0,
    0,
    3,
    3,
    0,
    3,
    0,
    2,
    3,
    2,
    0,
    0,
    3,
    2,
    0,
    0,
    3,
    0,
    3,
    2,
    1,
    0,
    1,
    2,
    0,
    0,
    0,
    1,
    0,
    0,
    0,
    0,
    1,
    3,
    3,
    1,
    0,
    3,
    3,
    0,
    0,
    3,
    1,
    3,
    2,
    3,
    1,
    3,
    3,
    2,
    2,
    2,
    3,
    1,
    0,
    1,
    1,
    3,
    3,
    0,
    2,
    0,
    0,
    2,
    3,
    2,
    3,
    0,
    0,
    0,
    3,
    3,
    1,
    1,
    0,
    1,
    0,
    2,
    0,
    0,
    3,
    3,
    0,
    3,
    1,
    0,
    3,
    0,
    2,
    0,
    3,
    0,
    3,
    0,
    0,
    3,
    1,
    0,
    3,
    1,
    3,
    2,
    0,
    3,
    0,
    1,
    2,
    3,
    0,
    1,
    2,
    0,
    0,
    0,
    3,
    2,
    0,
    3,
    3,
    1,
    0,
    3,
    1,
    2,
    3,
    0,
    3,
    3,
    0,
    3,
    0,
    0,
    0,
    3,
    0,
    3,
    0,
    1,
    3,
    2,
    1,
    0,
    1,
    3,
    0,
    0,
    0,
    3,
    3,
    3,
    0
  ],
  "means": [
    {
      "x": 0.17412229502459947,
      "y": 0.7217500923757053
    },
    {
      "x": 1.9176850942802846,
      "y": 0.12316704499083585
    },
    {
      "x": -0.8808402086711897,
      "y": 0.43578158924865085
    },
    {
      "x": 0.8724484602098779,
      "y": -0.24780583795583558
    }
  ],
  "probabilities": [
    [
      0.0011461564311306008,
      4.995823219464716e-09,
      1.3656653922505917e-23,
      0.9988538385730462
    ],
    [
      0.9923117380362403,
      1.733023967444243e-08,
      2.402352010271359e-23,
      0.0076882446335199426
    ],
    [
      0.00019037076344782523,
      3.898500154031529e-06,
      1.5053184921559386e-30,
      0.9998057307363982
    ],
    [
      0.9998185091627274,
      1.0326695356112394e-31,
      0.00012184002127873076,
      5.9650815993942805e-05
    ],
    [
      0.999962990225719,
      3.1867506296786744e-19,
      3.825171573958111e-13,
      3.7009773898383715e-05
    ],
    [
      7.386316147106026e-05,
      0.0003437174362683699,
      1.8320845342146486e-36,
      0.9995824194022608
    ],
    [
      0.0007398659417219181,
      1.4305487261763125e-05,
      1.7540168386799784e-30,
      0.9992458285710163
    ],
    [
      0.9999674363576967,
      3.154323293824432e-25,
      2.0011444652176263e-08,
      3.2543630858506456e-05
    ],
    [
      0.9757712238991606,
      2.347299647467111e-13,
      1.911205372811662e-15,
      0.02422877610060281
    ],
    [
      7.670856838572031e-05,
      0.5512996470193208,
      6.503424516863448e-51,
      0.44862364441229347
    ],
    [
      0.03532076259020565,
      7.260917173683639e-06,
      1.2120885759777374e-26,
      0.9646719764926206
    ],
    [
      0.4159556527371882,
      2.777080946657925e-41,
      0.5823346424920632,
      0.001709704770748667
    ],
    [
      1.3121689417651233e-05,
      0.06722102734236128,
      7.341646094789656e-48,
      0.9327658509682213
    ],
    [
      0.9965400355880033,
      1.0099825898626704e-18,
      4.905769780337174e-11,
      0.0034599643629391118
    ],
    [
      8.542008203811415e-05,
      0.00019094074719948497,
      1.4502900017371193e-35,
      0.9997236391707625
    ],
    [
      7.899156127205791e-05,
      0.0001838614682055041,
      1.3052879602964424e-35,
      0.9997371469705225
    ],
    [
      0.0004958080632693259,
      0.9858821842536918,
      1.2113470186067898e-59,
      0.013622007683038848
    ],
    [
      0.673415103855489,
      1.112286592522071e-06,
      6.74571433450929e-24,
      0.32658378385791853
    ],
    [
      0.000613490930239164,
      2.889512334011027e-13,
      2.212079321598602e-18,
      0.9993865090694721
    ],
    [
      8.779555455168067e-05,
      0.27745191315528456,
      4.493860612009282e-48,
      0.7224602912901638
    ],
    [
      0.00042894086334756455,
      0.9798685004792101,
      7.031103771969136e-58,
      0.01970255865744242
    ],
    [
      0.00037919549993371956,
      0.9895852616760695,
      2.860901442606619e-66,
      0.01003554282399705
    ],
    [
      0.8412239776822428,
      4.557946450445171e-28,
      0.0005940994017394185,
      0.15818192291601796
    ],
    [
      0.0010578118270697717,
      1.7092686632106564e-07,
      2.9132740271067103e-26,
      0.9989420172460639
    ],
    [
      0.978932724256562,
      1.0483163419873475e-14,
      5.259819899259395e-14,
      0.021067275743375
    ],
    [
      0.004664629313152958,
      0.9771261054585751,
      1.856523611736457e-53,
      0.018209265228272303
    ],
    [
      0.002817386196941773,
      0.9482669342560923,
      5.818052498846785e-51,
      0.04891567954696585
    ],
    [
      0.0609504999332489,
      5.301387762633668e-50,
      0.9389271933142339,
      0.00012230675251734133
    ],
    [
      0.9999785545263437,
      1.505964362272977e-21,
      2.1177973817582753e-11,
      2.1445452478339873e-05
    ],
    [
      0.0045825595558897075,
      2.0135908263981177e-16,
      8.881622721629851e-14,
      0.9954174404440215
    ],
    [
      7.820934625620896e-05,
      0.9641549558808681,
      3.6962752162388595e-60,
      0.03576683477287558
    ],
    [
      0.007518009230495226,
      1.2493293987589296e-17,
      2.028132298990903e-12,
      0.9924819907674767
    ],
    [
      2.2328985987969395e-05,
      0.9265850012961713,
      1.8840624297262345e-61,
      0.0733926697178409
    ],
    [
      0.7902499897873662,
      1.4922056202391938e-41,
      0.20966534456360966,
      8.466564902397882e-05
    ],
    [
      0.15812309591498572,
      2.770964375994252e-06,
      7.211067102070051e-25,
      0.8418741331206382
    ],
    [
      0.0006274964826311264,
      4.040418962759406e-16,
      2.112257729690069e-15,
      0.9993725035173665
    ],
    [
      0.00030001151052162095,
      8.263868452927422e-05,
      3.296727592185797e-33,
      0.999617349804949
    ],
    [
      0.9909672668951571,
      7.450182039854298e-10,
      7.098134870317805e-21,
      0.009032732359824845
    ],
    [
      0.05371637055500158,
      1.2583829663517183e-53,
      0.9462555805981367,
      2.80488468614837e-05
    ],
    [
      0.9944501915584826,
      5.137811986418216e-11,
      1.8745718846653817e-19,
      0.0055498083901393495
    ],
    [
      1.9588351613564615e-05,
      0.0003792164493753704,
      2.9060897579531376e-38,
      0.999601195199011
    ],
    [
      0.9995311624159665,
      3.307609341470995e-25,
      3.335581766322818e-07,
      0.000468504025856793
    ],
    [
      0.0028690020947892947,
      0.973947790139388,
      2.5298447828346136e-53,
      0.023183207765822823
    ],
    [
      0.0725399350602298,
      5.734875564100976e-49,
      0.927299064678308,
      0.00016100026146211453
    ],
    [
      0.1877118669116333,
      4.253505614181821e-08,
      1.4154123596118468e-21,
      0.8122880905533106
    ],
    [
      0.9960205176512875,
      4.972305493195715e-10,
      3.0953730953603355e-21,
      0.003979481851482065
    ],
    [
      0.03623541679591964,
      8.327632997309891e-05,
      6.30067671152118e-29,
      0.9636813068741074
    ],
    [
      0.2402590445718777,
      0.00023592119580824396,
      8.030415769437909e-29,
      0.7595050342323142
    ],
    [
      2.3798091487025385e-05,
      0.0027513978641795366,
      7.570637680411627e-41,
      0.9972248040443334
    ],
    [
      0.3425391212049638,
      5.6448650341888285e-08,
      1.5365640021046055e-21,
      0.6574608223463858
    ],
    [
      0.9996428431578027,
      4.6735172379147395e-21,
      3.1439605566340606e-10,
      0.00035715652780137115
    ],
    [
      0.13051284258884047,
      4.458551300033317e-55,
      0.8694831663643705,
      3.991046788857224e-06
    ],
    [
      0.9999324346763631,
      2.0526804712944076e-29,
      9.776760905942732e-06,
      5.778856273095974e-05
    ],
    [
      0.00021732304416372767,
      0.003994890744005688,
      1.756637918628614e-38,
      0.9957877862118307
    ],
    [
      0.08490983544238453,
      2.4387718482349553e-50,
      0.9150386852671794,
      5.1479290435987976e-05
    ],
    [
      0.9969302592132683,
      9.912281803351273e-13,
      1.7446511481245045e-17,
      0.003069740785740515
    ],
    [
      0.9996113128646719,
      1.1786492299295133e-32,
      0.0003250042796466147,
      6.368285568137084e-05
    ],
    [
      0.19439994380122708,
      6.959826496699508e-08,
      6.56719898332025e-22,
      0.8055999866005078
    ],
    [
      0.0349971733349905,
      6.209046941183643e-56,
      0.9649680756215346,
      3.4751043474912845e-05
    ],
    [
      0.9998104944405386,
      1.808720278406387e-18,
      7.733025145345925e-13,
      0.00018950555868801195
    ],
    [
      0.0006637886757263264,
      0.9740134945084854,
      1.0445710852077803e-55,
      0.025322716815788286
    ],
    [
      0.9014292784899648,
      6.53943517970539e-29,
      0.0011627300378738007,
      0.09740799147216152
    ],
    [
      0.010884795874697706,
      1.8108261832801206e-17,
      2.507359831098671e-12,
      0.989115204122795
    ],
    [
      0.00014478498319433217,
      0.9412312706085543,
      4.236225105799899e-56,
      0.05862394440825127
    ],
    [
      0.9994429017833862,
      3.801453524907176e-19,
      1.3460865534971721e-11,
      0.0005570982031531444
    ],
    [
      0.8978469393234807,
      4.9891086049343885e-08,
      3.7621663137339e-22,
      0.10215301078543323
    ],
    [
      5.061579913494055e-05,
      0.9319540377553368,
      1.458463180354725e-58,
      0.06799534644552835
    ],
    [
      0.9483108621610714,
      1.8682245434623384e-11,
      2.1571367821330643e-17,
      0.05168913782024645
    ],
    [
      0.038036582704456576,
      1.3988573087523176e-47,
      0.9588165637827099,
      0.0031468535128338286
    ],
    [
      0.00010484440284929116,
      0.00026747170647886226,
      9.761070565818811e-36,
      0.9996276838906719
    ],
    [
      0.00013905079453061835,
      3.351743780302056e-08,
      8.502957401463177e-27,
      0.9998609156880316
    ],
    [
      0.000567686166187021,
      3.126321762947466e-10,
      2.436861883228686e-22,
      0.9994323135211809
    ],
    [
      0.785273121377235,
      3.382934538512882e-25,
      2.646298388985506e-05,
      0.21470041563887532
    ],
    [
      0.8538517850758426,
      3.4958544772283906e-20,
      1.8384761994516175e-08,
      0.1461481965393954
    ],
    [
      0.019820045680087835,
      4.604352556629368e-16,
      3.407210818323335e-13,
      0.9801799543195711
    ],
    [
      0.08118125980780178,
      2.7175323125363046e-14,
      4.368858416208557e-14,
      0.9188187401921272
    ],
    [
      0.985488999468389,
      1.4800979456341493e-26,
      3.181048337058808e-05,
      0.014479190048240699
    ],
    [
      0.9845618807699149,
      7.314401779253526e-14,
      4.18701379183383e-15,
      0.01543811923000776
    ],
    [
      0.00016749763273515912,
      0.6439097737465821,
      3.0871766611274443e-50,
      0.35592272862068275
    ],
    [
      7.462666384260158e-05,
      0.955642179844738,
      3.359065340095323e-59,
      0.04428319349141953
    ],
    [
      0.1923552479136082,
      6.229532490326061e-53,
      0.8076404989959479,
      4.253090443871606e-06
    ],
    [
      0.9995133086625401,
      6.049690428656517e-17,
      8.928948557758133e-14,
      0.000486691337370786
    ],
    [
      0.005850088634148904,
      0.9821899328250402,
      7.072139564684544e-55,
      0.011959978540811043
    ],
    [
      0.9892480401261483,
      3.997490720193719e-35,
      0.010381218666580892,
      0.00037074120727097025
    ],
    [
      0.014089822867272768,
      4.4245464740727937e-13,
      2.0404712053662915e-16,
      0.9859101771322845
    ],
    [
      0.9996215822659233,
      1.3039437321369403e-16,
      2.7924383868731064e-14,
      0.0003784177340484945
    ],
    [
      0.5581819387735423,
      6.069200679036425e-44,
      0.4417545098056023,
      6.355142085537414e-05
    ],
    [
      0.001021852804888743,
      0.4185029900435182,
      2.049090912350931e-45,
      0.580475157151593
    ],
    [
      0.014209951545455991,
      2.962307803296555e-17,
      2.3996027208686678e-12,
      0.9857900484521442
    ],
    [
      0.9858701440158792,
      5.640060369126769e-31,
      0.002769974683849473,
      0.011359881300271274
    ],
    [
      0.0003838882197366174,
      2.0817906227365047e-06,
      2.7543457099049815e-29,
      0.9996140299896409
    ],
    [
      7.520668886569911e-05,
      0.9757162801817401,
      7.990803199170785e-70,
      0.02420851312939433
    ],
    [
      0.0030668124162662783,
      4.712504777501286e-09,
      8.831001663934399e-23,
      0.996933182871229
    ],
    [
      0.015503636590361388,
      2.1318386844698204e-14,
      5.977522778678686e-15,
      0.9844963634096114
    ],
    [
      0.0027983877563167885,
      0.048228828540234844,
      2.261851174266901e-39,
      0.9489727837034484
    ],
    [
      0.00012056763978438819,
      2.2126576284212298e-11,
      5.140003458263624e-22,
      0.9998794323380891
    ],
    [
      0.9624636513380752,
      1.8668521851536707e-13,
      4.248739985038323e-15,
      0.03753634866173379
    ],
    [
      0.93567713691308,
      3.4574522607216856e-07,
      5.154727736700263e-24,
      0.06432251734169374
    ],
    [
      9.970012221776631e-06,
      0.807711292901996,
      5.967041082893508e-60,
      0.19227873708578244
    ],
    [
      0.03042454177560526,
      3.3547554797717e-05,
      3.6560670093188577e-28,
      0.9695419106695969
    ],
    [
      0.020842758516131238,
      6.246941846785031e-50,
      0.9752882361539734,
      0.003869005329895156
    ],
    [
      8.750292564087252e-05,
      0.6116669719488947,
      3.3154472211750976e-51,
      0.38824552512546434
    ],
    [
      0.5010948089606146,
      5.207385149352632e-09,
      7.425846375817466e-20,
      0.49890518583200016
    ],
    [
      0.05579684247072827,
      2.3539755725184023e-17,
      1.7831921319287486e-11,
      0.9442031575114399
    ],
    [
      0.0037885276673371967,
      4.230247191457833e-15,
      3.76671882954664e-15,
      0.9962114723326548
    ],
    [
      0.9973237986370427,
      2.2386283039742322e-07,
      1.4389012664790127e-26,
      0.002675977500126997
    ],
    [
      0.04911976985307874,
      3.294192454833099e-17,
      1.1449164139474138e-11,
      0.950880230135472
    ],
    [
      0.015521644094221056,
      1.5791344805779469e-56,
      0.9841210691428018,
      0.00035728676297740853
    ],
    [
      0.0037784506953214354,
      1.9418560644581848e-16,
      6.886475466051108e-14,
      0.9962215493046096
    ],
    [
      0.9996933611536709,
      9.4950229961306e-22,
      9.113644618643426e-10,
      0.0003066379349645811
    ],
    [
      0.9969501254912718,
      1.4722895976772953e-35,
      0.0030064269401910383,
      4.3447568537330285e-05
    ],
    [
      0.00014022044792853444,
      0.18710053818614808,
      3.447233912687743e-46,
      0.8127592413659235
    ],
    [
      0.002162633192284689,
      7.284703552754648e-12,
      3.966917738948764e-19,
      0.9978373668004306
    ],
    [
      0.10926098698079814,
      5.18207705155972e-05,
      1.0327502389550257e-27,
      0.8906871922486862
    ],
    [
      4.563488830831235e-05,
      0.9711302718664682,
      1.174415557001012e-67,
      0.028824093245223472
    ],
    [
      0.2667070746205265,
      7.965688267130553e-21,
      4.087177515064963e-08,
      0.7332928845076984
    ],
    [
      0.018671052725456792,
      4.619001242244921e-53,
      0.9807313914137445,
      0.0005975558607989164
    ],
    [
      0.013568165346091496,
      3.781643330489386e-61,
      0.9846631008659625,
      0.0017687337879462887
    ],
    [
      0.9996136023803359,
      5.525361741761922e-23,
      9.50119408405759e-09,
      0.0003863881184702784
    ],
    [
      0.39270932535044506,
      4.930748239843205e-07,
      3.990681217169937e-23,
      0.6072901815747309
    ],
    [
      0.0333126516327936,
      3.625472216804886e-62,
      0.966647419130193,
      3.992923701338309e-05
    ],
    [
      0.24328459387051493,
      6.439034553261866e-44,
      0.7561385940938432,
      0.0005768120356420313
    ],
    [
      0.0010466639962533626,
      2.4192874130357854e-13,
      6.7126839284680975e-18,
      0.9989533360035048
    ],
    [
      0.9993956972511676,
      3.697947138679867e-25,
      3.973936610829654e-07,
      0.0006039053551711868
    ],
    [
      0.04383698440570521,
      3.694342476390303e-53,
      0.9561121023144822,
      5.0913279812603655e-05
    ],
    [
      0.15850193729650225,
      4.774839648199816e-47,
      0.8413782247861991,
      0.00011983791729869856
    ],
    [
      6.038759874009371e-05,
      0.00034005652903374095,
      1.0785842958812007e-36,
      0.9995995558722263
    ],
    [
      0.14033776192045402,
      1.6791166140229288e-49,
      0.8596296265511014,
      3.261152844436933e-05
    ],
    [
      0.9988009239248943,
      3.457111366645455e-26,
      2.9579791738441793e-06,
      0.0011961180959319344
    ],
    [
      0.0030364957840256024,
      1.0279745069587925e-13,
      9.812163985835097e-17,
      0.9969635042158717
    ],
    [
      0.046247696533470196,
      2.295634830284873e-07,
      1.2709089571282076e-23,
      0.9537520739030467
    ],
    [
      0.9997585471587793,
      1.639897882498279e-20,
      7.057394666536733e-11,
      0.00024145277064685736
    ],
    [
      4.9782267640046924e-05,
      0.9713156563314466,
      6.442830607835856e-69,
      0.028634561400913357
    ],
    [
      0.9252014800731659,
      1.3175438236902229e-21,
      1.1757365510316934e-07,
      0.07479840235317903
    ],
    [
      0.9965872339355857,
      1.961011422405136e-40,
      0.003412003265362661,
      7.627990516779591e-07
    ],
    [
      0.9866578107296025,
      2.4764395411172497e-11,
      2.1699806506310184e-18,
      0.013342189245633377
    ],
    [
      0.2795278950124492,
      5.374547214557165e-44,
      0.7200879042101583,
      0.000384200777392682
    ],
    [
      0.22499503241472316,
      0.003961898838281042,
      4.6186840675399793e-32,
      0.7710430687469957
    ],
    [
      0.20996493953953255,
      1.8180674572447826e-06,
      2.2250774779077644e-24,
      0.7900332423930103
    ],
    [
      0.8808026743422634,
      3.4119424657880954e-21,
      8.278970785157029e-08,
      0.11919724286802885
    ],
    [
      0.8261077102616402,
      1.0799114394434676e-08,
      1.008185831511323e-20,
      0.1738922789392455
    ],
    [
      0.017874697887997344,
      4.7240230387389926e-55,
      0.9818261060333451,
      0.0002991960786575163
    ],
    [
      0.0008040535397974811,
      0.9888744501847273,
      8.308529649040383e-71,
      0.010321496275475435
    ],
    [
      0.9954923986156535,
      1.918709483442524e-15,
      4.834928659806523e-14,
      0.0045076013842960845
    ],
    [
      0.8640676903422894,
      2.0401590935219796e-16,
      1.5859777828586737e-11,
      0.1359323096418506
    ],
    [
      0.927214007210618,
      1.2130137333266e-24,
      8.243639585805447e-06,
      0.07277774914979623
    ],
    [
      0.46327649796980724,
      1.9481831221764086e-05,
      3.105516110674852e-26,
      0.5367040201989709
    ],
    [
      0.041189481089051155,
      3.523484303341231e-50,
      0.9585309437311186,
      0.00027957517983012557
    ],
    [
      0.9056099293898296,
      9.175710350679156e-22,
      1.7312342598974833e-07,
      0.09438989748674446
    ],
    [
      0.0001522244053873198,
      0.5077967075490134,
      3.2720160794236894e-49,
      0.4920510680455993
    ],
    [
      0.07062137035918276,
      0.00015822929606161212,
      4.163260604738758e-29,
      0.9292204003447555
    ],
    [
      0.9999271340303074,
      8.001900104253698e-26,
      1.1906991477732587e-07,
      7.274689977767205e-05
    ],
    [
      0.43787022755511895,
      1.636086215521651e-06,
      4.4902349225718626e-24,
      0.5621281363586658
    ],
    [
      0.32175646258292667,
      1.5584281692291349e-06,
      4.327853271914156e-24,
      0.678241978988904
    ],
    [
      6.960589555553681e-05,
      0.9776116879819553,
      1.1785356324651005e-66,
      0.02231870612248932
    ],
    [
      0.0001215022422964977,
      1.2070848615071733e-06,
      6.524110522212841e-30,
      0.9998772906728421
    ],
    [
      0.0881231533576089,
      2.1566328298305235e-05,
      5.139700770615381e-27,
      0.9118552803140928
    ],
    [
      0.10131405121558214,
      2.26569848321148e-66,
      0.8986752834512738,
      1.0665333144064329e-05
    ],
    [
      0.0012215721524230572,
      1.7527187249460302e-05,
      3.25911435497732e-30,
      0.9987609006603275
    ],
    [
      0.5057678351514954,
      4.512462357859453e-08,
      2.4913935395529084e-21,
      0.49423211972388115
    ],
    [
      0.9999715208332464,
      1.859729442822098e-31,
      1.801900249729381e-05,
      1.0460164256436176e-05
    ],
    [
      0.002540085259088503,
      8.147002276828629e-14,
      9.514405851648294e-17,
      0.99745991474083
    ],
    [
      0.000641305243089299,
      0.0784041791297101,
      4.7234031306805536e-42,
      0.9209545156272007
    ],
    [
      0.8077693870129716,
      6.813370775736449e-07,
      8.640105656539456e-24,
      0.1922299316499506
    ],
    [
      0.000323153577503755,
      0.8777854894543492,
      4.280477982327032e-52,
      0.12189135696814693
    ],
    [
      0.00014650057856079423,
      0.9836424630037442,
      7.867994490505527e-64,
      0.016211036417695005
    ],
    [
      0.2840352434318234,
      3.839888082774649e-07,
      5.0969345064866246e-23,
      0.7159643725793685
    ],
    [
      0.4490436970965462,
      6.6650673837020665e-06,
      2.880036559771429e-25,
      0.5509496378360701
    ],
    [
      0.0002663834745621418,
      0.8524790425378366,
      6.0593566144748635e-52,
      0.1472545739876011
    ],
    [
      0.9999488532983598,
      3.657673799856539e-30,
      1.4759890846151425e-05,
      3.638681079407483e-05
    ],
    [
      0.18141117216611563,
      0.0038434778827590166,
      3.9812195349847084e-32,
      0.8147453499511255
    ],
    [
      0.9997423389655274,
      1.716595396719371e-24,
      6.478534839750748e-08,
      0.0002575962491241727
    ],
    [
      0.01669964964081204,
      0.7489968693281475,
      1.183972394289307e-44,
      0.2343034810310404
    ],
    [
      0.9999840155087951,
      2.767265976215598e-21,
      8.30743155896379e-12,
      1.5984482897541234e-05
    ],
    [
      0.9999722542179534,
      6.771976343471983e-22,
      5.849771985247555e-11,
      2.774572354864947e-05
    ],
    [
      0.18513727632531027,
      1.886005798565457e-48,
      0.8148264670446147,
      3.6256630075042596e-05
    ],
    [
      0.00019660637383885573,
      4.8530422047455853e-11,
      4.536805275287251e-22,
      0.9998033935776306
    ],
    [
      0.810820612025104,
      9.655066684876703e-41,
      0.18903942457051917,
      0.0001399634043768902
    ],
    [
      0.9995371976243739,
      8.499216122050006e-29,
      2.961860456177548e-05,
      0.00043318377106440787
    ],
    [
      0.0005123930425540527,
      1.072178248122288e-09,
      3.255900231982953e-23,
      0.9994876058852677
    ],
    [
      0.001100891441190001,
      2.0444270668501978e-05,
      1.8395604705143234e-30,
      0.9988786642881414
    ],
    [
      0.06703328824781345,
      9.515428917655553e-52,
      0.9329269316939969,
      3.9780058189757275e-05
    ],
    [
      5.5494856103890186e-05,
      0.0065449733657820955,
      5.00867508054703e-41,
      0.9933995317781142
    ],
    [
      0.5151992069429685,
      2.9198695528161897e-27,
      0.0002620975742854969,
      0.48453869548274625
    ],
    [
      1.9205461806306357e-05,
      0.8411355751832135,
      2.4539841293677575e-58,
      0.1588452193549804
    ],
    [
      0.9995985704112232,
      4.9130665332672454e-26,
      8.988392666222894e-07,
      0.0004005307495100619
    ],
    [
      9.36874547177173e-05,
      1.1437476338343366e-07,
      3.8292997534299986e-28,
      0.9999061981705191
    ],
    [
      0.9951155055180013,
      2.1427709673647028e-14,
      3.758319191344272e-15,
      0.004884494481973708
    ],
    [
      0.1257263122625887,
      3.3923566632175114e-46,
      0.8739007113507371,
      0.0003729763866743573
    ],
    [
      0.9149740597113308,
      4.09113693758709e-41,
      0.084999144710902,
      2.6795577767319302e-05
    ],
    [
      0.0003653476200922183,
      0.9894437289618789,
      3.774675456873376e-65,
      0.010190923418028618
    ],
    [
      0.00026960089575182,
      7.767362709554735e-08,
      7.658345616083835e-27,
      0.9997303214306211
    ],
    [
      0.00020205959078217013,
      0.0007702795988351053,
      2.6183869017479306e-36,
      0.9990276608103829
    ],
    [
      0.9171565965530508,
      9.038366837298011e-28,
      0.0003381009793218319,
      0.08250530246762715
    ],
    [
      0.9999501579749837,
      6.121157604671029e-25,
      2.1129156382361198e-08,
      4.982089586005462e-05
    ],
    [
      0.011824946729124847,
      6.7707069569595e-59,
      0.9865163298089331,
      0.0016587234619423923
    ],
    [
      0.9997989716221877,
      2.7436208814723363e-31,
      0.00011220341026937912,
      8.88249675428323e-05
    ],
    [
      0.9722358506009753,
      2.9218441073015214e-10,
      1.9023715906775048e-19,
      0.02776414910684049
    ],
    [
      0.9987867992237668,
      1.623777137268512e-35,
      0.0011982909002415402,
      1.4909875991911046e-05
    ],
    [
      9.968903239169513e-05,
      7.780289811224596e-10,
      2.0914618022007196e-24,
      0.9999003101895795
    ],
    [
      0.00010912078662937329,
      0.7901523887343893,
      9.468060161461442e-53,
      0.2097384904789812
    ],
    [
      0.9937308418858875,
      2.2613082472997076e-11,
      7.537641552584736e-19,
      0.006269158091499575
    ],
    [
      0.009841850219117371,
      2.5929142336319303e-57,
      0.9813446184789958,
      0.008813531301886926
    ],
    [
      0.6937565635115637,
      4.249208085389482e-47,
      0.3062396209706506,
      3.815517785576088e-06
    ],
    [
      0.989852275828759,
      3.995706113927425e-38,
      0.010129883495451098,
      1.7840675789742185e-05
    ],
    [
      0.23434061331724473,
      1.2654859173961402e-43,
      0.7648282758909648,
      0.000831110791790573
    ],
    [
      0.44463039866492016,
      4.233762181440537e-42,
      0.5547589585148803,
      0.0006106428201993814
    ],
    [
      0.5948816426878981,
      2.6731423877903885e-13,
      2.298144624073429e-14,
      0.40511835731181156
    ],
    [
      0.00043085730321548813,
      0.9751954775745365,
      7.401635520266335e-57,
      0.02437366512224806
    ],
    [
      0.00044598937195700604,
      3.6707572649951036e-11,
      3.085026371402165e-21,
      0.9995540105913354
    ],
    [
      0.9972666277673219,
      1.9974769837954373e-28,
      8.191598467427302e-05,
      0.0026514562480039845
    ],
    [
      0.9999612536317415,
      3.2478021301632004e-25,
      2.4023760450132386e-08,
      3.8722344498041564e-05
    ],
    [
      0.0009731056704160037,
      2.1875931840596722e-15,
      8.494075961454834e-16,
      0.9990268943295811
    ],
    [
      0.07755058606314794,
      1.6373003931406984e-22,
      1.2637116227995145e-07,
      0.9224492875656899
    ],
    [
      0.9312589794212549,
      4.604940679826953e-16,
      4.20977854935345e-12,
      0.06874102057453478
    ],
    [
      2.8228139312767646e-05,
      1.7068932224090924e-09,
      4.1028829488117184e-26,
      0.999971770153794
    ],
    [
      0.0004463006363651131,
      0.0027321893301532714,
      4.347142029461525e-37,
      0.9968215100334817
    ],
    [
      0.0544307911169928,
      8.626310393418181e-50,
      0.9453890790691479,
      0.0001801298138592939
    ],
    [
      0.0007110393825955469,
      1.2532246504672677e-10,
      1.347390914266033e-21,
      0.9992889604920822
    ],
    [
      0.022414704384420638,
      5.200614676916982e-64,
      0.9770340304684328,
      0.0005512651471467087
    ],
    [
      4.915315072595989e-05,
      6.766220673386313e-06,
      1.6664814201225405e-32,
      0.9999440806286006
    ],
    [
      0.8246351591372169,
      9.926677162808932e-21,
      4.904082480755135e-08,
      0.17536479182195844
    ],
    [
      0.8221761865890281,
      8.376094658151162e-05,
      2.7524627041831174e-28,
      0.17774005246439034
    ],
    [
      0.23238101758052032,
      9.191612816750248e-48,
      0.767582804246332,
      3.6178173147901044e-05
    ],
    [
      0.9997344230829877,
      5.3970645190690565e-27,
      2.1404343113253254e-06,
      0.0002634364827010954
    ],
    [
      0.0003328385008001251,
      1.6191582699206758e-09,
      7.560304073426196e-24,
      0.9996671598800417
    ],
    [
      0.018356909252179136,
      2.640378585808932e-58,
      0.9814856346623861,
      0.00015745608543486463
    ],
    [
      0.0012982907291162196,
      0.5878047631631956,
      2.1854017590510768e-46,
      0.4108969461076882
    ],
    [
      0.6281836920054944,
      7.0302823693332e-23,
      1.4312464918860627e-06,
      0.3718148767480138
    ],
    [
      0.8933065970500313,
      1.6527167698778061e-09,
      9.909144608597988e-20,
      0.1066934012972519
    ],
    [
      0.9998594064637603,
      9.022449170961297e-23,
      2.1494647161152936e-09,
      0.00014059138677501587
    ],
    [
      0.9919704048309754,
      4.330279970331241e-16,
      4.582286395933411e-13,
      0.00802959516856581
    ],
    [
      1.9350345343083824e-05,
      0.8800817329653388,
      1.584703787990491e-59,
      0.11989891668931812
    ],
    [
      0.4271509355657915,
      2.279784308530537e-07,
      1.602495820997708e-22,
      0.5728488364557776
    ],
    [
      5.533145277080052e-05,
      1.1559650766994425e-08,
      7.3936244325887e-27,
      0.9999446569875786
    ],
    [
      0.00131990448278961,
      1.1885046913605251e-14,
      2.536168819442946e-16,
      0.9986800955171983
    ],
    [
      0.004608088560279552,
      2.1133622911764304e-12,
      6.11485219809977e-18,
      0.9953919114376072
    ],
    [
      0.9993091600632317,
      1.6499181925196645e-33,
      0.0006357332173943159,
      5.5106719373976306e-05
    ],
    [
      0.9998701549651439,
      2.5285314868156364e-29,
      1.6566636517037117e-05,
      0.00011327839833901189
    ],
    [
      0.31295339047200205,
      4.0316066425909127e-47,
      0.6870162807097204,
      3.0328818277312213e-05
    ],
    [
      3.1842161139591613e-06,
      1.1440764062659735e-05,
      2.3864896002334762e-36,
      0.9999853750198234
    ],
    [
      0.24112016613895354,
      1.9937483404160466e-48,
      0.7588569498643836,
      2.288399666301913e-05
    ],
    [
      0.00012092714210742227,
      0.6688569875889889,
      4.135478112214952e-51,
      0.33102208526890364
    ],
    [
      0.013857429749728896,
      0.0001307967818781716,
      3.9079252798055886e-30,
      0.986011773468393
    ],
    [
      1.718510376337338e-05,
      1.176655286344248e-05,
      2.8092407540588763e-34,
      0.9999710483433731
    ],
    [
      0.9980511511008399,
      3.949071575407432e-12,
      1.2807377697472566e-18,
      0.0019488488952111736
    ],
    [
      0.9995914421839326,
      2.792280064874695e-16,
      1.3825016077802315e-14,
      0.00040855781605349684
    ],
    [
      0.9662715534382151,
      6.0750162769536315e-09,
      2.2288350707292623e-21,
      0.033728440486768735
    ],
    [
      0.01728870341142129,
      1.73141202860564e-16,
      6.804038954722058e-13,
      0.9827112965878982
    ],
    [
      0.9240628756485437,
      9.179086139835884e-42,
      0.07592348792167017,
      1.363642978595375e-05
    ],
    [
      0.00017879248158103646,
      0.9743275495263416,
      4.215193805846812e-59,
      0.02549365799207746
    ],
    [
      0.16302952075306987,
      1.6317768843012515e-18,
      5.391613919384311e-10,
      0.8369704787077688
    ],
    [
      0.00010590322565169616,
      0.9765872090502731,
      9.190804179712159e-62,
      0.023306887724075277
    ],
    [
      0.06744746445382814,
      3.1837809789871534e-49,
      0.9323928653395431,
      0.00015967020662889284
    ],
    [
      0.013317034251041627,
      1.2456112125704666e-19,
      1.6314538480504407e-10,
      0.986682965585813
    ],
    [
      7.903663062944875e-05,
      0.05990661538350292,
      1.6018842375769312e-44,
      0.9400143479858678
    ],
    [
      0.9992059175615026,
      2.6332885348569652e-31,
      0.00039418081620007513,
      0.0003999016222974885
    ],
    [
      0.0002065608838089486,
      1.929363838770816e-08,
      5.1212867397514553e-26,
      0.9997934198225528
    ],
    [
      0.9385643132913565,
      2.8224117458922373e-37,
      0.0608760462746467,
      0.0005596404339969529
    ],
    [
      0.00018069470037390925,
      0.9596532823477001,
      5.85994198873452e-57,
      0.04016602295192605
    ],
    [
      0.4525540093765249,
      3.1977613394101344e-24,
      7.246355123830731e-06,
      0.5474387442683513
    ],
    [
      0.9997148507001579,
      7.117023759104397e-27,
      1.9620545005346463e-06,
      0.0002831872453417868
    ],
    [
      0.0008206080137303241,
      1.5435160584721933e-06,
      2.552410706154069e-28,
      0.9991778484702114
    ],
    [
      0.999589588355447,
      3.471297126722703e-21,
      4.677157780882279e-10,
      0.000410411176837474
    ],
    [
      0.9999487695140705,
      8.0591491104594445e-28,
      1.2065217414701325e-06,
      5.002396418798303e-05
    ],
    [
      0.03734333967359576,
      3.5772423519901506e-51,
      0.9624612071398426,
      0.00019545318656172026
    ],
    [
      5.741202227786218e-05,
      0.9456546984772678,
      3.8445387511706896e-59,
      0.054287889500454115
    ],
    [
      0.9988658439226115,
      5.636841548445686e-18,
      2.814736980951552e-12,
      0.001134156074573745
    ],
    [
      5.390224567505556e-05,
      0.005081554437492714,
      1.1588646130822034e-40,
      0.9948645433168324
    ],
    [
      0.9992714319719439,
      3.344142137006451e-33,
      0.0006494106069995435,
      7.915742105658515e-05
    ],
    [
      0.46847072305963716,
      5.6495287049875464e-43,
      0.5312918477136328,
      0.00023742922673002673
    ],
    [
      0.06725609622616058,
      2.978532461466016e-51,
      0.9326937013204049,
      5.020245343439363e-05
    ],
    [
      0.0300443663464637,
      5.583634972961346e-48,
      0.96447372248643,
      0.005481911167106225
    ],
    [
      0.0007566126292258266,
      7.244746594196455e-16,
      1.647161828566104e-15,
      0.9992433873707718
    ],
    [
      0.35816994457703993,
      1.0679250747549322e-15,
      4.8525693561109775e-12,
      0.6418300554181063
    ],
    [
      2.7780761599933823e-05,
      7.768044725173288e-10,
      1.3938689569162682e-25,
      0.9999722184615958
    ],
    [
      7.886320418609785e-05,
      0.0005590322495761688,
      5.2226459607054136e-37,
      0.9993621045462376
    ],
    [
      0.002580412880058296,
      3.529685319313184e-08,
      2.493374916032298e-24,
      0.9974195518230885
    ],
    [
      0.029576737361067525,
      1.5800589936039738e-17,
      1.0936304712328889e-11,
      0.970423262627996
    ],
    [
      0.9999832286667485,
      6.661964746016935e-27,
      1.0667062438984987e-07,
      1.6664662627384127e-05
    ],
    [
      0.15750623852344853,
      1.5541637823225636e-15,
      1.548963866797391e-12,
      0.8424937614750009
    ],
    [
      0.09930495884628648,
      1.435835750329934e-68,
      0.9006487965950118,
      4.6244558701549766e-05
    ],
    [
      0.0006520034301609608,
      0.0744359898637967,
      6.255988770802685e-42,
      0.9249120067060423
    ],
    [
      0.036339095207168125,
      4.021698388482644e-52,
      0.9635354950841305,
      0.00012540970870145477
    ],
    [
      0.9998256702641922,
      1.652129470737345e-25,
      1.905709059762519e-07,
      0.000174139164901967
    ],
    [
      6.975556002089447e-05,
      0.05326235103569346,
      1.7818246907496406e-44,
      0.9466678934042853
    ],
    [
      0.702974183798094,
      5.473417872481186e-27,
      0.0002164916989619154,
      0.29680932450294417
    ],
    [
      0.0003234047348649119,
      0.4480725632977046,
      2.0618891432349337e-47,
      0.5516040319674305
    ],
    [
      8.263419140771416e-06,
      3.239916137187711e-07,
      1.403866875004428e-31,
      0.9999914125892453
    ],
    [
      0.3733354314100125,
      1.424084004936141e-27,
      0.00028612272339493194,
