{
  "dataset": "moons",
  "algorithm": "gmm",
  "params": {
    "n_components": 3,
    "covariance_type": "diag"
  },
  "labels": [
    0,
    2,
    0,
    2,
    2,
    0,
    0,
    2,
    2,
    1,
    2,
    2,
    0,
    2,
    0,
    0,
    1,
    2,
    0,
    0,
    1,
    1,
    2,
    0,
    2,
    1,
    1,
    2,
    2,
    0,
    1,
    0,
    1,
    2,
    2,
    0,
    0,
    2,
    2,
    2,
    0,
    2,
    1,
    2,
    2,
    2,
    2,
    2,
    0,
    2,
    2,
    2,
    2,
    0,
    2,
    2,
    2,
    2,
    2,
    2,
    1,
    2,
    0,
    1,
    2,
    2,
    1,
    2,
    2,
    0,
    0,
    0,
    2,
    2,
    0,
    2,
    2,
    2,
    1,
    1,
    2,
    2,
    1,
    2,
    0,
    2,
    2,
    1,
    0,
    2,
    0,
    1,
    0,
    0,
    0,
    0,
    2,
    2,
    1,
    2,
    2,
    1,
    2,
    0,
    0,
    2,
    0,
    2,
    0,
    2,
    2,
    0,
    0,
    2,
    1,
    2,
    2,
    2,
    2,
    2,
    2,
    2,
    0,
    2,
    2,
    2,
    0,
    2,
    2,
    0,
    2,
    2,
    1,
    2,
    2,
    2,
    2,
    2,
    2,
    2,
    2,
    2,
    1,
    2,
    2,
    2,
    2,
    2,
    2,
    1,
    2,
    2,
    2,
    2,
    1,
    0,
    2,
    2,
    0,
    2,
    2,
    0,
    0,
    2,
    1,
    1,
    2,
    2,
    1,
    2,
    2,
    2,
    1,
    2,
    2,
    2,
    0,
    2,
    2,
    0,
    0,
    2,
    0,
    2,
    1,
    2,
    0,
    2,
    2,
    2,
    1,
    0,
    0,
    2,
    2,
    2,
    2,
    2,
    2,
    0,
    1,
    2,
    2,
    2,
    2,
    2,
    2,
    2,
    1,
    0,
    2,
    2,
    0,
    2,
    2,
    0,
    0,
    2,
    0,
    2,
    0,
    2,
    2,
    2,
    2,
    0,
    2,
    1,
    2,
    2,
    2,
    2,
    1,
    2,
    0,
    0,
    0,
    2,
    2,
    2,
    0,
    2,
    1,
    0,
    0,
    2,
    2,
    2,
    0,
    2,
    1,
    2,
    1,
    2,
    0,
    0,
    2,
    0,
    2,
    1,
    2,
    2,
    0,
    2,
    2,
    2,
    1,
    2,
    0,
    2,
    2,
    2,
    2,
    0,
    2,
    0,
    0,
    0,
    0,
    2,
    2,
    2,
    0,
    2,
    2,
    0,
    2,
    1,
    0,
    2,
    0,
    2,
    0,
    0,
    2,
    2,
    0,
    1,
    1,
    1,
    1,
    2,
    2,
    2,
    2,
    2,
    2,
    2,
    2,
    2,
    0,
    2,
    0,
    0,
    2,
    2,
    0,
    2,
    0,
    0,
    2,
    1,
    2,
    1,
    2,
    2,
    2,
    2,
    2,
    0,
    2,
    2,
    2,
    2,
    2,
    2,
    0,
    0,
    2,
    2,
    2,
    2,
    1,
    0,
    2,
    2,
    1,
    0,
    2,
    2,
    2,
    0,
    2,
    2,
    1,
    2,
    2,
    0,
    2,
    2,
    2,
    2,
    2,
    2,
    2,
    2,
    2,
    0,
    2,
    1,
    2,
    1,
    2,
    2,
    2,
    2,
    1,
    2,
    2,
    2,
    2,
    1,
    2,
    0,
    1,
    2,
    0,
    0,
    2,
    2,
    0,
    1,
    1,
    2,
    2,
    1,
    0,
    0,
    2,
    2,
    2,
    0,
    1,
    2,
    1,
    1,
    0,
    0,
    2,
    2,
    2,
    2,
    2,
    0,
    2,
    0,
    2,
    2,
    2,
    0,
    2,
    1,
    1,
    2,
    1,
    2,
    2,
    2,
    2,
    0,
    0,
    2,
    0,
    1,
    2,
    0,
    2,
    2,
    2,
    0,
    2,
    0,
    2,
    2,
    0,
    1,
    2,
    0,
    1,
    0,
    2,
    2,
    0,
    2,
    1,
    2,
    0,
    2,
    1,
    2,
    2,
    2,
    2,
    0,
    2,
    2,
    2,
    2,
    1,
    2,
    2,
    1,
    2,
    0,
    2,
    0,
    0,
    2,
    2,
    2,
    2,
    2,
    0,
    2,
    0,
    2,
    1,
    0,
    2,
    1,
    2,
    1,
    0,
    2,
    2,
    2,
    2,
    0,
    0,
    2
  ],
  "means": [
    {
      "x": 0.9307407476290118,
      "y": -0.4062038076443162
    },
    {
      "x": 1.9101867117657487,
      "y": 0.11920112676565527
    },
    {
      "x": 0.026079895583011842,
      "y": 0.5678829208857307
    }
  ],
  "probabilities": [
    [
      0.9859884923693433,
      8.522220428513823e-09,
      0.014011499108436255
    ],
    [
      3.6230139839331505e-10,
      2.587991893236637e-08,
      0.9999999737577796
    ],
    [
      0.9958429674228264,
      3.7748531106439123e-06,
      0.00415325772406298
    ],
    [
      3.6474160753569506e-14,
      1.3877231441262279e-30,
      0.9999999999999637
    ],
    [
      3.857578631617327e-17,
      1.2775938778760464e-18,
      1.0
    ],
    [
      0.9971038117864697,
      0.0002568275732922061,
      0.0026393606402383973
    ],
    [
      0.9878642624357985,
      1.8522533711689183e-05,
      0.012117215030489733
    ],
    [
      3.408559918109866e-16,
      2.4048792287974084e-24,
      0.9999999999999997
    ],
    [
      2.4621152550567216e-07,
      7.705005708531314e-13,
      0.999999753787704
    ],
    [
      0.4551441706010219,
      0.5387100807123063,
      0.00614574868667175
    ],
    [
      0.33398060677705116,
      4.988980158717516e-05,
      0.6659695034213615
    ],
    [
      2.1171984681465232e-07,
      1.1256894055452452e-39,
      0.9999997882801532
    ],
    [
      0.9587057839710953,
      0.03974984532064176,
      0.001544370708262845
    ],
    [
      2.503353390413261e-09,
      5.9395621463452886e-18,
      0.9999999974966467
    ],
    [
      0.9970436063046526,
      0.00014749953138382596,
      0.0028088941639637832
    ],
    [
      0.9971662012979721,
      0.0001416395843800759,
      0.0026921591176479248
    ],
    [
      1.9824825782766093e-05,
      0.981411551132339,
      0.01856862404187835
    ],
    [
      9.663272543898875e-05,
      1.6580304458083706e-06,
      0.9999017092441153
    ],
    [
      0.9897552413025781,
      6.509349861010903e-13,
      0.010244758696770988
    ],
    [
      0.7660634451289884,
      0.22829342900175018,
      0.0056431258692614195
    ],
    [
      8.371204013752183e-05,
      0.9847257137473393,
      0.015190574212523218
    ],
    [
      5.2629911900352364e-06,
      0.9747074542233041,
      0.025287282785505835
    ],
    [
      0.0008075080910080187,
      3.405178504916708e-27,
      0.999192491908992
    ],
    [
      0.9859719730332029,
      2.6431342654930537e-07,
      0.01402776265337065
    ],
    [
      2.5571160496858927e-07,
      4.017631061620529e-14,
      0.9999997442883549
    ],
    [
      1.7315907531622808e-06,
      0.9238484981965824,
      0.07614977021266411
    ],
    [
      0.00010312709851728122,
      0.9518631145361534,
      0.04803375836532951
    ],
    [
      4.948683920363264e-08,
      1.7812439972551325e-47,
      0.9999999505131608
    ],
    [
      1.027494608807315e-17,
      7.252410947971737e-21,
      1.0
    ],
    [
      0.9520673602986941,
      8.373629684589662e-16,
      0.047932639701305166
    ],
    [
      0.002713253787547047,
      0.9916806993251203,
      0.005606046887332743
    ],
    [
      0.9240932332513208,
      6.511712077814911e-17,
      0.07590676674867919
    ],
    [
      0.03366690690731875,
      0.9631561371358917,
      0.0031769559567896826
    ],
    [
      2.663773791944778e-12,
      4.087696559858602e-40,
      0.9999999999973361
    ],
    [
      0.024902174327435786,
      1.0439283168948957e-05,
      0.9750873863893954
    ],
    [
      0.9866262686099191,
      1.3028409383298469e-15,
      0.01337373139007963
    ],
    [
      0.9937211063514446,
      7.957968760223001e-05,
      0.006199313960953113
    ],
    [
      1.5611095130902904e-09,
      1.45219677795128e-09,
      0.9999999969866938
    ],
    [
      1.4068536970406529e-09,
      5.793351914864924e-51,
      0.9999999985931464
    ],
    [
      4.962898024193595e-10,
      1.1812616945583203e-10,
      0.9999999993855839
    ],
    [
      0.9981373088721635,
      0.0003019566990595086,
      0.0015607344287771445
    ],
    [
      1.5398658096582824e-11,
      3.22321401236936e-24,
      0.9999999999846014
    ],
    [
      9.211036228266418e-06,
      0.9483083238456295,
      0.05168246511814214
    ],
    [
      6.188100125210105e-08,
      1.5845394877303807e-46,
      0.999999938118999
    ],
    [
      0.029251237846038974,
      1.8285579414934223e-07,
      0.970748579298167
    ],
    [
      7.821275357598088e-11,
      9.406640892937701e-10,
      0.9999999989811235
    ],
    [
      0.25087505479603983,
      0.0005306723770624698,
      0.7485942728268978
    ],
    [
      0.0034418565052174895,
      0.00047339342289835724,
      0.9960847500718845
    ],
    [
      0.9964528837871972,
      0.0018675211071698566,
      0.0016795951056329207
    ],
    [
      0.005007209000013405,
      1.6117537906309023e-07,
      0.9949926298246077
    ],
    [
      1.3640095997231689e-12,
      3.140869696695086e-20,
      0.999999999998636
    ],
    [
      1.746498375745084e-13,
      9.91866323720107e-53,
      0.9999999999998256
    ],
    [
      1.6473445950602628e-14,
      2.361434422662503e-28,
      0.9999999999999836
    ],
    [
      0.9903803992661028,
      0.0033993765399271832,
      0.006220224193970097
    ],
    [
      1.7876782679287128e-09,
      6.804349242661368e-48,
      0.9999999982123219
    ],
    [
      1.3472892359642815e-10,
      2.860023437986333e-12,
      0.999999999862411
    ],
    [
      6.086322258573043e-14,
      1.6855018574930595e-31,
      0.9999999999999392
    ],
    [
      0.025206963011742984,
      2.8514227076831336e-07,
      0.9747927518459861
    ],
    [
      9.383941699051715e-09,
      4.106192855356038e-53,
      0.9999999906160585
    ],
    [
      3.4668007258251854e-14,
      8.578165278159963e-18,
      0.9999999999999654
    ],
    [
      0.00010529948121995548,
      0.9808412878754704,
      0.019053412643309776
    ],
    [
      0.00025992890008293,
      5.279304763983972e-28,
      0.9997400710999171
    ],
    [
      0.8950768539503637,
      1.0505455479583774e-16,
      0.1049231460496362
    ],
    [
      0.005656348706736939,
      0.9868289599314694,
      0.007514691361793909
    ],
    [
      3.64788921346918e-12,
      2.1740128615360127e-18,
      0.999999999996352
    ],
    [
      2.8026811127500883e-06,
      7.882623678160795e-08,
      0.9999971184926506
    ],
    [
      0.018033766483845724,
      0.9775310037072529,
      0.0044352298089014325
    ],
    [
      1.3629105801955875e-06,
      4.8090024626514015e-11,
      0.99999863704133
    ],
    [
      0.00020139834575787322,
      3.4493434651554765e-45,
      0.9997986016542424
    ],
    [
      0.9966084903399173,
      0.00020745876332075292,
      0.003184050896762187
    ],
    [
      0.9963799159531891,
      4.0344463556109826e-08,
      0.0036200437023474158
    ],
    [
      0.9916418845825545,
      5.050583022870302e-10,
      0.008358114912387197
    ],
    [
      0.0014451616809245595,
      2.2656246284113746e-24,
      0.9985548383190757
    ],
    [
      0.0002885492518237827,
      1.8845584290871717e-19,
      0.9997114507481761
    ],
    [
      0.8149315933895761,
      3.1237736303599012e-15,
      0.18506840661042093
    ],
    [
      0.3441926991568516,
      2.453604005851001e-13,
      0.655807300842903
    ],
    [
      1.3936234101754232e-06,
      1.3838590800458255e-25,
      0.9999986063765898
    ],
    [
      6.810820995707459e-08,
      2.5622556210015857e-13,
      0.9999999318915337
    ],
    [
      0.24369426575224432,
      0.7457578114135408,
      0.01054792283421497
    ],
    [
      0.004914930408317792,
      0.9897273156671151,
      0.005357753924567078
    ],
    [
      4.275691339617992e-14,
      9.04337830306051e-51,
      0.9999999999999574
    ],
    [
      8.16605645714203e-13,
      2.6503502729957413e-16,
      0.9999999999991831
    ],
    [
      2.344411089999425e-07,
      0.9004173981169186,
      0.09958236744197248
    ],
    [
      7.028426457713846e-11,
      6.891359159169454e-34,
      0.9999999999297158
    ],
    [
      0.8593424327641216,
      2.3884204941548045e-12,
      0.14065756723349
    ],
    [
      2.4974305575990695e-13,
      5.326491328579986e-16,
      0.9999999999997498
    ],
    [
      4.650742574083151e-12,
      2.5190882225892863e-42,
      0.9999999999953493
    ],
    [
      0.2648360087187062,
      0.6920117975914056,
      0.043152193689888284
    ],
    [
      0.86604266685074,
      1.8642190551091539e-16,
      0.1339573331492595
    ],
    [
      1.3177932540522463e-06,
      6.513293200437736e-30,
      0.9999986822067458
    ],
    [
      0.9934200800040066,
      2.306624413764269e-06,
      0.006577613371579694
    ],
    [
      0.00042321239573486015,
      0.9886873387039846,
      0.010889448900280513
    ],
    [
      0.9651168983890295,
      1.1544889619493857e-08,
      0.03488309006608111
    ],
    [
      0.8511043810242668,
      1.2413569138252546e-13,
      0.14889561897560913
    ],
    [
      0.732255991965825,
      0.14678519687864625,
      0.1209588111555286
    ],
    [
      0.9955240195369465,
      4.31796902632422e-11,
      0.004475980419873996
    ],
    [
      1.0382271802458176e-06,
      6.145295200705773e-13,
      0.9999989617722053
    ],
    [
      3.584772816258785e-07,
      4.5767769127472004e-07,
      0.9999991838450271
    ],
    [
      0.23997334113320148,
      0.7578280003264831,
      0.0021986585403155185
    ],
    [
      0.34620309609346256,
      0.00022514884404386645,
      0.6535717550624934
    ],
    [
      0.0007321597314764522,
      2.180900123396128e-47,
      0.9992678402685238
    ],
    [
      0.35891518991836124,
      0.6342482316046072,
      0.006836578477031397
    ],
    [
      0.0015443153031494369,
      1.3270428853123135e-08,
      0.998455671426422
    ],
    [
      0.5346810399001265,
      2.257448270882027e-16,
      0.4653189600998734
    ],
    [
      0.9608379359493605,
      1.5148242127405916e-14,
      0.039162064050624515
    ],
    [
      2.229878492014734e-12,
      2.296035566591779e-07,
      0.9999997703942134
    ],
    [
      0.5787907653851537,
      3.075049386395988e-16,
      0.42120923461484583
    ],
    [
      1.3920112839774336e-05,
      1.2683802525185887e-53,
      0.9999860798871604
    ],
    [
      0.9589026979499599,
      7.702595427741859e-16,
      0.041097302050039315
    ],
    [
      9.737297369125327e-13,
      6.741073867732711e-21,
      0.9999999999990263
    ],
    [
      2.8316705874782707e-14,
      2.410185711846668e-34,
      0.9999999999999717
    ],
    [
      0.8291661921059692,
      0.16344538115226329,
      0.007388426741767582
    ],
    [
      0.9768595088692729,
      1.7778462237461294e-11,
      0.02314049111294855
    ],
    [
      0.036132514833038455,
      0.0002028959032150918,
      0.9636645892637464
    ],
    [
      0.0015307820166472975,
      0.9920117128925857,
      0.006457505090767039
    ],
    [
      0.07708140556977468,
      6.679058974194171e-20,
      0.9229185944302252
    ],
    [
      2.928349726662328e-05,
      2.912579711235538e-50,
      0.9999707165027335
    ],
    [
      0.00019938682110329727,
      1.9277796523207535e-58,
      0.9998006131788971
    ],
    [
      3.699812672526063e-12,
      4.460586582685959e-22,
      0.9999999999963003
    ],
    [
      0.002159285460066594,
      1.1205687882393476e-06,
      0.9978395939711451
    ],
    [
      1.7252177569930077e-08,
      2.4164035508027064e-59,
      0.9999999827478223
    ],
    [
      5.6598873504734114e-08,
      4.9873018621804444e-42,
      0.9999999434011265
    ],
    [
      0.9859066076133564,
      5.736188510906281e-13,
      0.014093392386070193
    ],
    [
      3.8381937141766764e-11,
      3.619682694466793e-24,
      0.999999999961618
    ],
    [
      1.2964025804950618e-08,
      1.8929121633058512e-50,
      0.999999987035974
    ],
    [
      2.7255795563454037e-09,
      6.719614553768862e-45,
      0.9999999972744206
    ],
    [
      0.9973645816015773,
      0.0002523368235007474,
      0.0023830815749221173
    ],
    [
      9.03383871394123e-11,
      3.021110361036444e-47,
      0.9999999999096616
    ],
    [
      5.58589023832098e-10,
      3.6541780038751687e-25,
      0.9999999994414112
    ],
    [
      0.9685359337087054,
      3.1343255834837977e-13,
      0.03146406629098124
    ],
    [
      0.318288715727549,
      1.6594036529488534e-06,
      0.6817096248687979
    ],
    [
      2.315278482822908e-13,
      1.0069747192065846e-19,
      0.9999999999997684
    ],
    [
      0.0011880323031085058,
      0.9911610099663598,
      0.00765095773053205
    ],
    [
      5.7647587430301083e-05,
      8.062696833707302e-21,
      0.9999423524125697
    ],
    [
      2.358489545696813e-21,
      2.371421965302053e-39,
      1.0
    ],
    [
      1.3856764967137275e-08,
      6.21054906415577e-11,
      0.9999999860811294
    ],
    [
      1.2345045736259072e-08,
      3.864827834880657e-42,
      0.9999999876549542
    ],
    [
      0.0020309149792877585,
      0.006290248366843497,
      0.991678836653869
    ],
    [
      0.012895006893722078,
      5.829203248404787e-06,
      0.9870991639030297
    ],
    [
      0.00019170173946638622,
      1.9676738927239783e-20,
      0.9998082982605336
    ],
    [
      2.3560665943515276e-05,
      1.9731346616488904e-08,
      0.9999764196027099
    ],
    [
      7.661485348581527e-06,
      3.60959779186671e-52,
      0.9999923385146516
    ],
    [
      6.270331313252145e-07,
      0.9271659202568366,
      0.07283345271003185
    ],
    [
      1.889869523303738e-09,
      8.030292459744626e-15,
      0.9999999981101224
    ],
    [
      0.00011728750953262356,
      8.547059181626514e-16,
      0.9998827124904666
    ],
    [
      8.229527416087138e-05,
      8.665659076304988e-24,
      0.9999177047258391
    ],
    [
      0.0005210477675659132,
      3.004461543919604e-05,
      0.9994489076169948
    ],
    [
      1.0569780562135065e-06,
      1.433429910019112e-47,
      0.9999989430219438
    ],
    [
      0.00011086459491248303,
      5.552568236768632e-21,
      0.9998891354050876
    ],
    [
      0.4332888598720612,
      0.5568738238413444,
      0.009837316286594417
    ],
    [
      0.07393860794840482,
      0.0007424625275562628,
      0.9253189295240387
    ],
    [
      1.2974330605610818e-14,
      7.14039613860754e-25,
      0.9999999999999871
    ],
    [
      0.001113236972163532,
      3.175066038907793e-06,
      0.9988835879617977
    ],
    [
      0.003651373220804538,
      3.761540056192491e-06,
      0.9963448652391396
    ],
    [
      0.0005586056550826536,
      0.9917709020125086,
      0.007670492332408785
    ],
    [
      0.9967630008577599,
      1.1987424921419937e-06,
      0.0032358003997480945
    ],
    [
      0.06594428196976355,
      0.00010199265486328577,
      0.9339537253753731
    ],
    [
      2.2330632227727826e-11,
      6.583241371573724e-64,
      0.9999999999776695
    ],
    [
      0.9801435206924453,
      2.774016456181829e-05,
      0.01982873914299278
    ],
    [
      0.001063994360160306,
      1.0077390934706738e-07,
      0.9989359048659304
    ],
    [
      2.2532794241302457e-17,
      1.999581577596456e-30,
      1.0
    ],
    [
      0.9727550897425087,
      2.3842814499436824e-13,
      0.027244910257252983
    ],
    [
      0.8609940499101815,
      0.11355259136168708,
      0.025453358728131443
    ],
    [
      1.4340219836773929e-05,
      9.394012212361995e-07,
      0.999984720378942
    ],
    [
      0.01591647690475983,
      0.9711403499816765,
      0.012943173113563649
    ],
    [
      0.00012638479996567882,
      0.9897771177551815,
      0.010096497444852746
    ],
    [
      0.00689212317676212,
      1.1076803325923598e-06,
      0.9931067691429053
    ],
    [
      0.0007560380969847422,
      1.144792024726369e-05,
      0.9992325139827681
    ],
    [
      0.02911585896152987,
      0.9589312039566725,
      0.011952937081797725
    ],
    [
      3.1058709340766568e-15,
      4.228691488193575e-29,
      0.9999999999999969
    ],
    [
      0.0038602385874286376,
      0.0071783359481680875,
      0.9889614254644031
    ],
    [
      1.2905214187621909e-12,
      1.5336118286359707e-23,
      0.9999999999987095
    ],
    [
      0.0008133983240354585,
      0.8172487210910687,
      0.18193788058489607
    ],
    [
      2.278608146134183e-18,
      1.2155630525609985e-20,
      1.0
    ],
    [
      3.958971924029964e-17,
      3.5654033858327324e-21,
      1.0
    ],
    [
      4.7484642165286336e-11,
      2.553332120377308e-46,
      0.9999999999525153
    ],
    [
      0.9949182020722553,
      8.432552541887928e-11,
      0.005081797843419221
    ],
    [
      1.24566282011654e-11,
      2.5106552185553128e-39,
      0.9999999999875433
    ],
    [
      3.0488859097700167e-11,
      1.0525682565781897e-27,
      0.999999999969511
    ],
    [
      0.9922777408336904,
      1.6244359461001538e-09,
      0.007722257541873901
    ],
    [
      0.9819224243869769,
      3.09392338514239e-05,
      0.018046636379171848
    ],
    [
      1.8320736292525949e-09,
      3.4151105475120288e-49,
      0.9999999981679264
    ],
    [
      0.9931469015351225,
      0.004290974309315146,
      0.002562124155562462
    ],
    [
      0.01663754481258861,
      2.2584302673273374e-26,
      0.9833624551874116
    ],
    [
      0.15162854381983965,
      0.8454359672258227,
      0.0029354889543376094
    ],
    [
      1.0989415033573103e-11,
      5.057596720998528e-25,
      0.9999999999890107
    ],
    [
      0.9970081361848742,
      1.308564320270864e-07,
      0.0029917329586939974
    ],
    [
      1.6234446839905626e-09,
      7.921231821627412e-14,
      0.9999999983764761
    ],
    [
      1.1737558168406056e-07,
      5.065807764868863e-44,
      0.9999998826244184
    ],
    [
      2.0164907544911015e-14,
      9.138717568838271e-40,
      0.9999999999999798
    ],
    [
      6.954354994408274e-06,
      0.9777866699727344,
      0.022206375672271347
    ],
    [
      0.9949535210109763,
      9.150775624462166e-08,
      0.005046387481267512
    ],
    [
      0.9941591531353305,
      0.0006505578998239065,
      0.005190288964845557
    ],
    [
      0.00015738225163329937,
      7.184434439923192e-27,
      0.9998426177483669
    ],
    [
      1.9116251667817855e-15,
      4.825596765580111e-24,
      0.9999999999999983
    ],
    [
      0.00026739413089812736,
      4.0396487956780544e-56,
      0.999732605869102
    ],
    [
      1.5571207863287306e-13,
      3.6994791403997836e-30,
      0.9999999999998443
    ],
    [
      1.028673899851803e-07,
      6.339167751405648e-10,
      0.9999998964986933
    ],
    [
      3.5810923348428444e-16,
      2.3919781935380168e-34,
      0.9999999999999997
    ],
    [
      0.9963917092245227,
      1.2243054923442146e-09,
      0.0036082895511718215
    ],
    [
      0.11341806702102933,
      0.879030371767914,
      0.007551561211056689
    ],
    [
      9.452322288769421e-10,
      5.541132721159683e-11,
      0.9999999989993565
    ],
    [
      0.00323911057081346,
      9.666931280248531e-55,
      0.9967608894291871
    ],
    [
      7.983163825488426e-17,
      1.3600725349289034e-45,
      1.0
    ],
    [
      1.5259174569483736e-15,
      6.965719330988672e-37,
      0.9999999999999988
    ],
    [
      1.6464066874755249e-07,
      9.604340026104194e-42,
      0.9999998353593315
    ],
    [
      1.0588220898078092e-08,
      1.8534016847217298e-40,
      0.9999999894117791
    ],
    [
      0.002035878321882149,
      9.74068806302947e-13,
      0.9979641216771439
    ],
    [
      0.00016194725207785817,
      0.9851944480005252,
      0.014643604747397012
    ],
    [
      0.9924738382049481,
      6.39604427400052e-11,
      0.007526161731091493
    ],
    [
      1.2381164992273867e-08,
      2.3431542718020347e-27,
      0.999999987618835
    ],
    [
      7.211360129966209e-16,
      2.536561804109075e-24,
      0.9999999999999997
    ],
    [
      0.9844917010611556,
      6.434259319300666e-15,
      0.01550829893883803
    ],
    [
      0.43068741123654025,
      1.8787888805852248e-21,
      0.5693125887634597
    ],
    [
      1.4532402989732067e-05,
      1.919386675975858e-15,
      0.9999854675970083
    ],
    [
      0.9972279062460134,
      3.48489717008132e-09,
      0.002772090269089441
    ],
    [
      0.9858389479384733,
      0.0029588851109277822,
      0.011202166950599056
    ],
    [
      1.7997233666716732e-07,
      3.0059626258910447e-47,
      0.9999998200276634
    ],
    [
      0.9902095408767264,
      2.1683926103671245e-10,
      0.009790458906434317
    ],
    [
      1.0963031598768544e-05,
      2.555608450462744e-61,
      0.9999890369684014
    ],
    [
      0.9978178449699753,
      6.336377082931265e-06,
      0.0021758186529419964
    ],
    [
      0.0005187582668267716,
      5.485122699211457e-20,
      0.9994812417331733
    ],
    [
      3.0762859366684525e-06,
      7.446780065860019e-05,
      0.9999224559134048
    ],
    [
      2.0971306668580185e-11,
      9.890058808758412e-46,
      0.9999999999790288
    ],
    [
      3.0362556788382143e-12,
      5.842414421621108e-26,
      0.9999999999969638
    ],
    [
      0.9940729910226551,
      2.3106051314975213e-09,
      0.005927006666739815
    ],
    [
      1.76280557789362e-06,
      2.2403560550440556e-55,
      0.9999982371944219
    ],
    [
      0.0909092503292077,
      0.8651143618809745,
      0.04397638778981793
    ],
    [
      0.005774341583364284,
      4.467965193136575e-22,
      0.9942256584166359
    ],
    [
      6.458913527176095e-06,
      3.294987951417178e-09,
      0.9999935377914848
    ],
    [
      6.310308980505613e-14,
      6.570726256534488e-22,
      0.999999999999937
    ],
    [
      1.7620238865711428e-08,
      1.954629171486601e-15,
      0.9999999823797594
    ],
    [
      0.0938153960218264,
      0.903237007856676,
      0.0029475961214976395
    ],
    [
      0.0017528449245125647,
      5.145669687772359e-07,
      0.9982466405085189
    ],
    [
      0.9972492795247434,
      1.6678011327432834e-08,
      0.0027507037972454725
    ],
    [
      0.9823585670064532,
      3.3108373657627854e-14,
      0.017641432993513707
    ],
    [
      0.9543185994054219,
      6.8769403682449275e-12,
      0.04568140058770116
    ],
    [
      4.3012957973246636e-14,
      2.4530738115008482e-32,
      0.9999999999999569
    ],
    [
      2.334225210435864e-13,
      3.0565466311381522e-28,
      0.9999999999997666
    ],
    [
      3.971327388587726e-12,
      3.2197059531966246e-45,
      0.9999999999960287
    ],
    [
      0.998282176664183,
      2.4436116023234936e-05,
      0.0016933872197936422
    ],
    [
      4.291910411450587e-12,
      2.1222748132789903e-46,
      0.9999999999957082
    ],
    [
      0.24739151533086967,
      0.7441434353265263,
      0.008465049342604117
    ],
    [
      0.6223232091168472,
      0.0007743092100885774,
      0.37690248167306406
    ],
    [
      0.9983365144363459,
      1.2804644260678518e-05,
      0.0016506809193935093
    ],
    [
      1.68997236923536e-11,
      1.0018740118773122e-11,
      0.9999999999730815
    ],
    [
      2.90258107451384e-13,
      1.1018262131490466e-15,
      0.9999999999997088
    ],
    [
      1.0239389565995847e-07,
      1.07245640976524e-08,
      0.9999998868815403
    ],
    [
      0.8386935756923475,
      1.1324600798237013e-15,
      0.16130642430765132
    ],
    [
      1.5377630774541025e-15,
      1.9829395776189863e-40,
      0.9999999999999988
    ],
    [
      0.0004955681778224554,
      0.9906609364758197,
      0.008843495346357907
    ],
    [
      0.17004906936464662,
      1.504646064201863e-17,
      0.8299509306353534
    ],
    [
      0.000607060070320609,
      0.9922441421391878,
      0.007148797790491654
    ],
    [
      7.416121407322766e-08,
      9.390946971814244e-47,
      0.9999999258387858
    ],
    [
      0.8667608297623829,
      8.755844636277014e-19,
      0.13323917023761708
    ],
    [
      0.9551808107158691,
      0.0408974743056645,
      0.003921714978466394
    ],
    [
      4.118016898392629e-11,
      3.755648937750008e-30,
      0.9999999999588198
    ],
    [
      0.9955856590892639,
      2.388187980758828e-08,
      0.004414317028856345
    ],
    [
      4.692285393357531e-10,
      5.4887357348434454e-36,
      0.9999999995307717
    ],
    [
      0.0017511931909779356,
      0.9897822531984606,
      0.008466553610561497
    ],
    [
      0.023298004336761498,
      2.3973116183082644e-23,
      0.9767019956632386
    ],
    [
      3.848591155241803e-12,
      7.665530297316419e-26,
      0.9999999999961514
    ],
    [
      0.9879529209386798,
      2.1203680053763752e-06,
      0.012044958693314897
    ],
    [
      2.461127215939027e-12,
      2.3872058214177464e-20,
      0.999999999997539
    ],
    [
      5.465604817569298e-15,
      8.111911728467058e-27,
      0.9999999999999946
    ],
    [
      5.783561473879663e-07,
      1.6879690073637758e-48,
      0.9999994216438529
    ],
    [
      0.009839692412110308,
      0.9854578428361546,
      0.004702464751735363
    ],
    [
      3.4409041373900154e-11,
      2.976166211989544e-17,
      0.9999999999655909
    ],
    [
      0.9941639352602695,
      0.0033509984611550837,
      0.0024850662785756354
    ],
    [
      1.6344078793000087e-13,
      5.008359060784019e-32,
      0.9999999999998366
    ],
    [
      5.674866873155911e-10,
      2.588884416828473e-41,
      0.9999999994325133
    ],
    [
      3.4471796699926886e-09,
      1.0358157165692907e-48,
      0.9999999965528205
    ],
    [
      0.0007793752482846121,
      1.3798818808189095e-45,
      0.9992206247517155
    ],
    [
      0.9857929592413257,
      2.2477778576972172e-15,
      0.014207040758672233
    ],
    [
      0.02360891139506694,
      6.107189333859615e-15,
      0.9763910886049268
    ],
    [
      0.9970837936739205,
      1.712193525329896e-09,
      0.002916204613885926
    ],
    [
      0.9968135374594577,
      0.0004112583217832298,
      0.002775204218759328
    ],
    [
      0.968747086040609,
      7.883494960206774e-08,
      0.03125283512444146
    ],
    [
      0.7320184878535422,
      1.2986444515347017e-16,
      0.2679815121464576
    ],
    [
      3.43092006528308e-17,
      5.328887453313552e-26,
      1.0
    ],
    [
      0.1480721231561575,
      1.2847173624756678e-14,
      0.8519278768438293
    ],
    [
      1.531900307221406e-09,
      3.5241599481044574e-66,
      0.9999999984680996
    ],
    [
      0.8660242459524082,
      0.1083034800059603,
      0.025672274041631315
    ],
    [
      2.1300865500259678e-07,
      2.10249684005846e-49,
      0.999999786991345
    ],
    [
      3.921282400166187e-13,
      1.5585056237464158e-24,
      0.9999999999996079
    ],
    [
      0.9610934331845452,
      0.03535684166938233,
      0.00354972514607229
    ],
    [
      0.0038591037901770653,
      3.888102558295274e-26,
      0.9961408962098229
    ],
    [
      0.4090702825143266,
      0.5736321543303367,
      0.01729756315533683
    ],
    [
      0.9980293795583968,
      6.53635176384136e-07,
      0.001969966806426962
    ],
    [
      0.04246923660353941,
      1.2496885836760719e-26,
      0.9575307633964606
    ],
    [
      0.9840929541754092,
      7.88456793911022e-09,
      0.01590703794002276
    ],
    [
      0.009977926306473449,
      3.1041360733596604e-25,
      0.9900220736935266
    ],
    [
      0.9980003112988238,
      6.314045107573365e-05,
      0.0019365482501004425
    ],
    [
      0.9256237232116699,
      8.852376303981933e-14,
      0.07437627678824144
    ],
    [
      3.285496266480969e-13,
      4.675706340142781e-21,
      0.9999999999996715
    ],
    [
      1.2905274842946762e-13,
      1.5095838207835473e-41,
      0.999999999999871
    ],
    [
      0.524803807709581,
      6.2163955994895876e-18,
      0.47519619229041893
    ],
    [
      0.3325128176687863,
      0.6640319812651121,
      0.003455201066101808
    ],
    [
      0.00010366258462592871,
      0.9892916202977985,
      0.01060471711757563
    ],
    [
      0.00020865210749037465,
      0.9860660770538492,
      0.0137252708386605
    ],
    [
      0.3644763920486764,
      0.6148461932887884,
      0.02067741466253511
    ],
    [
      0.0002833783031996199,
      2.462484129313906e-51,
      0.9997166216968003
    ],
    [
      0.00960894507736967,
      4.4759345693210796e-15,
      0.9903910549226259
    ],
    [
      3.4360121153249563e-09,
      1.7276787949293424e-36,
      0.999999996563988
    ],
    [
      1.0377024756206676e-13,
      1.8890475685623366e-28,
      0.9999999999998964
    ],
    [
      7.850641407783413e-12,
      1.3477735574380124e-47,
      0.9999999999921495
    ],
    [
      2.4959541635957307e-06,
      3.9054730825547485e-19,
      0.9999975040458364
    ],
    [
      7.100512948897372e-08,
      3.99318041376664e-53,
      0.9999999289948706
    ],
    [
      4.650269349490978e-12,
      1.1026733424482952e-27,
      0.9999999999953497
    ],
    [
      1.2945382070842957e-13,
      2.3062785009756196e-26,
      0.9999999999998705
    ],
    [
      0.9920897585002744,
      4.278196909200195e-10,
      0.007910241071906047
    ],
    [
      5.772790391231417e-09,
      1.6499580578023283e-56,
      0.9999999942272099
    ],
    [
      0.9949297956174079,
      0.0007646872787053539,
      0.004305517103886805
    ],
    [
      0.9948216860192329,
      0.0018280833829732578,
      0.00335023059779395
    ],
    [
      2.620881671657748e-16,
      7.910632563928451e-27,
      1.0
    ],
    [
      0.0019962120402547603,
      1.558307645138867e-20,
      0.9980037879597453
    ],
    [
      0.5372915870929448,
      0.3977596852732807,
      0.06494872763377449
    ],
    [
      2.465763397597093e-14,
      1.2276979447125786e-19,
      0.9999999999999754
    ],
    [
      0.9962752002309028,
      7.2268660207626805e-06,
      0.0037175729030765135
    ],
    [
      0.9441995011667763,
      5.436172102233143e-17,
      0.055800498833223564
    ],
    [
      1.0530317753931044e-11,
      2.124788311568882e-29,
      0.9999999999894699
    ],
    [
      0.08155652221954672,
      0.9140529557947754,
      0.004390521985677679
    ],
    [
      1.8065687262708258e-05,
      1.984919144386682e-07,
      0.9999817358208228
    ],
    [
      0.0027710706678717506,
      0.9880079591745192,
      0.00922097015760913
    ],
    [
      5.032141668593709e-10,
      1.1175556529120112e-12,
      0.9999999994956684
    ],
    [
      0.01282015490915251,
      3.7973889788749246e-16,
      0.9871798450908471
    ],
    [
      9.10744752895551e-10,
      6.249700251225641e-17,
      0.9999999990892553
    ],
    [
      0.00012101464383619118,
      9.067490352979601e-54,
      0.9998789853561642
    ],
    [
      9.467542971322809e-12,
      5.294461519907766e-49,
      0.9999999999905326
    ],
    [
      0.9954984546648032,
      3.6063608239865505e-06,
      0.004497938974372879
    ],
    [
      3.838692155317808e-12,
      3.142588854154539e-31,
      0.9999999999961613
    ],
    [
      0.13658869338679816,
      1.240972756767448e-07,
      0.863411182515926
    ],
    [
      1.1915290277999846e-05,
      1.1052730948812496e-05,
      0.9999770319787734
    ],
    [
      0.00995517119178983,
      4.1924356074069075e-05,
      0.9900029044521361
    ],
    [
      2.3074132412745796e-14,
      7.715408699640063e-37,
      0.999999999999977
    ],
    [
      7.652282975674657e-14,
      9.267368893342155e-34,
      0.9999999999999234
    ],
    [
      0.9683878817038316,
      0.030030422490104236,
      0.0015816958060644254
    ],
    [
      0.7750304738587288,
      6.48258277423352e-16,
      0.22496952614127053
    ],
    [
      3.706707383215575e-06,
      4.121247954808127e-45,
      0.9999962932926169
    ],
    [
      3.0006857198262845e-09,
      4.451481359923382e-17,
      0.9999999969993144
    ],
    [
      4.930100643756806e-09,
      3.648144387599256e-09,
      0.9999999914217551
    ],
    [
      9.123759866643946e-07,
      1.2421457997452958e-55,
      0.9999990876240133
    ],
    [
      1.0674640566836263e-05,
      0.9806729547098003,
      0.019316370649632906
    ],
    [
      0.9965581119733966,
      1.5078519161536066e-07,
      0.003441737241412054
    ],
    [
      2.4117732954928734e-11,
      1.156817673254655e-50,
      0.9999999999758822
    ],
    [
      0.001038937718559646,
      5.622752566605566e-05,
      0.9989048347557745
    ],
    [
      3.887473894910245e-07,
      0.9156327404788297,
      0.0843668707737808
    ],
    [
      0.6536035026969079,
      0.3326405629602086,
      0.013755934342883308
    ],
    [
      1.109127617110826e-14,
      7.0216842993154295e-56,
      0.9999999999999889
    ],
    [
      0.0030648290174691,
      1.179843171548502e-25,
      0.996935170982531
    ],
    [
      0.0002504330697257179,
      6.033548190857926e-24,
      0.9997495669302745
    ],
    [
      0.9890915287093363,
      0.005694809446299347,
      0.005213661844364613
    ],
    [
      0.027904741763892293,
      1.7987761088785226e-06,
      0.972093459459999
    ],
    [
      0.0007061406454248482,
      7.898971543459435e-24,
      0.9992938593545752
    ],
    [
      0.16175657566834906,
      0.7708089332616481,
      0.06743449107000295
    ],
    [
      1.6949636557819698e-13,
      1.1235207552074467e-23,
      0.9999999999998307
    ],
    [
      2.907854760473932e-05,
      5.337028386308293e-49,
      0.9999709214523954
    ],
    [
      0.8174014313033805,
      0.18104611031646578,
      0.0015524583801538661
    ],
    [
      5.3750481905619e-08,
      2.589961604971348e-48,
      0.9999999462495184
    ],
    [
      6.620395537435236e-10,
      7.354990196338751e-40,
      0.9999999993379605
    ],
    [
      1.642785342987076e-16,
      4.134464511639579e-22,
      1.0
    ],
    [
      0.027236411367389256,
      4.0987958604944547e-16,
      0.9727635886326104
    ],
    [
      5.114150261085652e-09,
      9.48316467221822e-46,
      0.9999999948858499
    ],
    [
      3.374435049631638e-08,
      3.9794055089062556e-11,
      0.9999999662158556
    ],
    [
      2.9092194344491274e-06,
      1.1328291111785888e-11,
      0.9999970907692372
    ],
    [
      0.004630688093480452,
      0.0003091372036143366,
      0.9950601747029053
    ],
    [
      0.0003043954513591383,
      1.9385199779427928e-19,
      0.9996956045486409
    ],
    [
      0.9617951218406556,
      4.628631470918943e-19,
      0.03820487815934428
    ],
    [
      2.8766391851240377e-10,
      3.7332417725223586e-43,
      0.9999999997123361
    ],
    [
      0.13709965615233768,
      0.8563930457567991,
      0.006507298090863337
    ],
    [
      5.834436766453128e-05,
      4.394740697960352e-06,
      0.9999372608916375
    ],
    [
      0.05735998642531085,
      0.9348053949123895,
      0.007834618662299687
    ],
    [
      5.621458356311888e-06,
      6.006786219143803e-50,
      0.9999943785416436
    ],
    [
      4.284714864211418e-06,
      4.290892244625166e-23,
      0.9999957152851358
    ],
    [
      0.0013519806698603077,
      5.233368314552689e-19,
      0.9986480193301398
    ],
    [
      9.762685159707647e-12,
      1.9258930669466878e-28,
      0.9999999999902374
    ],
    [
      0.05129834911333277,
      0.9447767379421451,
      0.003924912944521941
    ],
    [
      1.2125618861180347e-17,
      4.424610386282025e-31,
      1.0
    ],
    [
      5.100202022236837e-07,
      1.0675182039913197e-06,
      0.9999984224615939
    ],
    [
      5.402433879364194e-16,
