{
  "dataset": "moons",
  "algorithm": "gmm",
  "params": {
    "n_components": 6,
    "covariance_type": "full"
  },
  "labels": [
    5,
    0,
    5,
    4,
    4,
    5,
    5,
    4,
    0,
    1,
    0,
    2,
    1,
    0,
    5,
    5,
    1,
    0,
    5,
    1,
    1,
    1,
    3,
    5,
    0,
    1,
    1,
    2,
    4,
    3,
    1,
    3,
    1,
    2,
    0,
    3,
    5,
    0,
    2,
    0,
    5,
    4,
    1,
    2,
    0,
    0,
    0,
    0,
    5,
    0,
    4,
    2,
    4,
    5,
    2,
    0,
    4,
    0,
    2,
    4,
    1,
    3,
    3,
    1,
    4,
    0,
    1,
    0,
    2,
    5,
    5,
    5,
    3,
    3,
    3,
    3,
    3,
    0,
    1,
    1,
    2,
    4,
    1,
    4,
    3,
    4,
    2,
    1,
    3,
    3,
    5,
    1,
    5,
    3,
    1,
    5,
    0,
    0,
    1,
    0,
    2,
    1,
    0,
    3,
    3,
    0,
    3,
    2,
    3,
    4,
    4,
    1,
    5,
    0,
    1,
    3,
    2,
    2,
    4,
    0,
    2,
    2,
    3,
    4,
    2,
    2,
    5,
    2,
    4,
    3,
    0,
    4,
    1,
    3,
    2,
    0,
    2,
    0,
    0,
    3,
    0,
    2,
    1,
    0,
    3,
    3,
    0,
    2,
    3,
    1,
    0,
    4,
    0,
    0,
    1,
    5,
    0,
    2,
    5,
    0,
    4,
    3,
    1,
    0,
    1,
    1,
    0,
    0,
    1,
    4,
    0,
    4,
    1,
    4,
    4,
    2,
    5,
    2,
    4,
    5,
    5,
    2,
    5,
    3,
    1,
    4,
    5,
    0,
    2,
    2,
    1,
    5,
    5,
    3,
    4,
    2,
    4,
    0,
    4,
    5,
    1,
    0,
    2,
    2,
    4,
    2,
    2,
    0,
    1,
    5,
    3,
    4,
    3,
    3,
    0,
    5,
    5,
    2,
    5,
    2,
    5,
    3,
    0,
    2,
    4,
    5,
    2,
    1,
    3,
    0,
    4,
    0,
    1,
    0,
    5,
    3,
    3,
    4,
    4,
    2,
    5,
    2,
    1,
    0,
    5,
    0,
    4,
    0,
    3,
    2,
    1,
    3,
    1,
    2,
    3,
    1,
    4,
    5,
    2,
    1,
    3,
    4,
    5,
    4,
    4,
    2,
    1,
    4,
    5,
    4,
    2,
    2,
    2,
    3,
    3,
    5,
    5,
    5,
    3,
    4,
    3,
    2,
    1,
    2,
    4,
    1,
    3,
    1,
    5,
    3,
    5,
    3,
    5,
    3,
    4,
    2,
    3,
    1,
    1,
    1,
    1,
    2,
    3,
    2,
    4,
    2,
    3,
    2,
    4,
    4,
    5,
    2,
    5,
    5,
    4,
    3,
    1,
    4,
    5,
    3,
    4,
    1,
    0,
    1,
    0,
    3,
    0,
    2,
    2,
    5,
    4,
    0,
    0,
    0,
    4,
    4,
    5,
    3,
    2,
    0,
    0,
    2,
    1,
    5,
    2,
    0,
    1,
    1,
    2,
    3,
    3,
    5,
    0,
    3,
    1,
    4,
    2,
    1,
    2,
    2,
    4,
    3,
    2,
    0,
    0,
    0,
    3,
    3,
    2,
    1,
    0,
    1,
    2,
    3,
    3,
    4,
    1,
    4,
    0,
    4,
    4,
    1,
    0,
    3,
    1,
    4,
    3,
    0,
    4,
    0,
    5,
    1,
    1,
    2,
    3,
    1,
    5,
    3,
    2,
    2,
    2,
    3,
    1,
    3,
    1,
    1,
    3,
    3,
    0,
    2,
    4,
    0,
    2,
    5,
    2,
    3,
    3,
    0,
    0,
    5,
    0,
    1,
    1,
    0,
    1,
    0,
    2,
    0,
    3,
    1,
    5,
    4,
    5,
    1,
    0,
    3,
    3,
    2,
    0,
    3,
    0,
    5,
    3,
    4,
    3,
    1,
    4,
    3,
    1,
    3,
    2,
    0,
    5,
    0,
    1,
    2,
    1,
    2,
    1,
    2,
    4,
    0,
    0,
    5,
    2,
    3,
    0,
    3,
    1,
    4,
    3,
    1,
    2,
    5,
    3,
    1,
    3,
    3,
    3,
    4,
    4,
    4,
    5,
    4,
    5,
    0,
    1,
    3,
    2,
    1,
    4,
    1,
    0,
    2,
    4,
    4,
    3,
    3,
    5,
    4
  ],
  "means": [
    {
      "x": 0.796122493692614,
      "y": 0.4899767934873706
    },
    {
      "x": 1.8345476238975056,
      "y": 0.029196268374604675
    },
    {
      "x": -0.8295862389642533,
      "y": 0.4980621581404898
    },
    {
      "x": 0.22508635140139027,
      "y": -0.03027183117973846
    },
    {
      "x": -0.01711063944576523,
      "y": 0.9878940858533958
    },
    {
      "x": 1.0266986852952906,
      "y": -0.49585151779678494
    }
  ],
  "probabilities": [
    [
      0.001905680087974294,
      1.8767147708892245e-05,
      1.3629209845713252e-30,
      0.03336969445315153,
      3.2203702144564485e-32,
      0.9647058583111653
    ],
    [
      0.9974966508493388,
      3.5065575116917116e-14,
      8.864149856528925e-19,
      7.73255741412392e-12,
      0.0025033491428933627,
      3.623715415624107e-23
    ],
    [
      0.0012042007111465634,
      0.0036290276318397996,
      3.991013043866281e-40,
      0.000269774128144534,
      4.842132994619668e-40,
      0.9948969975288691
    ],
    [
      0.00026255576207027205,
      3.259898506568869e-47,
      0.008092297385872478,
      0.006683248472707117,
      0.9849618983793502,
      2.6325738640579642e-33
    ],
    [
      0.12689800426143832,
      4.590630498245873e-33,
      1.0922966287962185e-07,
      2.5224406854611846e-08,
      0.8731018612844917,
      2.5280720347764634e-39
    ],
    [
      0.0017227534002786451,
      0.06501726310924676,
      2.1204608682502892e-47,
      2.3549664986980273e-06,
      2.822366628531117e-44,
      0.9332576285239759
    ],
    [
      0.021865927961533256,
      0.006325638758293359,
      4.787638218034161e-38,
      8.551667972763977e-05,
      8.532579529647242e-34,
      0.971722916600446
    ],
    [
      0.015811172469834038,
      9.685681789623476e-41,
      6.84429671623834e-05,
      4.690896061687481e-05,
      0.9840734756023866,
      1.21545612714887e-37
    ],
    [
      0.9995476580643752,
      1.0475673418602003e-18,
      1.3781882618280077e-13,
      5.5169946540475624e-05,
      0.00039717198894648274,
      4.4404357195409227e-17
    ],
    [
      0.0009160322558261297,
      0.973299105964499,
      1.5956472654651296e-60,
      2.8844637309496195e-16,
      3.059774109040065e-41,
      0.025784861779674678
    ],
    [
      0.9992729863416924,
      4.558767635253146e-05,
      8.732199408023299e-30,
      9.590437289790608e-06,
      1.7898117973921558e-19,
      0.0006718355446653233
    ],
    [
      1.5919932375892377e-10,
      6.085616285048409e-49,
      0.9956980748858294,
      0.003129963128403018,
      0.001171961826568154,
      4.878468864623086e-18
    ],
    [
      0.0008850831849415949,
      0.5205137939011594,
      3.143169221590828e-61,
      6.991475808900652e-11,
      3.1958293783458493e-52,
      0.4786011228439843
    ],
    [
      0.7317107063625132,
      4.5493577239810226e-26,
      4.509498828666757e-08,
      0.004856751465127452,
      0.26343249707737093,
      5.122189414032092e-21
    ],
    [
      0.001700079653686661,
      0.045862695702404505,
      2.7129409966450367e-46,
      4.946746616585153e-06,
      1.2993666713455714e-43,
      0.9524322778972922
    ],
    [
      0.0015336333761706105,
      0.046176668627407075,
      1.9145851209645593e-46,
      5.380647315191804e-06,
      5.599359560005088e-44,
      0.952284317349107
    ],
    [
      3.4922535502063573e-07,
      0.9999996507698161,
      5.338520093009644e-60,
      2.1663012556829905e-32,
      3.5062601268402406e-24,
      4.829090616913692e-12
    ],
    [
      0.9999999824528557,
      1.5082483589885978e-09,
      7.029141636065829e-24,
      1.5149286612105515e-08,
      8.817016004695624e-10,
      7.907618931777756e-12
    ],
    [
      3.145915138086023e-06,
      4.2684661575743345e-08,
      6.690985277145398e-26,
      0.4546301628392777,
      1.571424173799954e-35,
      0.5453666485609224
    ],
    [
      0.002048872568825242,
      0.893444196381249,
      2.5631493052767825e-58,
      8.091327552744148e-14,
      2.038769748919903e-42,
      0.10450693104984468
    ],
    [
      2.10622774345996e-06,
      0.9999978935981323,
      3.1459729602859367e-59,
      8.632727915003282e-30,
      2.6127801495625082e-25,
      1.7412436315581214e-10
    ],
    [
      1.7527480812638731e-09,
      0.9999999982471985,
      5.970717083593363e-66,
      6.09230341915525e-39,
      2.9657917320730775e-25,
      5.3257731587965936e-14
    ],
    [
      9.357579354490113e-07,
      3.2074379393653204e-30,
      9.904563395766529e-05,
      0.9998999572146073,
      5.956674029705646e-08,
      1.8267592988675463e-09
    ],
    [
      0.007698949804875841,
      0.00024042743235480022,
      2.236077275247175e-33,
      0.003931782761097673,
      2.0911965827836654e-32,
      0.9881288400016716
    ],
    [
      0.9983726627424203,
      4.527245595832593e-20,
      4.346592176348126e-12,
      0.0005368529094082378,
      0.0010904843438250512,
      7.426649595976795e-17
    ],
    [
      1.1720177139863837e-05,
      0.9999882798228382,
      3.542799597304246e-51,
      7.687825195874129e-30,
      9.254883569177966e-18,
      2.207126713002933e-14
    ],
    [
      0.00019015389256166684,
      0.9998098458608454,
      2.332500696335364e-51,
      4.45165162398123e-25,
      3.796791456127124e-21,
      2.465929113987222e-10
    ],
    [
      5.829458057239473e-15,
      8.44221261628807e-59,
      0.9998993844066151,
      1.754822010493841e-06,
      9.886077136862418e-05,
      1.4332027574092603e-20
    ],
    [
      0.0865720122249863,
      1.247358659335916e-36,
      2.7360504118618337e-06,
      3.0028373488710785e-07,
      0.913424951440867,
      1.114584598783224e-40
    ],
    [
      1.7972848275976576e-06,
      5.2099426933788714e-12,
      2.6864806464907964e-19,
      0.9003742475202271,
      8.647109900171511e-28,
      0.0996239551897354
    ],
    [
      3.879776013487121e-06,
      0.9999954590720881,
      5.988460257511745e-65,
      1.407055095680041e-27,
      8.588903711598245e-33,
      6.61151898540802e-07
    ],
    [
      9.121022164211467e-07,
      2.09292280436e-13,
      1.730987679868898e-17,
      0.9509178310176565,
      4.4183053249849977e-26,
      0.049081256879917545
    ],
    [
      1.3538166525845329e-05,
      0.999723678359453,
      3.4913526945757364e-69,
      6.508072507577226e-25,
      7.389828801399268e-40,
      0.0002627834740212472
    ],
    [
      3.9577626990025395e-08,
      1.7042086767900916e-56,
      0.6977828064045585,
      0.007911501998499038,
      0.2943056520193155,
      2.838024415344791e-29
    ],
    [
      0.9999968894212035,
      5.109925889691975e-07,
      7.118127383959233e-27,
      1.4266226463018942e-06,
      4.266851976053095e-15,
      1.1729635570798478e-06
    ],
    [
      8.023881306893272e-08,
      6.186839622454738e-10,
      1.6583194625691551e-22,
      0.6681925855410988,
      8.909622451546219e-36,
      0.3318073336014041
    ],
    [
      0.007764420899993218,
      0.021892664394000044,
      3.991450724764078e-42,
      1.0934280899591553e-05,
      7.862423045181391e-38,
      0.9703319804251073
    ],
    [
      0.9981580311648789,
      6.958880050513304e-16,
      3.337909240147375e-17,
      7.439431004415342e-10,
      0.0018419680911773843,
      5.360642740263702e-22
    ],
    [
      1.4717757981506574e-15,
      4.669061169075611e-65,
      0.9994468650381327,
      3.9446512820835763e-07,
      0.0005527404967374087,
      3.533626798548811e-24
    ],
    [
      0.9926637933394014,
      1.2040108217642663e-17,
      1.2312943610116387e-15,
      3.626688940361195e-09,
      0.007336203033908383,
      4.251805522805685e-23
    ],
    [
      0.0005563777057061612,
      0.12404461412924944,
      6.68439362030686e-51,
      4.960190124183758e-06,
      1.5891819633870215e-50,
      0.8753940479749204
    ],
    [
      0.009889490221738208,
      1.6164983162256904e-36,
      6.939467908042582e-05,
      0.008164672897358729,
      0.9818764422018227,
      7.352895121645314e-27
    ],
    [
      2.0363464319503386e-05,
      0.9999796365346106,
      2.9576618239465013e-52,
      1.6570018574996767e-28,
      1.385580055163292e-19,
      1.0700534288086071e-12
    ],
    [
      1.8043387895517194e-14,
      1.2992470209241953e-57,
      0.9998762272982308,
      4.191882267227301e-06,
      0.0001195808194841569,
      2.93007860322558e-20
    ],
    [
      0.9998615588946718,
      1.2494559595969388e-08,
      1.8270873486504034e-23,
      0.00013550016016239546,
      2.963205301661238e-14,
      2.9284505768291545e-06
    ],
    [
      0.986610312791835,
      1.262756972002457e-16,
      1.410099622102784e-16,
      8.703334770382178e-11,
      0.01338968712113143,
      1.0303017182115393e-24
    ],
    [
      0.9995097236382074,
      0.00026752078050686686,
      5.356831167259298e-32,
      2.876284881153225e-07,
      1.4395083673433832e-19,
      0.00022246795279754917
    ],
    [
      0.9999886127574861,
      1.1370353000133737e-05,
      5.671890302512715e-30,
      7.456901880506085e-10,
      4.831968577339764e-14,
      1.6143775138357174e-08
    ],
    [
      0.0010013594150646368,
      0.21782087383926474,
      2.258161244311395e-53,
      1.4936098180155778e-07,
      1.3473759566533982e-49,
      0.7811776173846889
    ],
    [
      0.9999821937084904,
      1.912683789745375e-09,
      6.672434354462764e-23,
      1.7753216417231067e-05,
      1.9868188198924262e-12,
      5.116042196475651e-08
    ],
    [
      0.0792205272817305,
      2.1796329686559503e-32,
      5.446242072609328e-07,
      0.00010415879056766549,
      0.9206747693034947,
      3.2686707178935346e-29
    ],
    [
      2.9118853258663436e-13,
      1.7592169487753517e-72,
      0.9824787076460468,
      8.965664694389942e-06,
      0.017512326688967576,
      1.446021844094572e-32
    ],
    [
      0.0011276275427281567,
      9.453050025315489e-45,
      0.001609517627245503,
      0.002247445919802383,
      0.995015408910224,
      4.643323357565317e-34
    ],
    [
      0.012970906691604877,
      0.24807395588483638,
      8.845264041300651e-48,
      3.402719130204301e-08,
      3.394536506251738e-39,
      0.7389551033963676
    ],
    [
      5.87203068168637e-14,
      1.2664511439921718e-61,
      0.998701855379587,
      5.815332833894132e-06,
      0.0012923292875204318,
      9.284036650410953e-24
    ],
    [
      0.9636299965859957,
      3.74082961912027e-20,
      1.412931227433497e-13,
      4.110350606511894e-08,
      0.036369962310357176,
      2.429623683732772e-24
    ],
    [
      0.00013354928320875712,
      4.0966213648250155e-48,
      0.014948910079633858,
      0.009851254217704037,
      0.9750662864194535,
      8.348410342857727e-33
    ],
    [
      0.9999261443457352,
      1.5937198604164242e-08,
      8.829785340118525e-24,
      7.192363523523806e-05,
      3.379803934382972e-14,
      1.9160817972876195e-06
    ],
    [
      1.507336439963e-17,
      7.087307558698114e-66,
      0.9999395779156326,
      1.4687821780942338e-08,
      6.040739654579537e-05,
      1.6572817247505246e-22
    ],
    [
      0.16142502522581398,
      3.066907601313334e-30,
      1.653456532179548e-08,
      5.365167792766955e-07,
      0.8385744217228414,
      9.084805470980407e-33
    ],
    [
      8.740368837026038e-06,
      0.9999912593251127,
      5.844451385907022e-57,
      3.9668136050511493e-28,
      2.2548826517918536e-24,
      3.060503688662093e-10
    ],
    [
      1.1664582605550863e-06,
      1.0018801975970886e-31,
      0.0004207633791419844,
      0.9995773419311956,
      7.280439189452317e-07,
      1.8748324284527672e-10
    ],
    [
      2.05269310791245e-06,
      1.0636907051264956e-13,
      3.644425256324799e-17,
      0.970993377121005,
      1.0110870398636237e-24,
      0.029004570185780645
    ],
    [
      3.356750007290915e-05,
      0.9999635609129208,
      4.2015788248402885e-61,
      1.9991796200991175e-24,
      7.293813256729764e-32,
      2.8715870062108073e-06
    ],
    [
      0.21452294147631085,
      1.728701393545126e-29,
      4.653434311351119e-08,
      3.561053270465048e-05,
      0.7854414014566413,
      4.783813891248665e-28
    ],
    [
      0.9999995246459474,
      4.811910941776405e-12,
      6.7523283994050624e-21,
      1.134481444444881e-08,
      4.6400442216066783e-07,
      4.318966339030928e-15
    ],
    [
      2.252853480763053e-05,
      0.9999281602449666,
      3.3061124934224e-65,
      2.6050641064706076e-24,
      2.4472356420472422e-36,
      4.9311220225787424e-05
    ],
    [
      0.9999743625423407,
      4.028870350621367e-16,
      4.804138652911479e-16,
      7.88560729131231e-06,
      1.7751850365764844e-05,
      1.3057569862586077e-15
    ],
    [
      2.9752411569687065e-17,
      7.606627819254904e-49,
      0.9999997919918105,
      2.07051493083713e-07,
      9.532546640300492e-10,
      3.4419689671767672e-12
    ],
    [
      0.002428464587444091,
      0.051983786702426205,
      3.4878763383602744e-46,
      2.9107186884071378e-06,
      1.1954130562488624e-42,
      0.9455848379914413
    ],
    [
      0.00010880043781972193,
      0.00033025082338524234,
      1.5448817253665284e-36,
      0.010430951892863314,
      1.303885831370982e-41,
      0.9891299968459317
    ],
    [
      0.00012050923181019133,
      4.928156367846571e-06,
      3.37309147254097e-30,
      0.08949197886743847,
      1.8191557445438878e-35,
      0.9103825837443836
    ],
    [
      6.31274210447501e-06,
      2.1661658664226073e-27,
      1.6117181535768085e-06,
      0.9999920623596636,
      9.676677161960593e-09,
      3.5034010895919673e-09
    ],
    [
      0.003602440885382745,
      3.7571837182687604e-23,
      6.5536908136922464e-09,
      0.9963971782873055,
      3.740363458858229e-07,
      2.372750294030596e-10
    ],
    [
      3.4680250864663596e-05,
      3.25668627324168e-13,
      1.2809643042632202e-17,
      0.9871666210024748,
      2.250225299190878e-22,
      0.012798698746335126
    ],
    [
      0.00545481401130675,
      6.595093197306888e-13,
      4.9204804217463585e-17,
      0.9935462546708387,
      5.0642855759776207e-17,
      0.0009989313171949582
    ],
    [
      0.0003230701496729151,
      2.0355563350248383e-32,
      0.0001683196847839011,
      0.9974213028138689,
      0.002087307351672269,
      2.322090075418875e-15
    ],
    [
      0.9983294108308313,
      1.0968482517134576e-19,
      6.523035636941178e-13,
      4.553976240356992e-05,
      0.0016250494061128503,
      2.7541772880697435e-18
    ],
    [
      0.0010222949843387765,
      0.994748359729709,
      2.3214099769947694e-58,
      2.8103317214368e-17,
      3.832377239125866e-37,
      0.004229345285952185
    ],
    [
      8.322293381778902e-06,
      0.999989090233286,
      1.6922950546091198e-64,
      2.6737101395286604e-26,
      1.4896653892043291e-33,
      2.587473332123684e-06
    ],
    [
      5.374867033950815e-12,
      4.182915430802852e-71,
      0.9686833901285017,
      5.212458741410677e-05,
      0.03126448527870937,
      7.334929241584309e-34
    ],
    [
      0.3681768550568219,
      3.9905056150491066e-27,
      1.4612704435830726e-09,
      7.803717429534371e-07,
      0.6318223631101648,
      1.8386832638705157e-29
    ],
    [
      2.0711841448134344e-06,
      0.9999979288158549,
      2.0998759671896027e-51,
      2.2803880149162207e-32,
      1.4414239600143064e-16,
      1.8022906024262395e-16
    ],
    [
      7.435566801744792e-06,
      3.3054849979238745e-47,
      0.16282620790108704,
      0.09597975192218887,
      0.7411866046099223,
      1.8492237509736506e-25
    ],
    [
      0.0016660643482761409,
      4.32122448615006e-10,
      1.0175097193167298e-20,
      0.9331476293091322,
      8.222459376999737e-23,
      0.06518630591046908
    ],
    [
      0.34623306073923266,
      4.7100888498777585e-27,
      8.606671108857531e-10,
      1.9414529164413496e-07,
      0.6537667442548089,
      1.2318682158576011e-30
    ],
    [
      2.646042613677896e-09,
      7.5131897304120615e-59,
      0.8680763823252162,
      0.0022961713817264435,
      0.12962744364701467,
      6.123324447906476e-29
    ],
    [
      0.008654961677682187,
      0.989573834108994,
      9.329513269826646e-52,
      1.8339719215092118e-15,
      1.811007814927546e-31,
      0.0017712042133219911
    ],
    [
      4.163178576980317e-06,
      7.806629582242744e-14,
      5.1224521472417505e-17,
      0.9807862547168138,
      9.598373243010258e-24,
      0.0192095821045312
    ],
    [
      8.618290624393001e-06,
      6.704582455319641e-37,
      0.014161673861160575,
      0.9827462488241537,
      0.0030834590240589373,
      2.524171535813948e-15
    ],
    [
      0.002930217180893058,
      0.001814376434941519,
      6.945654443355292e-38,
      0.0004447631887054354,
      7.222313709938561e-37,
      0.99481064319546
    ],
    [
      7.0009739202366065e-09,
      0.9999999909289371,
      4.37489642001287e-73,
      7.812448444555992e-37,
      9.070231651169251e-33,
      2.0700890671053965e-09
    ],
    [
      0.019424072516111633,
      1.2427905339674901e-05,
      2.5885988727380687e-28,
      0.06551900014691378,
      7.138002429834783e-28,
      0.9150444994316351
    ],
    [
      0.00025023904947783435,
      1.8207783302222832e-11,
      2.07097327950643e-19,
      0.9681629885330045,
      7.312226333871656e-23,
      0.031586772399309786
    ],
    [
      0.19698282330506608,
      0.7845112099382041,
      9.472806626205704e-45,
      3.300711218535309e-11,
      1.8961913096650041e-28,
      0.01850596672372267
    ],
    [
      2.666418869428039e-06,
      8.236375160500503e-06,
      2.460373527659192e-31,
      0.24272179404612484,
      1.7302661258903435e-42,
      0.7572673031598453
    ],
    [
      0.9996607531379209,
      2.7881154602623163e-18,
      1.3469343378719956e-13,
      0.00022092238534279597,
      0.00011832447660036497,
      1.229889153802228e-15
    ],
    [
      0.9999974355518306,
      2.176549590522452e-11,
      7.992636131224992e-22,
      1.8473083555321518e-10,
      2.5642416731558975e-06,
      6.46138400621425e-17
    ],
    [
      0.00010592626716385807,
      0.973573272649887,
      1.505426733640666e-70,
      1.5148283400477306e-20,
      1.0212682337261609e-46,
      0.026320801082949007
    ],
    [
      0.9991719687455852,
      0.00019338069940873548,
      2.1040785195128187e-31,
      1.5352844246287595e-06,
      5.028994373210981e-20,
      0.0006331152705814865
    ],
    [
      8.758476064989905e-20,
      2.283437521416131e-49,
      0.9999999973046957,
      2.6590911104109606e-09,
      5.3636274307073556e-12,
      3.0849570181096486e-11
    ],
    [
      0.0008005189490795683,
      0.9852315637209437,
      2.2184835763122314e-60,
      6.96883417312855e-17,
      3.78057201492765e-40,
      0.013967917329976941
    ],
    [
      0.9999470940311663,
      5.539154217089226e-11,
      9.113091246526683e-21,
      5.290079911282857e-05,
      7.641391281984778e-11,
      5.037915363990593e-09
    ],
    [
      3.572297370768893e-05,
      1.7173124218214913e-15,
      3.2697633806919362e-15,
      0.9988023547872953,
      4.712285573700385e-19,
      0.001161922238992107
    ],
    [
      7.535039631900689e-06,
      7.928984184086037e-11,
      7.105697131194332e-21,
      0.8460461989673599,
      2.5860889261575555e-28,
      0.15394626591371832
    ],
    [
      0.9610904062361825,
      8.177967071616561e-13,
      1.6749308021864937e-19,
      3.749252859865981e-15,
      0.03890959376299564,
      2.581807937671872e-27
    ],
    [
      3.471050811999939e-05,
      3.2567783620283688e-15,
      1.7314534651640369e-15,
      0.9983619800445547,
      1.8514870143656237e-19,
      0.0016033094473205777
    ],
    [
      8.494761666405261e-22,
      8.298438389708519e-60,
      0.9999999983803408,
      1.5288134166145176e-11,
      1.604370221824426e-09,
      9.518859920896114e-16
    ],
    [
      1.2596741630748366e-06,
      7.861123031746612e-12,
      1.4922359276143167e-19,
      0.8792099560861878,
      1.56650201215292e-28,
      0.12078878423178784
    ],
    [
      0.05449762409591741,
      1.984793727350546e-33,
      1.2228950983535892e-06,
      0.00014721188632267957,
      0.9453539411226616,
      1.299959665306474e-29
    ],
    [
      2.49211819268333e-05,
      7.255687595773378e-52,
      0.07762388556817874,
      0.014383929708028991,
      0.9079672635418655,
      1.4499799909836424e-33
    ],
    [
      0.003743167609783021,
      0.8777805530821599,
      6.102977032149171e-56,
      5.615612581448533e-13,
      9.39697869576217e-41,
      0.1184762793074955
    ],
    [
      0.0002500416814784735,
      8.334648300270674e-08,
      2.598157570285166e-25,
      0.4162016758785087,
      6.749162861010327e-30,
      0.5835481990935297
    ],
    [
      0.9999818939383244,
      1.5812698867003124e-05,
      7.04572580963152e-30,
      5.903201434390773e-08,
      2.410200105513689e-16,
      2.2343307938942103e-06
    ],
    [
      7.772394362312321e-08,
      0.9999998274902053,
      3.481185264203678e-72,
      2.203794585201685e-33,
      1.1594637390830969e-34,
      9.478585095836464e-08
    ],
    [
      1.08591332368088e-05,
      1.135859436654181e-20,
      8.560540768951358e-11,
      0.9999808982401374,
      4.03772287594755e-14,
      8.2425409798954e-06
    ],
    [
      6.762894999258707e-20,
      6.769336064276149e-56,
      0.9999999969029446,
      7.719885511155822e-10,
      2.3250574079701547e-09,
      9.45078362379196e-15
    ],
    [
      1.824220660499729e-27,
      1.851052107646602e-60,
      0.9999999999998104,
      2.6279273278492322e-16,
      5.3615551825711566e-14,
      1.3616368731151922e-13
    ],
    [
      0.032266608629819844,
      1.9579612524794357e-34,
      5.6425105832223315e-06,
      0.0009026293156844598,
      0.9668251195439125,
      2.7972478105305105e-28
    ],
    [
      0.9999991436588436,
      7.0629637759629215e-09,
      2.939532849405347e-24,
      8.42872851167647e-07,
      4.044578612479076e-12,
      6.4012970772789005e-09
    ],
    [
      2.338436264591067e-21,
      2.3968532423281597e-71,
      0.9999946784079929,
      1.1348042145871484e-11,
      5.321580658908043e-06,
      4.77974891781906e-22
    ],
    [
      1.2156890217737253e-11,
      1.1865735908496959e-52,
      0.9984938710289075,
      0.00040961640581728854,
      0.0010965125531184467,
      9.459100596671565e-20
    ],
    [
      7.628212221762696e-06,
      1.6241716014791253e-08,
      6.976334112093313e-25,
      0.5126125352125798,
      2.973101551096323e-33,
      0.4873798203334827
    ],
    [
      0.011256053420424447,
      5.601619736652269e-36,
      7.950238304409559e-05,
      0.014721025569693123,
      0.9739434186268382,
      7.512645537581838e-26
    ],
    [
      3.593749216341912e-16,
      6.302950631524229e-63,
      0.9998901221938173,
      1.7792394248361227e-07,
      0.0001096998822396608,
      4.506931445231345e-22
    ],
    [
      2.1031014166094618e-12,
      5.075640536435199e-58,
      0.9968788162135233,
      7.260228287351286e-05,
      0.0030485815015003762,
      4.5071589303488227e-23
    ],
    [
      0.00137910802474795,
      0.06899315873043765,
      6.664471189489995e-48,
      2.635549563905521e-06,
      3.220913572533408e-45,
      0.9296250976952506
    ],
    [
      1.303892272986391e-12,
      7.787544403512535e-63,
      0.9911010701724717,
      3.435495045348734e-05,
      0.008864574875770713,
      1.559585137337469e-26
    ],
    [
      0.007680172934541498,
      1.0841074817489002e-35,
      0.0004105412507104193,
      0.1360301930093691,
      0.8558790928053789,
      6.905049539156145e-23
    ],
    [
      3.548616864060503e-05,
      1.550951829294054e-09,
      1.217538043125356e-22,
      0.7281625187524112,
      6.557526310072997e-29,
      0.27180199352799644
    ],
    [
      0.9985640543353277,
      2.336932446030355e-06,
      1.7258305135129257e-26,
      0.00040960146424796066,
      2.1899884228045988e-18,
      0.0010240072679783105
    ],
    [
      0.08591660894594944,
      2.304808293340341e-32,
      2.5393455061097586e-07,
      1.863377324568908e-05,
      0.9140645033462542,
      5.1788502818404825e-31
    ],
    [
      3.187372904348543e-08,
      0.9999999293172283,
      3.597317584927583e-73,
      1.0455023491235894e-34,
      1.7554991183189667e-34,
      3.880904309380909e-08
    ],
    [
      0.0028235026254376477,
      2.1433951025381967e-25,
      1.1808463578585652e-07,
      0.9971682604671797,
      8.118814798747959e-06,
      7.948294774002982e-12
    ],
    [
      0.00017146881285344358,
      5.197536157214997e-64,
      0.946775143200563,
      0.010644862437973834,
      0.04240852554861035,
      5.420109383324588e-49
    ],
    [
      0.999069685129368,
      2.6872100986163048e-17,
      1.1690345597557446e-15,
      1.13135554060836e-07,
      0.000930201735076749,
      5.2900590149658796e-20
    ],
    [
      3.07409887496474e-11,
      7.738697655161535e-54,
      0.9958642028360243,
      0.0005615572147740005,
      0.00357423991846103,
      2.978533936148917e-21
    ],
    [
      0.9996644952802586,
      0.00033549672862483935,
      1.017495536042826e-32,
      6.22169555737818e-12,
      2.98879908286131e-14,
      7.98486528087783e-09
    ],
    [
      0.9999983627445238,
      1.62521157285379e-07,
      3.8238368747443516e-26,
      1.189665867614146e-06,
      3.1436393280093637e-14,
      2.850684197975449e-07
    ],
    [
      0.0016663091279135937,
      1.8658479393223097e-24,
      3.149006491747899e-08,
      0.9983328727752819,
      7.865233645021589e-07,
      8.33752208731822e-11
    ],
    [
      0.9999995224078356,
      3.073458534244743e-12,
      2.773590070588132e-20,
      4.2481170674860195e-07,
      5.27769494652905e-08,
      4.3486533914461533e-13
    ],
    [
      2.0176549070975547e-20,
      4.234211494825926e-59,
      0.9999999883752521,
      2.0024596889132044e-10,
      1.1424501405055668e-08,
      3.3668926665821465e-16
    ],
    [
      1.0752640408585709e-11,
      0.9999999999892473,
      6.381469846674757e-69,
      2.9665475736737297e-45,
      3.021692182422079e-24,
      4.2435584686220836e-17
    ],
    [
      0.9548939085310179,
      1.2675566645878528e-22,
      5.089496587946055e-11,
      3.776787427674917e-05,
      0.04506832354381032,
      1.1811705104153312e-21
    ],
    [
      0.45775734589764744,
      5.771523727628044e-19,
      7.279333966658884e-11,
      0.5422385827260718,
      4.071106104431866e-06,
      1.973828010320544e-10
    ],
    [
      0.00010248798999595813,
      1.6721596436296917e-28,
      3.4495523068895133e-06,
      0.9998904508820449,
      3.6115658727596333e-06,
      9.779647969427798e-12
    ],
    [
      0.9999998587048866,
      1.3801034261887046e-07,
      9.253883449093892e-27,
      2.9882717743401748e-09,
      1.1089922483328108e-11,
      2.854090961869972e-10
    ],
    [
      2.559882277503517e-16,
      1.9880285902379307e-56,
      0.999996943299548,
      2.8543079388446736e-07,
      2.7712696581051133e-06,
      1.186701351121523e-17
    ],
    [
      0.001416351188448871,
      2.584068105235422e-25,
      9.215867857448778e-08,
      0.9985813029391317,
      2.2536877698787117e-06,
      2.5971112543883448e-11
    ],
    [
      0.0015613582962870835,
      0.9832133727711595,
      4.96439114656611e-58,
      6.348375030742427e-16,
      1.1269171919868775e-38,
      0.015225268932552825
    ],
    [
      0.9998768119701281,
      0.00011246698569327691,
      1.4372884046461567e-31,
      2.796865381089954e-08,
      1.1698118576554628e-17,
      1.0693075524638082e-05
    ],
    [
      0.007450463340264248,
      2.4029100800800235e-40,
      8.143151128342349e-05,
      0.0002826503231783014,
      0.9921854548252741,
      3.385782582466207e-34
    ],
    [
      0.9999998664901132,
      1.4160742336964183e-08,
      5.729755691547397e-25,
      1.1791101207871847e-07,
      8.612684180892002e-12,
      1.4295198532755339e-09
    ],
    [
      0.9999995370632936,
      3.879474991541212e-08,
      2.0679501120415344e-25,
      4.0564980224884484e-07,
      7.042419633013925e-13,
      1.8491449960076023e-08
    ],
    [
      5.272921173394733e-08,
      0.9999999389108277,
      3.127422858843511e-70,
      5.969371584238103e-34,
      2.0625389284933027e-32,
      8.359960460270508e-09
    ],
    [
      0.00040773932054116876,
      0.0025099726624679846,
      5.0778523861070334e-40,
      0.0008558176219837814,
      3.927766315908447e-42,
      0.9962264703950071
    ],
    [
      0.999978529660884,
      1.224341850989912e-05,
      1.990686728642748e-29,
      3.375458793319975e-07,
      6.471734771312383e-17,
      8.88937472684928e-06
    ],
    [
      3.2883663429263976e-20,
      1.4385266458802894e-80,
      0.9993705623067164,
      6.244587223662265e-11,
      0.0006294376308379101,
      8.54826862193068e-28
    ],
    [
      0.06741088836883664,
      0.007727315135316413,
      5.975014917495794e-37,
      8.393333353437609e-05,
      1.5959554895272324e-31,
      0.9247778631623126
    ],
    [
      0.999995220372772,
      3.124891550187502e-10,
      3.422506302959587e-22,
      4.777582062971416e-06,
      5.551980354222374e-11,
      1.677156242919935e-09
    ],
    [
      0.002217946763048076,
      1.7905223140699905e-49,
      0.01561031482392358,
      0.0017173131149825572,
      0.9804544252980458,
      3.249272562885062e-40
    ],
    [
      2.179438359851687e-05,
      1.727782485491045e-09,
      7.810370913998846e-23,
      0.7036982495177041,
      1.1836169189269256e-29,
      0.2962799543709151
    ],
    [
      0.028002429797977197,
      0.8931500798256924,
      1.1741211318378646e-49,
      1.1708347985972609e-11,
      1.8054536533758272e-34,
      0.07884749036462209
    ],
    [
      0.9999999761792586,
      2.740428479464833e-10,
      4.839267871120476e-23,
      3.662967471825635e-09,
      1.988358980953016e-08,
      1.4137439504317723e-13
    ],
    [
      0.0002811832767657183,
      0.9997022631093446,
      2.2843003852306842e-57,
      2.6491548645536474e-21,
      4.705222510178835e-31,
      1.6553613889604e-05
    ],
    [
      8.028513355209678e-08,
      0.9999999194200768,
      5.152511383227301e-66,
      1.3660690205594965e-33,
      7.837339181715969e-29,
      2.9478964026928986e-10
    ],
    [
      0.9999964371265294,
      1.7524905284389786e-08,
      1.533616005432066e-24,
      3.4621532853850022e-06,
      3.4627965487478443e-13,
      8.319493373245497e-08
    ],
    [
      0.9999999326832573,
      5.0757165695621115e-08,
      5.525935435771311e-26,
      1.5939096296580036e-08,
      9.17284644163411e-12,
      6.113078361446683e-10
    ],
    [
      0.0003458267259376429,
      0.9995960615671292,
      7.772469085203033e-58,
      1.3547526196570353e-20,
      2.2660863992354648e-32,
      5.811170693340893e-05
    ],
    [
      0.001049844846215865,
      2.7030276816938665e-46,
      0.0031000609377089417,
      0.0020182176839477423,
      0.9938318765321276,
      1.1206197728739741e-35
    ],
    [
      0.9995192901975396,
      0.0004806810834724431,
      4.4400949074024456e-33,
      1.2237573657477945e-11,
      6.354389664382234e-15,
      2.8706744075434595e-08
    ],
    [
      0.012843670656741217,
      8.10308043130972e-37,
      2.4450297443778156e-05,
      0.0011973641329415807,
      0.9859345149128734,
      1.7587687169107804e-29
    ],
    [
      0.020772041532207807,
      0.9792279457984944,
      3.42078471275169e-45,
      1.115863567925086e-19,
      4.520600409837733e-19,
      1.2669297641811147e-08
    ],
    [
      0.11321374453373731,
      1.466866123330969e-36,
      2.851650334874119e-06,
      1.184284062215881e-07,
      0.8867832853875217,
      5.174283207193386e-42
    ],
    [
      0.06658570940364798,
      8.15247727842992e-37,
      3.084747311325296e-06,
      7.869161091460204e-07,
      0.9334104189329316,
      1.784770765157147e-39
    ],
    [
      6.21282339287348e-12,
      3.4993354235723585e-62,
      0.9839908921312562,
      8.797376440521677e-05,
      0.01592113409812583,
      4.505649528453839e-27
    ],
    [
      7.991462868065892e-06,
      5.960376607103131e-06,
      5.503147635304109e-31,
      0.1707961590490907,
      2.915095372866116e-40,
      0.8291898891114342
    ],
    [
      5.0001615454855905e-08,
      1.1022382780755657e-54,
      0.7021034630015975,
      0.011498786722729241,
      0.2863977002740578,
      1.1748294240197951e-27
    ],
    [
      0.0009414999635040899,
      1.821058953867517e-40,
      0.0018956066820389216,
      0.0431688921174368,
      0.9539940012370203,
      2.981588291211443e-26
    ],
    [
      0.00018082048016708027,
      1.2002175963664099e-05,
      3.042300405181246e-31,
      0.0534058725283218,
      7.226876630890212e-36,
      0.9464013048155474
    ],
    [
      0.0571265166295195,
      0.008590303702107076,
      2.315024378087486e-37,
      6.863519494570655e-05,
      5.551739395169179e-32,
      0.9342145444734278
    ],
    [
      1.0914168477536883e-14,
      5.247271444281121e-63,
      0.9991877533683625,
      1.7557656792360944e-06,
      0.0008104908659474071,
      7.88726686153259e-24
    ],
    [
      0.0024347226919548496,
      0.26821539044704906,
      2.098168150803596e-52,
      1.7051306532231243e-08,
      1.436485542276875e-45,
      0.7293498698096897
    ],
    [
      1.380737635586825e-07,
      4.421877565711563e-27,
      8.640035168411418e-06,
      0.9999900177731877,
      1.944606487930956e-11,
      1.2040984342872963e-06
    ],
    [
      9.462219800780529e-05,
      0.9934134164819413,
      8.172389950063902e-68,
      6.399579624516056e-21,
      3.381039589473018e-43,
      0.006491961320051055
    ],
    [
      0.0056924987410665265,
      1.051424496928889e-37,
      0.00014325497564757358,
      0.009545278072036801,
      0.9846189682112492,
      2.882693899375885e-27
    ],
    [
      0.00011307985086111951,
      0.0009527757421805928,
      2.0911116781604875e-38,
      0.005688805712342195,
      2.2415599367254993e-43,
      0.9932453386946162
    ],
    [
      0.9742239068584864,
      1.7274715877780156e-21,
      4.675314981772121e-12,
      5.921809113493887e-06,
      0.02577017132772497,
      6.808780724529208e-22
    ],
    [
      3.7819152655006604e-13,
      2.205152493466014e-54,
      0.9997533621163105,
      4.253130823271127e-05,
      0.0002041065750786038,
      2.4601799354376615e-19
    ],
    [
      3.873038058112564e-07,
      1.5239772394783133e-58,
      0.5305112657073129,
      0.00966020305984072,
      0.4598281439290407,
      4.841426286435792e-34
    ],
    [
      4.679559465538919e-09,
      0.9999999953202964,
      5.1105291421706425e-65,
      1.0304127511943682e-37,
      3.350617063934117e-25,
      1.444289874605176e-13
    ],
    [
      0.0004102182009478471,
      0.00028571639790746575,
      7.635430251930624e-36,
      0.005224690987664373,
      1.3618752788123477e-38,
      0.9940793744134805
    ],
    [
      0.008295525133752155,
      0.0923705050613522,
      9.07327216109404e-46,
      5.589185361788245e-07,
      1.4444441346827756e-39,
      0.8993334108863595
    ],
    [
      4.153001748773225e-06,
      4.325802250190609e-31,
      0.00011724169069970853,
      0.9998771089881794,
      1.4962715385124247e-06,
      4.783389978344549e-11
    ],
    [
      0.013893796863988134,
      7.57976030892115e-40,
      4.151728078169151e-05,
      6.958831744291699e-05,
      0.9859950975377874,
      5.227282245275533e-36
    ],
    [
      6.431941457826183e-26,
      3.1690952627397606e-58,
      0.999999999999513,
      7.71620240070176e-15,
      1.184297405212072e-13,
      3.609537476820379e-13
