{
  "dataset": "moons",
  "algorithm": "gmm",
  "params": {
    "n_components": 6,
    "covariance_type": "diag"
  },
  "labels": [
    5,
    0,
    5,
    4,
    4,
    5,
    5,
    4,
    0,
    1,
    0,
    2,
    5,
    4,
    5,
    5,
    1,
    0,
    5,
    1,
    1,
    1,
    3,
    5,
    0,
    1,
    1,
    2,
    4,
    5,
    1,
    5,
    1,
    4,
    0,
    5,
    5,
    0,
    2,
    0,
    5,
    4,
    1,
    2,
    0,
    0,
    0,
    0,
    5,
    0,
    4,
    2,
    4,
    5,
    2,
    4,
    4,
    0,
    2,
    4,
    1,
    3,
    3,
    1,
    4,
    0,
    1,
    0,
    2,
    5,
    5,
    5,
    3,
    3,
    3,
    3,
    3,
    0,
    1,
    1,
    2,
    4,
    1,
    4,
    5,
    4,
    2,
    1,
    3,
    3,
    5,
    1,
    5,
    3,
    1,
    5,
    0,
    0,
    1,
    0,
    2,
    1,
    0,
    3,
    5,
    0,
    3,
    2,
    5,
    4,
    4,
    5,
    5,
    0,
    1,
    3,
    2,
    2,
    4,
    0,
    2,
    2,
    5,
    4,
    2,
    2,
    5,
    2,
    4,
    5,
    0,
    4,
    1,
    3,
    4,
    0,
    2,
    0,
    0,
    3,
    0,
    2,
    1,
    4,
    3,
    3,
    0,
    2,
    3,
    1,
    0,
    4,
    0,
    0,
    1,
    5,
    0,
    2,
    5,
    0,
    4,
    5,
    1,
    0,
    1,
    1,
    0,
    0,
    1,
    4,
    0,
    4,
    1,
    4,
    4,
    2,
    5,
    4,
    4,
    5,
    5,
    2,
    5,
    3,
    1,
    4,
    5,
    4,
    2,
    4,
    1,
    5,
    5,
    3,
    4,
    2,
    4,
    0,
    4,
    5,
    1,
    0,
    2,
    4,
    4,
    2,
    2,
    3,
    1,
    5,
    4,
    4,
    5,
    3,
    3,
    5,
    5,
    2,
    5,
    2,
    5,
    3,
    0,
    2,
    4,
    5,
    2,
    1,
    3,
    0,
    4,
    4,
    1,
    0,
    5,
    5,
    5,
    4,
    4,
    2,
    5,
    2,
    1,
    0,
    5,
    4,
    4,
    0,
    3,
    4,
    1,
    3,
    1,
    2,
    3,
    5,
    4,
    5,
    4,
    1,
    3,
    4,
    5,
    4,
    4,
    2,
    1,
    4,
    5,
    4,
    2,
    2,
    2,
    5,
    3,
    5,
    5,
    5,
    3,
    4,
    3,
    2,
    1,
    2,
    4,
    5,
    3,
    1,
    5,
    3,
    5,
    3,
    5,
    5,
    4,
    4,
    3,
    1,
    1,
    1,
    1,
    2,
    3,
    2,
    4,
    2,
    3,
    2,
    4,
    4,
    5,
    2,
    5,
    5,
    4,
    3,
    1,
    4,
    5,
    5,
    4,
    1,
    0,
    1,
    4,
    3,
    4,
    2,
    2,
    5,
    4,
    0,
    0,
    0,
    4,
    4,
    5,
    3,
    2,
    4,
    0,
    2,
    1,
    5,
    2,
    0,
    1,
    1,
    2,
    3,
    3,
    5,
    0,
    3,
    1,
    4,
    2,
    5,
    2,
    2,
    4,
    3,
    2,
    0,
    0,
    0,
    3,
    5,
    2,
    1,
    0,
    1,
    2,
    3,
    3,
    4,
    1,
    4,
    0,
    4,
    4,
    1,
    0,
    5,
    1,
    4,
    3,
    0,
    4,
    0,
    5,
    1,
    1,
    2,
    3,
    1,
    5,
    5,
    2,
    2,
    2,
    3,
    1,
    3,
    1,
    1,
    3,
    5,
    3,
    2,
    4,
    0,
    2,
    5,
    2,
    3,
    3,
    3,
    0,
    5,
    0,
    1,
    1,
    0,
    1,
    3,
    2,
    0,
    3,
    1,
    5,
    4,
    5,
    1,
    0,
    5,
    3,
    2,
    0,
    5,
    4,
    5,
    3,
    4,
    3,
    1,
    4,
    5,
    1,
    5,
    2,
    0,
    5,
    0,
    1,
    2,
    5,
    4,
    1,
    2,
    4,
    0,
    0,
    5,
    2,
    3,
    0,
    3,
    1,
    4,
    3,
    1,
    2,
    5,
    3,
    1,
    5,
    3,
    3,
    4,
    4,
    4,
    5,
    4,
    5,
    0,
    1,
    5,
    2,
    1,
    4,
    1,
    0,
    2,
    4,
    4,
    3,
    3,
    5,
    4
  ],
  "means": [
    {
      "x": 0.8732490127265792,
      "y": 0.4257920051785439
    },
    {
      "x": 1.8702744463025882,
      "y": 0.07950630592726321
    },
    {
      "x": -0.85871858265851,
      "y": 0.45274685950589577
    },
    {
      "x": 0.1833096623618965,
      "y": 0.11099381888674374
    },
    {
      "x": 0.007064622545002726,
      "y": 0.9594967239666261
    },
    {
      "x": 0.9557877631554776,
      "y": -0.47270468227830714
    }
  ],
  "probabilities": [
    [
      0.006147609200931336,
      8.934543838275487e-07,
      9.288368142371125e-21,
      0.0017294744810784374,
      2.0570178138470006e-17,
      0.9921220228636065
    ],
    [
      0.8636033802311774,
      9.829503763645178e-07,
      4.339294904352779e-20,
      0.0003154416741798595,
      0.13608019514426634,
      2.904055859581135e-19
    ],
    [
      0.0005952332375161687,
      7.017331132057519e-05,
      4.138860625762202e-27,
      7.890101142442355e-06,
      6.079473093743321e-21,
      0.9993267033500209
    ],
    [
      2.166510757404311e-09,
      6.325449652967239e-25,
      0.00022852259602899007,
      0.0014252462773679585,
      0.9983462289600923,
      2.7500718663881875e-26
    ],
    [
      0.0007012033037055424,
      3.451173429188355e-15,
      3.045242178948704e-11,
      0.0022846932084000246,
      0.9970141034574385,
      5.146358774302484e-32
    ],
    [
      8.171295293579736e-05,
      0.0019030222355043873,
      2.852244867623709e-32,
      8.50153566540423e-08,
      1.7632937773002417e-22,
      0.9980151797962034
    ],
    [
      0.0067620083446774835,
      0.00043493968178173796,
      1.3215188014538608e-26,
      2.1496085147182754e-05,
      3.1325135704777426e-17,
      0.9927815558883937
    ],
    [
      1.994938440715929e-06,
      4.970827996632679e-20,
      1.6050243542610022e-07,
      0.002278539726888272,
      0.9977193048322358,
      2.5092116747385563e-30
    ],
    [
      0.7004588290198375,
      8.785589351800714e-10,
      8.337196710823876e-13,
      0.14699901095677556,
      0.15254215914375158,
      2.427971752940119e-13
    ],
    [
      7.659118229974145e-07,
      0.8566033936980177,
      2.3239271549610916e-44,
      5.473432317729179e-13,
      6.36937171707304e-19,
      0.14339584038961187
    ],
    [
      0.9929676269151417,
      0.0006399563964745193,
      1.0560761247642848e-22,
      0.0010568671160889726,
      3.6373827495020097e-09,
      0.005335545934912243
    ],
    [
      4.402807661669792e-14,
      3.050737917475114e-31,
      0.9947793811156792,
      0.001274340882568793,
      0.003946278000847473,
      8.60575898104594e-13
    ],
    [
      2.88790631419813e-07,
      0.11645198636261297,
      4.291288215838519e-42,
      7.116492669741907e-12,
      2.722014872533172e-25,
      0.8835477248396391
    ],
    [
      0.008565080621490135,
      4.231834482837923e-14,
      3.936878988757838e-09,
      0.15968413173936843,
      0.8317507837022201,
      4.942265256392162e-17
    ],
    [
      0.00011660073272861058,
      0.0012265067179226081,
      1.723352913124301e-31,
      1.720914246631526e-07,
      3.092444665829951e-22,
      0.9986567204579241
    ],
    [
      0.00010412298494113481,
      0.0011767572130614054,
      1.537455091461364e-31,
      1.6331634827931928e-07,
      1.936148534321314e-22,
      0.9987189564856492
    ],
    [
      2.0007744537720732e-08,
      0.9999999784902817,
      1.5032970154477678e-51,
      3.7341857892731146e-17,
      2.0339688090907498e-10,
      1.2985770862953074e-09
    ],
    [
      0.9992872665994487,
      1.4584560342226366e-05,
      4.0540571639624985e-21,
      0.0005513130469587291,
      0.00014683484015412128,
      9.530964601985993e-10
    ],
    [
      0.0002527254919126304,
      4.19481230494672e-10,
      1.7700585433871898e-16,
      0.017778666692915855,
      2.351195748145629e-20,
      0.9819686073956903
    ],
    [
      3.2674090365445088e-06,
      0.547392237443807,
      6.254148730796147e-42,
      8.788490345691254e-12,
      9.826062245097303e-20,
      0.45260449513836803
    ],
    [
      5.993165598196432e-08,
      0.9999999190261555,
      4.517906309894017e-50,
      2.2570682290942917e-16,
      5.508622541533374e-11,
      2.0987102312421688e-08
    ],
    [
      1.4557272935615785e-10,
      0.9999999996544533,
      3.0479734108452786e-57,
      5.500156203306099e-20,
      1.2442094545447057e-10,
      7.555318996268394e-11
    ],
    [
      3.662112434389582e-07,
      5.335762360433448e-21,
      0.002460175703205474,
      0.9975093633783043,
      2.8238171202470437e-05,
      1.856536044396548e-06
    ],
    [
      0.00941392685162132,
      1.4515368677858732e-05,
      5.383001761241208e-23,
      0.0003693948966922161,
      4.535999378237893e-17,
      0.9902021628830086
    ],
    [
      0.4176723840967821,
      1.172014877065724e-10,
      2.0315036012679562e-11,
      0.3487516980228812,
      0.2335759177424143,
      4.0599695356774387e-13
    ],
    [
      3.3541723418752874e-06,
      0.9999965556776402,
      3.8646306111603925e-46,
      1.4184303487384263e-14,
      9.014470341516985e-08,
      5.300251895727549e-12
    ],
    [
      1.2008479648686857e-05,
      0.9999879759482353,
      4.2324629358566287e-44,
      1.95961822643114e-13,
      2.894424432963916e-09,
      1.2677495559926731e-08
    ],
    [
      1.3866507496702268e-19,
      4.3215931261022193e-38,
      0.9997049665071807,
      2.7052732870298634e-06,
      0.0002923282195103774,
      2.1912433316266554e-14
    ],
    [
      8.670367028101521e-05,
      5.1552704704814857e-17,
      8.844732041844305e-10,
      0.002331701200070529,
      0.9975815942451752,
      4.848693036871966e-33
    ],
    [
      0.0003351158711540181,
      3.2293242080822136e-12,
      3.664007249171869e-12,
      0.29333613257875124,
      3.471031681059283e-16,
      0.7063287515432011
    ],
    [
      4.417007991313759e-09,
      0.9999797825175748,
      3.566124334651463e-52,
      3.206438259111037e-17,
      1.9979670463608057e-14,
      2.021306539717467e-05
    ],
    [
      0.00019531737408273338,
      4.094263160119097e-13,
      5.8127241768794225e-11,
      0.4970234212962929,
      2.3620328615961292e-15,
      0.5027812612710856
    ],
    [
      6.621169427621501e-10,
      0.9978895437194587,
      2.0529166170596202e-53,
      1.2439969722154774e-17,
      7.494375579946902e-18,
      0.0021104556184244148
    ],
    [
      3.255262348626418e-14,
      7.12362813429568e-32,
      0.3181041545130978,
      0.00018611095727155696,
      0.6817097345295982,
      6.098700116727199e-22
    ],
    [
      0.998861937345977,
      8.391632191803135e-05,
      1.1786007414114473e-21,
      0.0010321148039165685,
      3.8974242903607007e-07,
      2.164178575925233e-05
    ],
    [
      3.742471163479013e-05,
      3.627633119198673e-12,
      7.564454720922418e-14,
      0.07037965508930706,
      4.1881371520982694e-21,
      0.9295829201953548
    ],
    [
      0.0011199859369057264,
      0.0009996102306678374,
      3.2952396869618767e-29,
      1.6903856498333789e-06,
      3.19514967433282e-19,
      0.9978787134467768
    ],
    [
      0.8363716354405578,
      1.0744996022224648e-07,
      6.458930923472758e-18,
      0.0017422098222402362,
      0.16188604728724182,
      5.260510673518153e-18
    ],
    [
      9.518858673155789e-22,
      6.172563248438074e-41,
      0.9987324032928341,
      1.7720822609459363e-07,
      0.001267419498939988,
      3.774959744318398e-17
    ],
    [
      0.6555952237488896,
      1.7514758105689655e-08,
      1.4473671803524127e-16,
      0.003922032889138973,
      0.34048272584721323,
      8.595012233240809e-19
    ],
    [
      1.2659426410641992e-05,
      0.002320119965423762,
      7.6613818558357515e-34,
      2.208030616022266e-08,
      9.766997008006464e-26,
      0.9976671985278597
    ],
    [
      5.523926154585974e-06,
      1.2796343689603703e-19,
      2.5568155792239925e-06,
      0.021486111670422726,
      0.9785058075878436,
      2.08082506859243e-21
    ],
    [
      2.9342291270772237e-06,
      0.9999970505619995,
      4.54484408218643e-46,
      1.7249242412185572e-14,
      1.5056948882578407e-08,
      1.5190745434280553e-10
    ],
    [
      6.097456364986586e-19,
      2.6944755429591745e-37,
      0.9996365324630363,
      5.490388752890234e-06,
      0.0003579771481767216,
      3.4105722863803625e-14
    ],
    [
      0.9904528311398078,
      4.19309217375312e-06,
      9.36610095196499e-19,
      0.009500162145034532,
      5.1921721796322e-07,
      4.2294405765794844e-05
    ],
    [
      0.6716722461262535,
      8.026872784577774e-08,
      3.811643137265138e-18,
      0.0010471572723887484,
      0.32728051633262956,
      2.2974094808796762e-20
    ],
    [
      0.9923940489287782,
      0.004498203090871896,
      1.301826820796584e-24,
      0.00024204842793037462,
      7.081321545007393e-09,
      0.002865692471097966
    ],
    [
      0.9977620191588253,
      0.002172322155096426,
      4.679409796700351e-25,
      6.164817216925162e-05,
      3.3217742113919847e-06,
      6.887396976793129e-07
    ],
    [
      7.221219821306084e-06,
      0.00949834476488941,
      4.3876231450837004e-36,
      2.5555493021560096e-09,
      7.963242840980924e-25,
      0.99049443145974
    ],
    [
      0.9942351495785758,
      3.0926775449173675e-06,
      6.751349100035208e-19,
      0.005755303799107346,
      4.888217543208325e-06,
      1.565727228733613e-06
    ],
    [
      0.00020998225410800175,
      1.3256261691178153e-16,
      5.525374887161308e-09,
      0.012113264488730952,
      0.9876767477317859,
      1.2162417083042591e-23
    ],
    [
      1.7734252622298188e-22,
      3.0788036813700764e-42,
      0.942820756727456,
      3.381896792504487e-08,
      0.05717920945357601,
      4.171598945828952e-24
    ],
    [
      2.604041411316595e-08,
      3.1996815581016866e-23,
      2.544016968581681e-05,
      0.0020001087907140784,
      0.9979744249991862,
      4.5558472230510066e-27
    ],
    [
      0.0003017451160847636,
      0.02259161418093577,
      1.1455973880528348e-33,
      3.381802615784418e-08,
      3.2429510093923197e-19,
      0.9771066068849534
    ],
    [
      1.103945203574243e-19,
      1.962541112639857e-38,
      0.9969922492220601,
      1.555005100489332e-06,
      0.003006195772839609,
      5.674067966464014e-17
    ],
    [
      0.3141535683408759,
      9.598169540013774e-10,
      8.545792479249092e-15,
      0.00922828371196274,
      0.6766181469873358,
      9.681240238022338e-20
    ],
    [
      7.854896332153572e-10,
      1.3186026863955374e-25,
      0.0005532106050212588,
      0.001267447651727368,
      0.9981793409577617,
      8.440087750585188e-26
    ],
    [
      0.9927929379032191,
      5.592588784462753e-06,
      4.49200536035167e-19,
      0.007170894113040069,
      5.969737240032747e-07,
      2.997842123233559e-05
    ],
    [
      2.8627495110275084e-23,
      1.2682815644483643e-42,
      0.999833723550099,
      4.90579551327265e-08,
      0.0001662273919445728,
      1.3331683743150978e-15
    ],
    [
      0.0014971438126999443,
      1.1303346423693887e-14,
      3.553731987096965e-11,
      0.004638782792938395,
      0.9938640733588133,
      1.0845719390508214e-26
    ],
    [
      3.076319883308123e-07,
      0.9999996651715833,
      3.344410091640916e-48,
      1.9018351502022847e-15,
      1.276283591466082e-10,
      2.7068797820392385e-08
    ],
    [
      2.3975513840179676e-07,
      1.710666607600822e-21,
      0.006745953841763359,
      0.9930960609555574,
      0.00015736318336278548,
      3.822641780034398e-07
    ],
    [
      0.0003482258874991454,
      5.907168043354421e-13,
      8.005665089577335e-11,
      0.6138366153837931,
      1.929413089765176e-14,
      0.3858151586480412
    ],
    [
      8.617475378569354e-08,
      0.9999384839753863,
      1.0899387636723698e-48,
      1.7833697598297694e-15,
      4.06885618729466e-14,
      6.142984981745439e-05
    ],
    [
      0.0013939542204815802,
      4.820058701657785e-15,
      4.529766902675375e-10,
      0.014680939882639257,
      0.9839251054438978,
      8.015795747968785e-23
    ],
    [
      0.9959652224103736,
      1.4985953218789608e-06,
      1.8061906689874788e-19,
      0.0011824878847702378,
      0.002850791107355596,
      2.1787433951410777e-12
    ],
    [
      8.35429078179147e-09,
      0.9993717814162986,
      7.073951470520117e-51,
      1.8737073146610205e-16,
      3.2524783381840213e-16,
      0.0006282102294102914
    ],
    [
      0.9370074697351265,
      1.1703849251228061e-08,
      7.495226346972764e-15,
      0.039059089896589884,
      0.023933428662149658,
      2.2772262584922387e-12
    ],
    [
      1.6248184265683604e-18,
      6.034781185661682e-36,
      0.9999545538733638,
      4.533098710816239e-05,
      3.083935979672043e-08,
      8.430016820587506e-08
    ],
    [
      0.0001512338158298168,
      0.0016733173218615683,
      1.3358192283708431e-31,
      1.6135750217521284e-07,
      1.18193351900361e-21,
      0.9981752875048066
    ],
    [
      0.00033832333791555184,
      1.8889486822148423e-06,
      6.285986745470131e-24,
      9.302067123356916e-05,
      1.6621246813259983e-22,
      0.9995667670421687
    ],
    [
      0.0011568365749468027,
      7.278434317176931e-08,
      6.518888297637764e-20,
      0.002124101183698215,
      1.2647638146276573e-19,
      0.9967189894570119
    ],
    [
      4.639169566946552e-06,
      4.541342729349165e-19,
      9.58949899230099e-05,
      0.9998837603757224,
      1.3582833594725663e-05,
      2.1226311930454346e-06
    ],
    [
      0.0009676549586761597,
      2.738621745652107e-15,
      2.206079318454111e-07,
      0.9987691149755242,
      0.0002629390721166885,
      7.038574838920256e-08
    ],
    [
      0.00273779054917777,
      9.196570588954257e-12,
      2.163045990610813e-11,
      0.7681709907227685,
      1.1613412775469336e-12,
      0.22909121869606547
    ],
    [
      0.04662298759202005,
      2.423044417746423e-10,
      5.604596476998538e-12,
      0.9373266380838671,
      2.760660068621193e-09,
      0.01605037131554372
    ],
    [
      8.6299326834859e-06,
      1.3243303949447367e-19,
      0.0006409366348326156,
      0.941626378901674,
      0.057724054501273124,
      2.9536817276114465e-11
    ],
    [
      0.5431362785755475,
      3.808375951548155e-10,
      1.8749304133006165e-12,
      0.14828824715979255,
      0.3085754738819219,
      2.5545779593525413e-14
    ],
    [
      2.3368995695047017e-06,
      0.9674320887793734,
      1.0408331525531273e-43,
      9.344191238960506e-13,
      7.600403638522667e-17,
      0.032565574320122956
    ],
    [
      7.832981798063414e-09,
      0.9999406870075704,
      2.272278338134506e-51,
      8.647955173276089e-17,
      7.877286651451336e-15,
      5.930515944008336e-05
    ],
    [
      3.934299839946566e-21,
      1.181918994515049e-40,
      0.8720982220047566,
      1.1946158620503348e-07,
      0.12790165853365704,
      2.9697172719253293e-25
    ],
    [
      0.007425341007586846,
      2.324037688141391e-13,
      6.768845655269417e-12,
      0.007537845000012992,
      0.985036813985399,
      4.447489475842982e-24
    ],
    [
      1.453458050330953e-06,
      0.9999982559327497,
      2.5928073738470743e-47,
      3.3234785570319747e-15,
      2.906090881399106e-07,
      1.0854572755090323e-13
    ],
    [
      1.7603078436755465e-10,
      9.302955838918925e-27,
      0.03682334352820923,
      0.006554464782224927,
      0.956622191513535,
      2.3715460465767e-19
    ],
    [
      0.03918851485202806,
      3.366308576656504e-09,
      7.600169924665802e-14,
      0.45192381566760614,
      2.2851753757637897e-12,
      0.5088876661116959
    ],
    [
      0.008497121503708587,
      3.94410216288513e-13,
      2.5079964504457423e-12,
      0.005362574505699645,
      0.9861403039876894,
      4.701913588701605e-25
    ],
    [
      1.350475984324398e-15,
      1.1795868353408726e-33,
      0.6262640375014183,
      5.7440143915880744e-05,
      0.3736785223546643,
      1.8446452340336457e-21
    ],
    [
      0.00014023570846459314,
      0.9849225641829006,
      2.3028842513907722e-39,
      1.1443703231274069e-10,
      3.983076688844867e-14,
      0.014937199994157987
    ],
    [
      0.0005710257025796856,
      9.081211641848978e-13,
      8.497167959294847e-11,
      0.6965122100129775,
      8.98508334832854e-14,
      0.30291676419847324
    ],
    [
      1.3632795581040385e-07,
      1.4237065080863175e-22,
      0.06769638120207591,
      0.8537356319472195,
      0.07856785041888968,
      1.0385893022506163e-10
    ],
    [
      0.0018589700248899052,
      5.661472072882976e-05,
      7.125914591110527e-26,
      2.61857533597251e-05,
      2.8936465401060044e-19,
      0.9980582295010216
    ],
    [
      3.917872485217236e-12,
      0.9999996621615245,
      1.824186342858627e-60,
      2.2269910969804645e-21,
      6.054264305200255e-14,
      3.3783449698124924e-07
    ],
    [
      0.04023159696572747,
      1.985298597850345e-06,
      1.2184056143683095e-19,
      0.007374274790803452,
      7.344092657088769e-15,
      0.9523921429448639
    ],
    [
      0.01210730258897326,
      2.4683132265827053e-10,
      9.917313237341412e-13,
      0.5981993457457719,
      1.2780525291804208e-12,
      0.38969335141615363
    ],
    [
      0.01521508899291831,
      0.861749400855548,
      1.622731401150514e-33,
      1.0432192794742222e-07,
      1.1294548577169664e-12,
      0.1230354058284763
    ],
    [
      0.00012187506354833822,
      1.0938532025052923e-08,
      1.093186416344478e-19,
      0.002203529875833379,
      6.916811238106229e-24,
      0.9976745841220864
    ],
    [
      0.7028596070970707,
      8.029912522168816e-10,
      1.6307039283960057e-12,
      0.22058081844296168,
      0.07655957365172157,
      3.6241226535252483e-12
    ],
    [
      0.9932081586083984,
      6.161620321531331e-06,
      4.833623453218654e-21,
      0.00029620067960604987,
      0.006489479091625326,
      4.8966045710838255e-14
    ],
    [
      6.924573807388121e-10,
      0.9316664392080237,
      2.9885407223728313e-52,
      7.705618544809031e-17,
      2.064949003458027e-21,
      0.06833356009951869
    ],
    [
      0.9907963343798878,
      0.0024723779832261706,
      6.269576172391452e-24,
      0.0004468799812634814,
      3.1911988510453672e-09,
      0.006284404464423642
    ],
    [
      3.942856362707554e-20,
      1.1848380326525262e-37,
      0.9999855543017065,
      1.358876921726068e-05,
      5.699380479963853e-10,
      8.563591382399456e-07
    ],
    [
      7.63906537797967e-07,
      0.9139292638843743,
      1.352110076956308e-44,
      3.938164782464304e-13,
      2.411123552317471e-18,
      0.08606997220869399
    ],
    [
      0.9854359475443338,
      5.152327347871521e-07,
      2.089500399243474e-17,
      0.01453570398273083,
      2.7568529390086765e-05,
      2.64710810202376e-07
    ],
    [
      0.0014031355022129212,
      6.023490114515521e-13,
      4.502339241761077e-10,
      0.9661824633268626,
      5.6179603230807253e-11,
      0.03241440066390869
    ],
    [
      0.0008348473903272927,
      3.2965014811812044e-11,
      2.482090644516167e-13,
      0.18367887157936472,
      2.9424839977706504e-16,
      0.8154862809970943
    ],
    [
      0.7493958372726364,
      9.355185215665465e-06,
      1.280342662967833e-22,
      3.601355716008967e-05,
      0.2505587939849882,
      3.5805051090043177e-23
    ],
    [
      0.0015249968931232642,
      8.293003000056412e-13,
      3.2379995512075577e-10,
      0.9558854382500903,
      3.4917082084195215e-11,
      0.04258956449724012
    ],
    [
      5.051058552970507e-24,
      8.378591828011623e-43,
      0.9999998683944868,
      9.588311174909171e-08,
      3.488285302674919e-08,
      8.395484093028643e-10
    ],
    [
      0.00025431209394574975,
      2.9187260265908446e-12,
      2.666011508807855e-12,
      0.25088807425906773,
      1.1388289209301587e-16,
      0.7488576136414018
    ],
    [
      0.00010421006950531392,
      3.656695992574734e-17,
      1.2951312732940122e-08,
      0.011095969191580434,
      0.9887998077876016,
      6.466838624092516e-24
    ],
    [
      2.56938591289025e-11,
      8.45246376248605e-28,
      0.0038499359650269733,
      0.0004907381297217224,
      0.9956593258795575,
      2.9462277736526276e-26
    ],
    [
      1.3833950436083256e-05,
      0.4804634255839172,
      3.1855740351064803e-40,
      5.682072181916353e-11,
      5.696623251721354e-19,
      0.5195227404088261
    ],
    [
      0.003939864976280146,
      8.114455926736011e-09,
      8.280968294063081e-17,
      0.026950784756862887,
      1.0707661783659202e-16,
      0.9691093421524009
    ],
    [
      0.9986093684620375,
      0.0011261846357390078,
      5.978818099394809e-24,
      0.0002180641611026293,
      1.9344441915958183e-07,
      4.618929670199249e-05
    ],
    [
      1.514751750959271e-11,
      0.9999946827564319,
      1.2205630957065202e-58,
      2.050313696462806e-20,
      5.52051356602061e-15,
      5.31722841519584e-06
    ],
    [
      9.192971602383366e-05,
      6.403495410513421e-16,
      1.861154720719401e-07,
      0.9992902639765676,
      1.2708284251233266e-08,
      0.00061760748365176
    ],
    [
      7.3791500764798455e-22,
      3.567050915621978e-40,
      0.9999990036815888,
      9.448501009152395e-07,
      4.905539350730567e-08,
      2.412916734008136e-09
    ],
    [
      2.9100342527148125e-27,
      4.431459782096287e-46,
      0.9999996982704017,
      1.1552446994572067e-08,
      1.7943593310707118e-11,
      2.9015920780945574e-07
    ],
    [
      3.871005520208366e-05,
      4.8762779627567935e-18,
      1.0360944475839641e-07,
      0.01566062939576162,
      0.9843005569395916,
      9.648613059127126e-23
    ],
    [
      0.9983726831982239,
      1.185845462025016e-05,
      2.2892207654251828e-20,
      0.0016061121214899297,
      9.077070014314206e-06,
      2.6915565194027487e-07
    ],
    [
      2.888095431392124e-27,
      2.9334616700267975e-47,
      0.999978899665511,
      1.114246146161058e-09,
      2.1099220231684898e-05,
      1.1017080366805666e-14
    ],
    [
      9.750719014800478e-16,
      2.1926037668225835e-33,
      0.9966229974007612,
      0.00016913544711053468,
      0.0032078671520776834,
      4.949533002031727e-14
    ],
    [
      0.00048095458781101277,
      4.143746416538757e-10,
      5.564516380513103e-16,
      0.02765801146672161,
      5.125474548799487e-19,
      0.9718610335310922
    ],
    [
      7.050501479529802e-06,
      1.7129110879129672e-19,
      3.466581558210505e-06,
      0.0299046280553786,
      0.9700848548615838,
      1.3542890310096638e-20
    ],
    [
      1.5860654663601998e-21,
      1.5975097074817917e-40,
      0.9997056128780634,
      2.992051691959094e-07,
      0.00029408791676549946,
      1.9945285708818206e-15
    ],
    [
      1.2762192690851602e-17,
      6.782495777892397e-36,
      0.9925596590752228,
      1.4691033254379163e-05,
      0.007425649891522455,
      1.4780798514590473e-16
    ],
    [
      6.0169274461609465e-05,
      0.0018472087907982116,
      1.7227324579470486e-32,
      6.886108879705837e-08,
      5.518061289207641e-23,
      0.9980925530736514
    ],
    [
      4.446285297776701e-19,
      7.354664778607592e-38,
      0.9787259889041162,
      2.1016490903177495e-06,
      0.0212719094467936,
      2.8279417916201236e-19
    ],
    [
      4.914214034988849e-06,
      6.114504615959813e-20,
      3.528347668604447e-05,
      0.08162736761848495,
      0.9183324346907941,
      4.342845457734872e-18
    ],
    [
      0.0018430493484321996,
      3.5911682654581814e-10,
      1.0540189632064587e-14,
      0.09333747088073596,
      2.1424784388402988e-16,
      0.9048194794117044
    ],
    [
      0.9877012215810737,
      4.1809167283997803e-05,
      3.750030624806039e-20,
      0.006847580126949489,
      5.184929516332722e-09,
      0.005409383939763484
    ],
    [
      0.00028053016871034997,
      2.954329046952371e-16,
      1.4467328038375079e-09,
      0.007734455670366099,
      0.9919850127141906,
      3.87665594857406e-25
    ],
    [
      6.106390980187734e-12,
      0.9999971576384336,
      1.013254415551715e-59,
      5.86219433399915e-21,
      7.94235872680142e-15,
      2.842355452187577e-06
    ],
    [
      0.0003808437364377155,
      2.8596765276681856e-16,
      1.5449052739080386e-06,
      0.9980583188564321,
      0.0015592867561122666,
      5.7457439764017226e-09
    ],
    [
      1.2484001223728504e-13,
      3.5174291465107116e-31,
      0.018182443065974614,
      3.997855884174101e-05,
      0.9817775783750591,
      1.1179391901788605e-38
    ],
    [
      0.8185043237066166,
      1.2582386796791764e-08,
      1.2213585231561897e-15,
      0.012096557406424981,
      0.1693991063045696,
      4.721841923786135e-16
    ],
    [
      9.965224448017532e-16,
      1.7862272368237506e-33,
      0.9903182224637315,
      0.0001389651264595166,
      0.009542812409804563,
      3.2356736924879952e-15
    ],
    [
      0.9664504478015443,
      0.033532703395174515,
      1.4085918464355166e-27,
      1.032186340279911e-05,
      6.061896953340294e-06,
      4.6504292488713864e-07
    ],
    [
      0.9987990089506645,
      4.892075954353381e-05,
      2.6031293035000997e-21,
      0.0011446369468745433,
      9.658523454526184e-07,
      6.467490572341504e-06
    ],
    [
      0.0004066652731613204,
      4.887828495802699e-16,
      8.585780279501444e-07,
      0.9992085757298652,
      0.0003838611177606986,
      3.930118434182048e-08
    ],
    [
      0.9950957201116482,
      5.594186831387218e-07,
      3.1606017520536217e-18,
      0.003970677263543546,
      0.0009330430857317219,
      1.2039335613572996e-10
    ],
    [
      4.890310875011393e-23,
      9.999939166191417e-42,
      0.9999996261354365,
      2.1381552566956936e-07,
      1.598110426462449e-07,
      2.379953766579405e-10
    ],
    [
      5.603550048315613e-12,
      0.9999999993982156,
      4.0558053021317216e-61,
      6.153469653713792e-22,
      5.9564163881332e-10,
      5.394483011173129e-13
    ],
    [
      0.11196284414151352,
      1.4127993075588568e-11,
      1.1366202589446565e-11,
      0.07904045736888757,
      0.8089966984641048,
      2.453385667872088e-17
    ],
    [
      0.04895491542728919,
      3.389497492787366e-12,
      9.875634783558353e-10,
      0.9494353095385424,
      0.001609756973632895,
      1.7069582628465213e-08
    ],
    [
      1.898906475611922e-05,
      1.652029352708921e-18,
      6.434160115417962e-05,
      0.9990951474185439,
      0.0008215046902947178,
      1.7225251260374667e-08
    ],
    [
      0.9996359929921319,
      0.00016399417672328668,
      4.4795704923266286e-23,
      0.0001750221241285891,
      2.49718735404771e-05,
      1.8833475696758006e-08
    ],
    [
      7.868447930982468e-20,
      3.943362442745828e-38,
      0.9999822278748297,
      3.5013085407460292e-06,
      1.427081121995266e-05,
      5.4095079379733635e-12
    ],
    [
      0.0002734705535641063,
      1.9719938176858561e-16,
      1.8428962557613346e-06,
      0.9990162992767252,
      0.0007083701624179893,
      1.711103679032588e-08
    ],
    [
      3.668815990662298e-06,
      0.8978504050929585,
      8.051868767698272e-43,
      2.913977043907286e-12,
      1.1881461721307179e-17,
      0.10214592608813716
    ],
    [
      0.9953956573185339,
      0.004265054936392705,
      5.834615384819317e-25,
      0.00012968520551075413,
      6.624916326656866e-08,
      0.00020953629039943613
    ],
    [
      1.1852525398026258e-06,
      1.760796030577263e-20,
      6.218527510214325e-07,
      0.0033863366116892724,
      0.99661185628302,
      2.101514692324123e-27
    ],
    [
      0.9992040619401428,
      2.5650369752604528e-05,
      3.1751080784074844e-21,
      0.0007547843020454174,
      1.542812604272891e-05,
      7.526201649612434e-08
    ],
    [
      0.998985592693118,
      3.121369863012844e-05,
      3.5923377161173596e-21,
      0.000978132994588155,
      4.41294664007118e-06,
      6.476670240166571e-07
    ],
    [
      4.294361760212785e-11,
      0.9999991693280408,
      9.863905192827631e-58,
      4.992700769255766e-20,
      6.000757374427019e-14,
      8.306289557723854e-07
    ],
    [
      0.00031701311417418855,
      2.6537666680816872e-05,
      1.2498717734849148e-26,
      1.0840772274618437e-05,
      2.829581483498134e-22,
      0.9996456084468704
    ],
    [
      0.9987951257057751,
      0.0006638624607169329,
      2.619622807387349e-23,
      0.00039936704269499134,
      8.250048120823409e-08,
      0.00014156229033188844
    ],
    [
      1.01226834698216e-29,
      1.500344484817033e-50,
      0.9985154896509808,
      4.4812277806932085e-11,
      0.0014845103042070021,
      2.00484684303635e-19
    ],
    [
      0.019492513706719287,
      0.0008258274273314963,
      3.9166702922619017e-26,
      4.41659482978715e-05,
      6.855350118759795e-16,
      0.9796374929176509
    ],
    [
      0.9953224386632198,
      1.9746752467663007e-06,
      8.614890046710551e-19,
      0.004648049997958817,
      2.7440125547511845e-05,
      9.653802741417413e-08
    ],
    [
      2.438075526687116e-09,
      8.594365924668676e-25,
      5.559955154986541e-05,
      0.0006121512449393336,
      0.9993322467654354,
      3.045186025452047e-32
    ],
    [
      0.0012808943959450071,
      2.6927563362916813e-10,
      8.945801010820243e-15,
      0.07991570212465124,
      6.949885812504191e-17,
      0.9188034032101191
    ],
    [
      0.000720861001325271,
      0.5792762620590939,
      3.1425449840213257e-36,
      4.920967500213962e-09,
      8.519294553603572e-16,
      0.42000287201861264
    ],
    [
      0.9988705733806481,
      9.46954172220317e-06,
      5.394711145436609e-21,
      0.0004653740175694452,
      0.0006545830275235082,
      3.2536629129717324e-11
    ],
    [
      1.5074971551310918e-06,
      0.9997499274841383,
      2.9899497193263564e-45,
      9.797873729596652e-14,
      7.874312721160049e-14,
      0.00024856501852986803
    ],
    [
      5.431901672826554e-10,
      0.9999999463808568,
      3.1183174397175073e-55,
      7.025782297749085e-19,
      2.182785865221497e-12,
      5.3073770406970534e-08
    ],
    [
      0.9976814311724429,
      1.2842019002901745e-05,
      3.4244989204177e-20,
      0.0023009329092865834,
      2.5218235903715383e-06,
      2.272075677493452e-06
    ],
    [
      0.9995746988637134,
      7.203287969543628e-05,
      2.9558234519381533e-22,
      0.0003339133702240322,
      1.9318717284645932e-05,
      3.616908251792138e-08
    ],
    [
      1.3997196359858046e-06,
      0.9992566960075647,
      3.8518461194552926e-45,
      1.2250459414172102e-13,
      1.8159289346720865e-14,
      0.0007419042726587767
    ],
    [
      1.0416390068187766e-08,
      7.928355989557533e-24,
      3.594486906189534e-05,
      0.001312804506400122,
      0.9986512402081481,
      2.1287580588973757e-28
    ],
    [
      0.9616833441112814,
      0.038300562494073646,
      1.395870443749982e-27,
      1.154067581454578e-05,
      3.071187756911513e-06,
      1.4815310739504543e-06
    ],
    [
      7.3701595824214e-06,
      2.8730935684384006e-19,
      4.6508550057838896e-07,
      0.010593276949711667,
      0.9893988878052055,
      1.3345742483517084e-23
    ],
    [
      0.001073221063535818,
      0.998926573214357,
      1.1719166882735678e-38,
      1.1419121517816251e-10,
      2.235877372163528e-08,
      1.8324914247750655e-07
    ],
    [
      0.0001230801412546768,
      1.0004731166901009e-16,
      5.167961813294805e-10,
      0.0022762374811625143,
      0.9976006818607865,
      3.665233827072396e-34
    ],
    [
      5.8350933176174174e-05,
      2.4015589913979984e-17,
      1.7034253401206806e-09,
      0.00244774608070184,
      0.9974939012826969,
      5.06211883688902e-32
    ],
    [
      2.0951885773522245e-18,
      4.56702721540027e-37,
      0.9596854518100697,
      4.017424313029378e-06,
      0.04031053076561729,
      9.469815533753464e-20
    ],
    [
      0.00021999718976855145,
      1.680130542288765e-08,
      8.962988290218518e-20,
      0.0019681149477389485,
      1.456004433712109e-22,
      0.997811871061187
    ],
    [
      1.166062278909066e-13,
      3.925545278046744e-31,
      0.3576432410928638,
      0.00041878119215727573,
      0.6419379777148626,
      1.2717399849740549e-20
    ],
    [
      1.542910283180257e-07,
      3.086028450700784e-22,
      0.0001433906532728273,
      0.01769522049205077,
      0.9821612345636482,
      1.346569444534511e-20
    ],
    [
      0.0012519395358240037,
      1.7843693538614557e-07,
      1.1126746758080174e-20,
      0.0012331682342250207,
      1.0354869511591605e-19,
      0.9975147137930157
    ],
    [
      0.01568107844367039,
      0.0008513867169265829,
      2.1715480704408834e-26,
      3.3680262799829596e-05,
      3.9288939294177603e-16,
      0.9834338545766028
    ],
    [
      1.4286647417414094e-20,
      1.6629530697626033e-39,
      0.9981237048137309,
      6.165539133003009e-07,
      0.001875678632355866,
      5.819980993814516e-17
    ],
    [
      1.8704291610811574e-05,
      0.019217922424750716,
      3.647539275916061e-36,
      2.3801796211736397e-09,
      1.590517543681422e-22,
      0.980763370903459
    ],
    [
      2.722175472050865e-07,
      1.4349498305013688e-20,
      0.000595627290765901,
      0.9992160126628267,
      9.711974184893845e-08,
      0.00018799070911851602
    ],
    [
      3.6791525652546287e-09,
      0.971403260705705,
      8.431319765675705e-51,
      3.3176679320283957e-16,
      1.1625900824641748e-19,
      0.028596735615141984
    ],
    [
      2.2199410511179316e-06,
      2.818417782902207e-20,
      5.682768572844214e-06,
      0.017669084435390545,
      0.9823230128549856,
      1.1425758103618916e-21
    ],
    [
      0.00022606354882714468,
      4.747627670078292e-06,
      4.16602800426252e-25,
      3.699697742961627e-05,
      2.6406031734203008e-23,
      0.9997321918460733
    ],
    [
      0.21353313260651444,
      8.490466036347244e-11,
      1.2262409708626475e-12,
      0.05121937294518511,
      0.7352474943621697,
      1.6554446674846867e-17
    ],
    [
      3.229135075512464e-17,
      3.773683510278428e-35,
      0.9993203840549508,
      3.780521888445542e-05,
      0.00064181072603068,
      1.3395076741985194e-13
    ],
    [
      3.118634214166903e-14,
      6.739940889869288e-32,
      0.08459844280985568,
      6.891723549222907e-05,
      0.915332639954621,
      3.725185022632032e-26
    ],
    [
      3.333332906424433e-10,
      0.9999999994049307,
      2.7925056550990447e-56,
      1.6581699386362018e-19,
      1.1658314866098737e-10,
      1.4515281658233973e-10
    ],
    [
      0.0008666362023891619,
      3.79895331201524e-06,
      6.734542004275863e-24,
      0.0001037746211296466,
      1.0487352716746528e-20,
      0.9990257902231692
    ],
    [
      0.0003915982428739631,
      0.0052180703103490034,
      6.639646084601832e-32,
      1.5066443169978046e-07,
      8.983882258309302e-20,
      0.9943901807823454
    ],
    [
      8.203599479950452e-07,
      1.0532282697722655e-20,
      0.0021031097057168345,
      0.9975710364824122,
      0.000324917810442337,
      1.1564148062339334e-07
    ],
    [
      2.7288895490118783e-06,
      8.149239981333064e-20,
      1.5370637237350538e-07,
      0.002828376235124234,
      0.9971687411689545,
      5.695387978599334e-29
    ],
    [
      8.043513635996417e-26,
      2.1211652003182575e-44,
      0.9999996460162804,
      4.5974858592250176e-08,
      3.05538779014703e-11,
      3.079783075447375e-07
