{
  "dataset": "moons",
  "algorithm": "gmm",
  "params": {
    "n_components": 5,
    "covariance_type": "spherical"
  },
  "labels": [
    3,
    0,
    3,
    4,
    4,
    3,
    3,
    4,
    4,
    1,
    3,
    2,
    1,
    4,
    3,
    3,
    1,
    0,
    3,
    1,
    1,
    1,
    4,
    3,
    4,
    1,
    1,
    2,
    4,
    3,
    1,
    3,
    1,
    4,
    0,
    3,
    3,
    0,
    2,
    0,
    3,
    4,
    1,
    2,
    0,
    0,
    3,
    0,
    3,
    0,
    4,
    2,
    4,
    3,
    2,
    4,
    4,
    0,
    2,
    4,
    1,
    4,
    3,
    1,
    4,
    0,
    1,
    0,
    2,
    3,
    3,
    3,
    4,
    4,
    3,
    3,
    4,
    4,
    1,
    1,
    2,
    4,
    1,
    4,
    3,
    4,
    2,
    1,
    3,
    4,
    3,
    1,
    3,
    3,
    1,
    3,
    4,
    0,
    1,
    3,
    2,
    1,
    0,
    3,
    3,
    0,
    3,
    2,
    3,
    4,
    4,
    1,
    3,
    3,
    1,
    4,
    2,
    2,
    4,
    0,
    2,
    2,
    3,
    4,
    2,
    2,
    3,
    2,
    4,
    3,
    3,
    4,
    1,
    4,
    4,
    0,
    2,
    0,
    0,
    4,
    0,
    2,
    1,
    4,
    4,
    4,
    0,
    2,
    4,
    1,
    3,
    4,
    0,
    0,
    1,
    3,
    3,
    2,
    3,
    0,
    4,
    3,
    1,
    0,
    1,
    1,
    0,
    0,
    1,
    4,
    0,
    4,
    1,
    4,
    4,
    2,
    3,
    4,
    4,
    3,
    3,
    2,
    3,
    4,
    1,
    4,
    3,
    4,
    2,
    4,
    1,
    3,
    3,
    4,
    4,
    2,
    4,
    0,
    4,
    3,
    1,
    0,
    2,
    4,
    4,
    2,
    2,
    4,
    1,
    3,
    4,
    4,
    3,
    3,
    4,
    3,
    3,
    2,
    3,
    2,
    3,
    4,
    0,
    2,
    4,
    3,
    2,
    1,
    4,
    0,
    4,
    4,
    1,
    0,
    3,
    3,
    3,
    4,
    4,
    2,
    3,
    2,
    1,
    3,
    3,
    4,
    4,
    0,
    3,
    4,
    1,
    3,
    1,
    2,
    3,
    1,
    4,
    3,
    4,
    1,
    4,
    4,
    3,
    4,
    4,
    2,
    1,
    4,
    3,
    4,
    2,
    2,
    2,
    3,
    3,
    3,
    3,
    3,
    3,
    4,
    3,
    2,
    1,
    2,
    4,
    1,
    4,
    1,
    3,
    4,
    3,
    4,
    3,
    3,
    4,
    4,
    3,
    1,
    1,
    1,
    1,
    2,
    4,
    4,
    4,
    2,
    4,
    2,
    4,
    4,
    3,
    2,
    3,
    3,
    4,
    4,
    1,
    4,
    3,
    3,
    4,
    1,
    0,
    1,
    4,
    4,
    4,
    2,
    2,
    3,
    4,
    3,
    0,
    0,
    4,
    4,
    1,
    3,
    2,
    4,
    0,
    2,
    1,
    3,
    2,
    0,
    1,
    1,
    2,
    4,
    4,
    3,
    0,
    4,
    1,
    4,
    2,
    1,
    2,
    2,
    4,
    3,
    2,
    0,
    0,
    0,
    4,
    3,
    2,
    1,
    0,
    1,
    2,
    4,
    4,
    4,
    1,
    4,
    0,
    4,
    4,
    1,
    3,
    3,
    1,
    4,
    3,
    3,
    4,
    0,
    3,
    1,
    1,
    2,
    3,
    1,
    1,
    3,
    2,
    2,
    2,
    3,
    1,
    4,
    1,
    1,
    3,
    3,
    4,
    2,
    4,
    0,
    2,
    3,
    2,
    3,
    4,
    4,
    0,
    3,
    0,
    1,
    1,
    0,
    1,
    4,
    2,
    0,
    4,
    1,
    3,
    4,
    3,
    1,
    0,
    3,
    4,
    2,
    0,
    3,
    4,
    3,
    4,
    4,
    3,
    1,
    4,
    3,
    1,
    3,
    2,
    0,
    3,
    0,
    1,
    2,
    1,
    4,
    1,
    2,
    4,
    0,
    0,
    3,
    2,
    4,
    0,
    3,
    1,
    4,
    4,
    1,
    2,
    3,
    4,
    1,
    3,
    4,
    3,
    4,
    4,
    4,
    3,
    4,
    3,
    0,
    1,
    3,
    2,
    1,
    4,
    1,
    3,
    2,
    4,
    4,
    4,
    3,
    1,
    4
  ],
  "means": [
    {
      "x": 0.8511266495405125,
      "y": 0.4971513156578627
    },
    {
      "x": 1.8119246661752937,
      "y": 0.022111916490837307
    },
    {
      "x": -0.8640556730314127,
      "y": 0.4491459736049107
    },
    {
      "x": 0.765543181520828,
      "y": -0.33103495884474377
    },
    {
      "x": 0.03778014244188986,
      "y": 0.7348945504743174
    }
  ],
  "probabilities": [
    [
      6.954365369556797e-05,
      0.0008889386117433501,
      1.4349441715386697e-14,
      0.9984425712205491,
      0.0005989465139975304
    ],
    [
      0.7999539614408839,
      0.00023389808683913846,
      7.053596646522654e-13,
      0.006849177455317543,
      0.19296296301625415
    ],
    [
      4.7853433454559135e-06,
      0.011697214624260868,
      1.2900170801066119e-18,
      0.9882397259768074,
      5.8274055586354155e-05
    ],
    [
      4.461241291212564e-08,
      3.08357228710615e-14,
      0.0020440868950147876,
      9.705304435757927e-06,
      0.9979461631881058
    ],
    [
      0.00020202672811254292,
      7.396513180394645e-10,
      1.8927198885993626e-08,
      3.8683039660367996e-05,
      0.9997592705653772
    ],
    [
      7.739131505909336e-07,
      0.09193993861091632,
      9.679323219083631e-22,
      0.9080458186736698,
      1.3468802263245307e-05
    ],
    [
      0.000125870833350307,
      0.029311655588758177,
      6.010331856564927e-18,
      0.9703800118717848,
      0.00018246170610678163
    ],
    [
      4.0001223338713255e-06,
      3.737315511916403e-12,
      7.434098075029976e-06,
      1.3816680720801917e-05,
      0.9999747490951331
    ],
    [
      0.45672124443661505,
      7.1833754687516715e-06,
      1.722448966076395e-08,
      0.02202385210316691,
      0.5212477028602598
    ],
    [
      4.599101415229492e-08,
      0.9727639676619113,
      6.716271102874276e-29,
      0.027235702088406723,
      2.8425866799275513e-07
    ],
    [
      0.12718606580027383,
      0.03528820664311106,
      9.212951139707443e-15,
      0.8305195357806624,
      0.007006191775943722
    ],
    [
      4.781306516667496e-12,
      8.921960411713338e-17,
      0.7795922316330816,
      3.11828681630795e-05,
      0.22037658549397401
    ],
    [
      2.102539129399762e-09,
      0.7391273404709587,
      5.289398515782005e-28,
      0.26087227858806983,
      3.788384322588179e-07
    ],
    [
      0.01347237460403678,
      2.6848490445861246e-08,
      2.8629648468065826e-06,
      0.0028390474967332066,
      0.983685688085893
    ],
    [
      1.0850731906144834e-06,
      0.06972824528041707,
      2.901789913906512e-21,
      0.9302537197415288,
      1.694990486370612e-05
    ],
    [
      8.918219457133904e-07,
      0.06736067126281589,
      2.530258969255897e-21,
      0.9326225981883686,
      1.5838726869766338e-05
    ],
    [
      1.6072726521091035e-07,
      0.9995905751026662,
      4.28518653239571e-32,
      0.0004088954287434759,
      3.6874132486967794e-07
    ],
    [
      0.9154687860072896,
      0.00237864316539624,
      1.9812507478509434e-13,
      0.05640133614472084,
      0.025751234682394878
    ],
    [
      9.672776064338493e-07,
      1.4672395088485825e-05,
      2.1619039048282764e-12,
      0.9992339001292068,
      0.0007504601959364742
    ],
    [
      1.0172384089409927e-07,
      0.9250151680416461,
      1.6933233131529414e-27,
      0.07498403988702301,
      6.903474899968071e-07
    ],
    [
      3.2125918455959873e-07,
      0.999297276114429,
      2.8240082904813893e-31,
      0.0007019780516990927,
      4.2457468733519217e-07
    ],
    [
      2.3164310185653024e-09,
      0.9999068361036996,
      1.552028731113871e-35,
      9.309667365133077e-05,
      6.490621816806393e-08
    ],
    [
      2.3272045868490187e-06,
      7.154551389086808e-11,
      0.024404805903714025,
      0.025518186402727825,
      0.9500746804174255
    ],
    [
      0.00012986653838501712,
      0.0040625659098582996,
      7.534771558157919e-16,
      0.9954046581020832,
      0.0004029094496725679
    ],
    [
      0.261737202523805,
      2.433582291562913e-06,
      1.1490447169092522e-07,
      0.02114683217846308,
      0.7171134168109689
    ],
    [
      2.02321439662637e-05,
      0.998777137846596,
      1.270266481226609e-28,
      0.0011934771868037947,
      9.152822634024195e-06
    ],
    [
      3.417127455043852e-05,
      0.9969299872759511,
      1.4349505365766643e-27,
      0.003029413589949811,
      6.427859548808898e-06
    ],
    [
      1.649414271714691e-16,
      2.4269439183008793e-20,
      0.9686832817915405,
      8.22512846076978e-07,
      0.03131589569561328
    ],
    [
      2.6427954257577592e-05,
      6.165323687420169e-11,
      1.136482649711372e-07,
      1.6118628847524706e-05,
      0.9999573397069766
    ],
    [
      7.372948073871198e-06,
      1.8263191772467875e-06,
      3.757912402135563e-09,
      0.9914507878639724,
      0.00854000911086412
    ],
    [
      9.99613317924674e-09,
      0.9991832525333998,
      6.363656547639278e-33,
      0.000816684952780955,
      5.251768604658376e-08
    ],
    [
      7.734394723693026e-06,
      7.872245324096358e-07,
      3.118846936694093e-08,
      0.9834401902616622,
      0.016551256930612435
    ],
    [
      4.3136334307787794e-10,
      0.9987158010941859,
      4.315745969301562e-34,
      0.0012841856407179823,
      1.2833732732088707e-08
    ],
    [
      5.334957821008112e-12,
      1.741010000525067e-17,
      0.35694337321734704,
      2.914843262708066e-06,
      0.6430537119340554
    ],
    [
      0.5536410773430834,
      0.014574001322827476,
      9.846762716770698e-14,
      0.41346550400019577,
      0.01831941733379488
    ],
    [
      1.0258097427069224e-07,
      1.2679190209918603e-06,
      6.431090674898293e-11,
      0.9987242589682402,
      0.0012743704674538004
    ],
    [
      2.0308018594208126e-05,
      0.057940599276337365,
      1.344571831455169e-19,
      0.9419767121029978,
      6.238060207079992e-05
    ],
    [
      0.7515580127340801,
      7.039790057510307e-05,
      1.4032075941870206e-11,
      0.007629086504740002,
      0.24074250284657278
    ],
    [
      2.7996847645851795e-18,
      5.815043305916482e-22,
      0.9781710202617274,
      1.0583945549422608e-07,
      0.02182887389881726
    ],
    [
      0.5898267609838846,
      2.570662489607729e-05,
      9.179789918263849e-11,
      0.006590050609557152,
      0.40355748168986466
    ],
    [
      2.4606242912326144e-08,
      0.07554838265890777,
      3.125624669494706e-23,
      0.9244477730521276,
      3.8196827215990974e-06
    ],
    [
      3.870696110970818e-05,
      2.6478286680778773e-11,
      0.00015702304363121843,
      0.00016887024826008868,
      0.9996353997205206
    ],
    [
      1.4925463863527134e-05,
      0.9985660625994383,
      1.1821201454038119e-28,
      0.0014135402297312703,
      5.471706966857906e-06
    ],
    [
      5.681956356736509e-16,
      6.388503840050315e-20,
      0.9613460962200956,
      1.2591597945978166e-06,
      0.03865264462010915
    ],
    [
      0.4830367554784885,
      0.0029577825267717954,
      5.328662459451497e-12,
      0.4768312722336653,
      0.03717418975574597
    ],
    [
      0.6148194473840743,
      5.669600165362303e-05,
      1.0273092573104415e-11,
      0.005474594342042275,
      0.3796492622619568
    ],
    [
      0.14462458419077107,
      0.10032364613965483,
      7.105365285295615e-16,
      0.7499229067796973,
      0.005128862889876028
    ],
    [
      0.6955088716449043,
      0.0670655440551291,
      9.430723520606961e-16,
      0.22658736562788934,
      0.010838218672076185
    ],
    [
      3.820042518606876e-08,
      0.22337363273630403,
      2.6843563554791232e-24,
      0.7766233030591077,
      3.0260041633213595e-06
    ],
    [
      0.7098641946594914,
      0.0020423963701761143,
      4.9863728756530756e-12,
      0.24743309407738842,
      0.04066031488795794
    ],
    [
      0.0007007673398878774,
      7.696192809888191e-10,
      2.943596416781917e-06,
      0.00024406487999379964,
      0.9990522234140822
    ],
    [
      7.204904187787389e-19,
      7.570195005053135e-23,
      0.931279169657684,
      1.8968301891350646e-08,
      0.06872081137401388
    ],
    [
      2.9238936794866676e-07,
      1.8826148725932124e-13,
      0.00041699368588746976,
      1.3011935743104006e-05,
      0.9995697019888133
    ],
    [
      8.163147990535465e-06,
      0.34040670124013717,
      3.2071890162950118e-22,
      0.6595645027403916,
      2.0632871480656463e-05
    ],
    [
      1.5825841867277115e-16,
      1.1605007217815664e-20,
      0.9570027426264611,
      3.5395006572501387e-07,
      0.042996903423472954
    ],
    [
      0.3142630937128467,
      5.193324018153575e-06,
      1.0806477455546446e-09,
      0.0047456295980486595,
      0.6809860822844389
    ],
    [
      2.09126604964526e-08,
      1.538473821153676e-14,
      0.003955582782398853,
      9.04391467613333e-06,
      0.9960353523902491
    ],
    [
      0.5156752382093441,
      0.0034187590809831724,
      3.5114295315137083e-12,
      0.44615635863137637,
      0.03474964407478517
    ],
    [
      1.2354680175556536e-19,
      9.521388783102573e-23,
      0.9889129473075025,
      7.431125618316535e-08,
      0.01108697838124128
    ],
    [
      0.0020555346105393555,
      4.9460500888248515e-09,
      8.297259252561777e-08,
      0.00020181146972797338,
      0.9977425660010901
    ],
    [
      1.3206756152547903e-06,
      0.9988677143104685,
      3.957269782840517e-30,
      0.0011300617246110126,
      9.032893053694927e-07
    ],
    [
      1.3578469317035e-06,
      2.6984706256682958e-11,
      0.03647686328091717,
      0.013677988866830477,
      0.9498437899783359
    ],
    [
      1.8720896406571205e-05,
      9.881288113429744e-07,
      4.958909544709666e-08,
      0.9772552119977701,
      0.02272502938791674
    ],
    [
      1.1363257306226436e-07,
      0.9978688568753677,
      7.934646579943727e-31,
      0.0021308423031958157,
      1.8718886347202875e-07
    ],
    [
      0.0035179883934102997,
      5.683371669653696e-09,
      6.821988806550476e-07,
      0.0004950727203322936,
      0.9959862510040052
    ],
    [
      0.9249977795655501,
      0.00044779385798831504,
      1.7348290553825059e-12,
      0.022986312351042554,
      0.05156811422368438
    ],
    [
      7.0224695137955635e-09,
      0.998188631412572,
      2.2225839532105964e-32,
      0.0018113145595424404,
      4.7005416325074235e-08
    ],
    [
      0.7334148561202742,
      3.442128298951754e-05,
      1.1129928037667081e-09,
      0.028677797179239645,
      0.23787292430450402
    ],
    [
      4.860908153767558e-16,
      1.3421095889355999e-18,
      0.9606956049295433,
      4.186615066400529e-05,
      0.03926252891979204
    ],
    [
      1.820271381219227e-06,
      0.08611875509268804,
      3.056685977609851e-21,
      0.9138599342728169,
      1.9490363113714554e-05
    ],
    [
      8.149140748723184e-07,
      0.0011678071522496895,
      4.3553096210280204e-17,
      0.9987621694478082,
      6.920848586724344e-05
    ],
    [
      6.925350789987289e-06,
      0.00023126406869211183,
      2.5785845020694567e-14,
      0.9993689031451526,
      0.0003929074353395101
    ],
    [
      3.199735621360882e-05,
      9.611091124357933e-10,
      0.0045232530446103125,
      0.05410063326838475,
      0.9413441153696819
    ],
    [
      0.004076697364544985,
      5.881657407000913e-08,
      0.000107989212173082,
      0.07412645412759203,
      0.9216888004791158
    ],
    [
      0.00018239824487840196,
      3.5636179199721456e-06,
      2.992455828550883e-08,
      0.968296115883463,
      0.03151789232918023
    ],
    [
      0.007930903195707717,
      2.002939862333235e-05,
      3.216210958538302e-08,
      0.9043443988912881,
      0.08770463635227113
    ],
    [
      2.6382479578448035e-05,
      7.02438335816601e-11,
      0.0049660853284436484,
      0.0032818726102745786,
      0.9917256595114595
    ],
    [
      0.35738676030492966,
      4.0506874204806155e-06,
      2.6725931659745646e-08,
      0.01596399331129163,
      0.6266451689704268
    ],
    [
      2.8698067934736013e-07,
      0.9798787972170064,
      2.823948102194896e-28,
      0.020120377229460563,
      5.385728539100141e-07
    ],
    [
      1.3022889832680735e-08,
      0.9988687635005632,
      1.6994411699162893e-32,
      0.0011311634883352229,
      5.998821193801271e-08
    ],
    [
      9.790661992142352e-18,
      4.818920435836491e-22,
      0.8630075504847357,
      3.5693577613893385e-08,
      0.1369924138216867
    ],
    [
      0.011895899857308158,
      3.853353983130008e-08,
      4.5799894651015864e-08,
      0.0006150101317236557,
      0.9874890056775338
    ],
    [
      1.1341530890522146e-05,
      0.9992091185533805,
      2.813335601000805e-29,
      0.0007693212811935939,
      1.0218634535426001e-05
    ],
    [
      5.610758543512241e-09,
      7.270480064842878e-15,
      0.07192818561859511,
      3.1470114975872155e-05,
      0.9280403386556632
    ],
    [
      0.0008469286189887895,
      4.0082222330324554e-05,
      4.931302544198143e-10,
      0.985340752497408,
      0.013772236168142597
    ],
    [
      0.011364762633568755,
      4.426965874819655e-08,
      2.179656548305386e-08,
      0.000513980350699333,
      0.9881211909495076
    ],
    [
      3.83317952545027e-13,
      2.229691762265399e-18,
      0.5840408187349746,
      1.4894370951501458e-06,
      0.4159576918275467
    ],
    [
      1.7245743018775123e-05,
      0.9548253053658051,
      1.9619575944088383e-25,
      0.04515216170384051,
      5.287187335627125e-06
    ],
    [
      3.7702823921741935e-05,
      1.2544553352547256e-06,
      6.194771165690562e-08,
      0.9718597563836906,
      0.028101224389340918
    ],
    [
      3.95815019164386e-07,
      1.5551891574718022e-12,
      0.05928438719869591,
      0.0013226454012477003,
      0.9393925715834821
    ],
    [
      2.2116753038947076e-05,
      0.010181270087049077,
      1.0541947442702176e-17,
      0.9896758585218801,
      0.00012075463803181231
    ],
    [
      3.3463680762698334e-11,
      0.9999184038260229,
      7.746253385212473e-38,
      8.159143386261918e-05,
      4.70665104494845e-09
    ],
    [
      0.0005366125620890624,
      0.001095114750774697,
      9.346946894872029e-14,
      0.9968405510795898,
      0.0015277216074529288
    ],
    [
      0.0003997903516838217,
      1.3375519760489238e-05,
      2.9818442996998127e-09,
      0.9806397807613487,
      0.018947050385362738
    ],
    [
      0.0005052535718288247,
      0.769460651074916,
      5.587824661487846e-22,
      0.22996883820844602,
      6.525714480917764e-05
    ],
    [
      6.995188204626091e-08,
      4.858473227181821e-05,
      5.657565096475786e-15,
      0.9998357372883635,
      0.00011560802747707477
    ],
    [
      0.45811254212027663,
      8.15574740525778e-06,
      2.7648315164663895e-08,
      0.03195191305083258,
      0.5099273614331704
    ],
    [
      0.9374674342719342,
      0.0008153347528138871,
      1.8798023937634243e-13,
      0.015441761485922472,
      0.04627546948914127
    ],
    [
      7.0727002456883e-11,
      0.9956703825578147,
      7.3305533204039655e-34,
      0.004329607826439085,
      9.545019338152927e-09
    ],
    [
      0.11294922608838964,
      0.06884086257468146,
      1.5466805986193443e-15,
      0.8131027054855543,
      0.0051072058513731014
    ],
    [
      1.4130156361087902e-17,
      2.8664273874906485e-19,
      0.9714118441218539,
      4.761594023869188e-05,
      0.028540539937907373
    ],
    [
      6.09168410232475e-08,
      0.9781988944545738,
      5.658303244649325e-29,
      0.021800758761082405,
      2.858675029576311e-07
    ],
    [
      0.7543409527184486,
      0.0006679951474305031,
      4.005087220261436e-11,
      0.17870653632835007,
      0.06628451576571993
    ],
    [
      0.0004337786883118481,
      1.5369811305457738e-06,
      5.705198693159543e-07,
      0.8996902213322532,
      0.09987389247843523
    ],
    [
      1.405686077742069e-05,
      5.181809017433502e-06,
      6.17998249302688e-10,
      0.9942782810919712,
      0.005702479620235754
    ],
    [
      0.6314711971368451,
      0.0008691065335491956,
      2.2884280052352948e-14,
      0.006096394914192599,
      0.3615633014153904
    ],
    [
      0.0003895203138865408,
      1.6927035883811585e-06,
      4.0766700020244873e-07,
      0.912504143127837,
      0.08710423618768806
    ],
    [
      1.2136963868072588e-20,
      2.595307581358345e-22,
      0.9929328550109662,
      7.961780599333348e-07,
      0.007066348810973992
    ],
    [
      4.822694381417521e-06,
      1.706399312765329e-06,
      2.710689365951629e-09,
      0.992840701033579,
      0.007152767162037574
    ],
    [
      0.00038532693297365815,
      3.7822040387131656e-10,
      4.856279531257335e-06,
      0.00019054848052282674,
      0.9994192679287518
    ],
    [
      1.2110421405972666e-09,
      1.2052137318678252e-15,
      0.01442683368233862,
      4.213841019464528e-06,
      0.9855689512655986
    ],
    [
      4.2084681860204964e-07,
      0.8904153469058597,
      2.1580062475998442e-26,
      0.10958267832384548,
      1.553923476308624e-06
    ],
    [
      4.5746272280167934e-05,
      7.360549147087898e-05,
      3.7321551026404976e-12,
      0.9979940092895209,
      0.0018866389429961126
    ],
    [
      0.4569497051128113,
      0.05904353164701712,
      3.696936437828107e-15,
      0.47340888448403395,
      0.010597878756134082
    ],
    [
      7.221587346272366e-11,
      0.9998387249080161,
      7.423612659208955e-37,
      0.0001612695542946589,
      5.4654733678758635e-09
    ],
    [
      0.00030100042235215965,
      9.243801376576799e-08,
      0.00010046457265106802,
      0.483271048221148,
      0.5163273943458352
    ],
    [
      8.807778776609829e-19,
      6.291203037124824e-21,
      0.9873003704069485,
      2.959318068444951e-06,
      0.012696670274983059
    ],
    [
      7.161028629028601e-24,
      1.6036405627272567e-23,
      0.9944114638985416,
      1.6653066907039556e-06,
      0.0055868707947675815
    ],
    [
      0.00018806551748694483,
      1.5282339969696388e-10,
      1.9708804463013343e-05,
      0.0001962185649441927,
      0.9995960069602825
    ],
    [
      0.8014798788371559,
      0.0035796326935955305,
      6.365529947180787e-13,
      0.16704934385330203,
      0.02789114461531001
    ],
    [
      3.4154454766754046e-23,
      4.62095136212648e-25,
      0.9961367246229827,
      1.421352914519645e-08,
      0.0038632611634883086
    ],
    [
      2.5003025892748443e-13,
      6.382221154061856e-18,
      0.8689527974549235,
      8.164159361207275e-06,
      0.13103903838546507
    ],
    [
      3.1684699218821665e-06,
      1.6127940500167254e-05,
      6.793332742274396e-12,
      0.9987272982302433,
      0.0012534053525415042
    ],
    [
      4.634705401826414e-05,
      3.2715874142922884e-11,
      0.00019244432184864298,
      0.0002153470770188501,
      0.9995458615143985
    ],
    [
      3.9250239014897104e-18,
      1.1740855965061437e-21,
      0.9816193594196153,
      1.9929616969308007e-07,
      0.01838044128421496
    ],
    [
      8.159382908868623e-15,
      2.450646715598776e-19,
      0.9123965281869576,
      1.3024401627888822e-06,
      0.0876021693728717
    ],
    [
      4.669959554171307e-07,
      0.08814549564188688,
      6.055809024779348e-22,
      0.9118428649804368,
      1.1172381720785824e-05
    ],
    [
      5.378921985658128e-16,
      1.8459354303732343e-20,
      0.9200192232927613,
      2.937141316967257e-07,
      0.07998048299310632
    ],
    [
      2.7088433095138663e-05,
      2.1644064369309815e-11,
      0.0007683176482139194,
      0.0003489991915521825,
      0.9988555947054947
    ],
    [
      2.517477137978344e-05,
      1.582991502906824e-05,
      7.921103460847996e-11,
      0.9963253007322868,
      0.003633694502093303
    ],
    [
      0.1267879594444057,
      0.00821388862827796,
      3.2229105173524563e-13,
      0.8520980769159121,
      0.01290007501108178
    ],
    [
      0.0007307499861641377,
      9.450799169174923e-10,
      1.0666829410122394e-06,
      0.00018416301370766892,
      0.9990840193721073
    ],
    [
      3.509596690050768e-11,
      0.9998813419939585,
      1.726966004197308e-37,
      0.00011865381864036091,
      4.1523050886543545e-09
    ],
    [
      0.0015596780359258256,
      1.1783089598626558e-08,
      0.0002807574027880638,
      0.03157140212684645,
      0.9665881506513501
    ],
    [
      2.1756056867687364e-13,
      1.1287904415565769e-18,
      0.0014891589635773778,
      4.7730398786901985e-08,
      0.9985107933058066
    ],
    [
      0.6706421328064479,
      2.4300725895696085e-05,
      3.3264785177737267e-10,
      0.011024882715032377,
      0.3183086834199762
    ],
    [
      2.6831121950378307e-13,
      4.866501936179886e-18,
      0.8476040514679752,
      5.654645989454121e-06,
      0.15239029388576678
    ],
    [
      0.520489357567288,
      0.2577924200026078,
      2.4920687713239804e-17,
      0.21461447239623022,
      0.007103750033873951
    ],
    [
      0.6428841543844656,
      0.010151332288142419,
      1.6808622236383712e-13,
      0.32606300563132934,
      0.020901507695894772
    ],
    [
      0.0018649304637676828,
      2.1692786190727635e-08,
      0.0002345054605269986,
      0.052521457944649894,
      0.9453790844382692
    ],
    [
      0.8974457983784466,
      0.0003468316209504185,
      1.0683031115405963e-11,
      0.041578131420179874,
      0.060629238569740264
    ],
    [
      1.007388914128053e-19,
      7.741568814455162e-22,
      0.9911884047804053,
      8.917281247070904e-07,
      0.008810703491470112
    ],
    [
      1.4169288424289012e-10,
      0.9999677016207283,
      7.861980479471611e-38,
      3.2260995215226215e-05,
      3.724236363730755e-08
    ],
    [
      0.11742462847951395,
      5.929052645011025e-07,
      8.316121414979654e-08,
      0.005491355470259993,
      0.8770833399837475
    ],
    [
      0.08352441644589116,
      1.5634052155928615e-06,
      2.9055440677688898e-06,
      0.10954774699400331,
      0.806923367610822
    ],
    [
      0.0001010846942811304,
      8.455984383001013e-10,
      0.0025916701059775647,
      0.01966409024452485,
      0.9776431541096182
    ],
    [
      0.8681127789156371,
      0.01190448890802987,
      1.4292542382127228e-14,
      0.10370766773416903,
      0.016275064442149618
    ],
    [
      7.952409643737306e-17,
      3.512822480631672e-20,
      0.9764706874611133,
      1.8737791811710735e-06,
      0.023527438759705657
    ],
    [
      0.0012462843890924113,
      1.1628080426207988e-08,
      0.00034365167246319574,
      0.038544948614894506,
      0.9598651036954696
    ],
    [
      2.562039631201233e-07,
      0.9669711124164392,
      7.43795983947132e-28,
      0.03302798538090482,
      6.459986931396161e-07
    ],
    [
      0.3061072514584312,
      0.11407885228196271,
      7.180020077826288e-16,
      0.5725693381867777,
      0.007244558072827623
    ],
    [
      5.893997023896754e-06,
      4.202008649601338e-12,
      3.4331164563083254e-05,
      2.7034455625710614e-05,
      0.9999327403785853
    ],
    [
      0.8434596632321221,
      0.004821697351791046,
      1.8916538407198618e-13,
      0.12870929450840748,
      0.02300934490749024
    ],
    [
      0.7692439858625748,
      0.006580655576375097,
      2.095058558113618e-13,
      0.20148470863982765,
      0.02269064992101298
    ],
    [
      2.6810177208107145e-10,
      0.9998380353646186,
      3.459931743145555e-36,
      0.00016195363338851218,
      1.0733890860541053e-08
    ],
    [
      1.2964574046715085e-06,
      0.00595383603289165,
      1.467009976970921e-18,
      0.9940017884797279,
      4.3079029976080997e-05
    ],
    [
      0.3791243071509955,
      0.045310997561786144,
      8.114104427995548e-15,
      0.5646335199024622,
      0.010931175384748283
    ],
    [
      2.915658722581053e-25,
      5.265281443101265e-27,
      0.9951889363742605,
      1.0674988531855759e-09,
      0.004811062558240581
    ],
    [
      0.00037049188887352565,
      0.035495468488138844,
      1.3122896515516912e-17,
      0.96384740167489,
      0.0002866379480975341
    ],
    [
      0.8171551085811691,
      0.001235593767913552,
      5.657816738673911e-12,
      0.1380905611168898,
      0.043518736528369684
    ],
    [
      1.0245548804606396e-08,
      9.772400808067555e-15,
      0.000220673264564339,
      1.9436676618963303e-06,
      0.9997773728222152
    ],
    [
      1.5934870364555517e-05,
      1.3811422222062962e-05,
      6.491086778844537e-11,
      0.9968408266230006,
      0.0031294270195020998
    ],
    [
      2.187772371437694e-05,
      0.8083192170941469,
      8.693876484103811e-24,
      0.19164651086634724,
      1.2394315791441633e-05
    ],
    [
      0.9351187008800411,
      0.0014534758065955482,
      2.1866474872206908e-13,
      0.03312656184479286,
      0.030301261468352037
    ],
    [
      1.0432516611053359e-06,
      0.9941442963459473,
      8.829044266095592e-29,
      0.005853984464293738,
      6.759380981136346e-07
    ],
    [
      4.1538768913378705e-09,
      0.9997766732063229,
      1.6525030645249743e-34,
      0.00022327753518750233,
      4.510461284096327e-08
    ],
    [
      0.7043390762055713,
      0.0045404936920314,
      8.161416072062251e-13,
      0.2628249876904454,
      0.02829544241113589
    ],
    [
      0.8596095850783003,
      0.00796303783479928,
      4.476241525567084e-14,
      0.11374485907066596,
      0.018682518016189437
    ],
    [
      7.177589800902898e-07,
      0.9929409871268584,
      8.486599506809544e-29,
      0.00705771544363967,
      5.796705219420224e-07
    ],
    [
      1.05237154789748e-07,
      7.278018388676899e-14,
      0.0004162449515317048,
      7.57405491899818e-06,
      0.9995760757563219
    ],
    [
      0.45682172830342127,
      0.285490835932011,
      2.324509767800995e-17,
      0.251249272469532,
      0.006438163295035787
    ],
    [
      4.5654108845471306e-05,
      3.198581552550181e-11,
      4.739692708141537e-05,
      0.0001074389810629585,
      0.9997995099510245
    ],
    [
      0.0010896152300424703,
      0.9835025500991356,
      2.590645832263134e-24,
      0.015351851714676158,
      5.598295614599462e-05
    ],
    [
      2.0614409628921992e-05,
      6.131973361741891e-11,
      5.39087103146486e-08,
      1.2701366601827096e-05,
      0.9999666302537393
    ],
    [
      2.9963523266932287e-05,
      5.5931826491984897e-11,
      2.419934474638099e-07,
      1.951142889475635e-05,
      0.9999502829984592
    ],
    [
      1.9510736483370513e-15,
      4.553444471204561e-20,
      0.887582436277542,
      3.9668762347092866e-07,
      0.11241716703483237
    ],
    [
      3.110216001961157e-07,
      7.841683156468159e-05,
      9.865156223670913e-15,
      0.9997506508915754,
      0.00017062125525001224
    ],
    [
      1.408329080337782e-11,
      4.353897736987513e-17,
      0.36395933227042526,
      4.997672069940994e-06,
      0.6360356700434218
    ],
    [
      1.9106067500410338e-06,
      1.2975166986701468e-12,
      0.002048850031733905,
      9.332057109272555e-05,
      0.997855918789126
    ],
    [
      7.673832363539621e-06,
      0.00037585642135245606,
      8.952161800696581e-15,
      0.9992955526981647,
      0.00032091704811049794
    ],
    [
      0.00030360401554635074,
      0.03746531894915808,
      9.112948067595822e-18,
      0.9619760699645955,
      0.0002550070707002279
    ],
    [
      2.803965044565329e-17,
      3.2513195394692633e-21,
      0.9686282490521475,
      2.1442854632449778e-07,
      0.03137153651930615
    ],
    [
      2.8239348388374797e-07,
      0.3658012570614277,
      5.239844288670771e-24,
      0.6341934570611928,
      5.003483895538985e-06
    ],
    [
      1.6880661589089596e-06,
      3.013845685913761e-10,
      0.013336872401183097,
      0.1142777136876637,
      0.8723837255436097
    ],
    [
      6.328502917542627e-10,
      0.9957026164906156,
      8.800005049040956e-33,
      0.004297360980979632,
      2.1895554608085793e-08
    ],
    [
      1.8222158583526562e-05,
      1.1918447366778076e-11,
      0.00025848187442233876,
      0.00012930176845014094,
      0.9995939941866258
    ],
    [
      4.055379457787226e-07,
      0.0018306741557927782,
      6.611959797100596e-18,
      0.998126379714732,
      4.2540591529654255e-05
    ],
    [
      0.20404012565746535,
      1.5384781193631545e-06,
      2.1611644593132572e-08,
      0.006344864308195398,
      0.7896134499445753
    ],
    [
      1.4977676035944638e-14,
      8.746679814728267e-19,
      0.9304091001633046,
      4.10217179674294e-06,
      0.06958679766488354
    ],
    [
      4.907861694573854e-12,
      1.2127170409804386e-17,
      0.13299815575938959,
      1.2233173680864665e-06,
      0.8670006209183344
    ],
    [
      4.738761240100136e-09,
      0.9998802524181034,
      5.878076532206054e-35,
      0.00011965959570985334,
      8.32474257395593e-08
    ],
    [
      4.987559072265475e-06,
      0.0020410660508930014,
      9.129976217148534e-17,
      0.99783468644401,
      0.00011925994602468698
    ],
    [
      8.563506442792128e-06,
      0.1620586742611733,
      3.331239307450033e-21,
      0.8379030929621871,
      2.966927019671292e-05
    ],
    [
      4.70057507886229e-06,
      6.440007321623953e-11,
      0.018918830037422944,
      0.013908393891907954,
      0.9671680754311903
    ],
    [
      7.749022671646114e-06,
      6.598482192231966e-12,
      1.0068929337787477e-05,
      2.1539479131854206e-05,
      0.9999606425622604
    ],
    [
      1.4211533845706837e-22,
      1.1101442161567212e-22,
      0.9928189356988228,
      3.0545439670205898e-06,
      0.007178009757210352
    ],
    [
      8.661204348360104e-08,
      5.782316472450202e-14,
      0.002355740917666208,
      1.4958028256863649e-05,
      0.9976292144419757
    ],
    [
      0.8131116754878632,
      6.160587327684188e-05,
      7.216385076897905e-11,
      0.014347194396914724,
      0.17247952416978118
    ],
    [
      5.064036843306939e-10,
      5.522350320198172e-16,
      0.004458814553917621,
      1.5571380285117692e-06,
      0.9955396278016495
    ],
    [
      1.2677325294721715e-07,
      0.0002027773783638283,
      3.5161730394720874e-16,
      0.9997258531528501,
      7.124269553291323e-05
    ],
    [
      9.489287118773938e-08,
      0.990419677994801,
      1.565449694835818e-29,
      0.00957998355958944,
      2.435527381573936e-07
    ],
    [
      0.5730785560668264,
      1.980276483419305e-05,
      1.969505611223185e-10,
      0.007189299421740676,
      0.41971234154964815
    ],
    [
      2.3028004160477524e-22,
      1.6983646549011192e-21,
      0.9825298357256715,
      4.696458849755737e-05,
      0.017423199685830542
    ],
    [
      4.101045805190581e-15,
      3.9789447301089074e-20,
      0.23981826209836102,
      1.0355788684998637e-07,
      0.7601816343437481
    ],
    [
      5.873408756346759e-11,
      8.657807949773392e-17,
      0.022323964835861337,
      1.2892392042310172e-06,
      0.9776747458662002
    ],
    [
      3.089780271558682e-13,
      9.756899072355582e-18,
      0.8734954630773669,
      1.186270359246339e-05,
      0.12649267421873164
    ],
    [
      2.5414951774414527e-12,
      2.7855333503147304e-17,
      0.7544024408923207,
      1.1378587563927048e-05,
      0.24558618051757405
    ],
    [
      0.28541595849271284,
      3.4257827100681145e-05,
      7.151016962416242e-08,
      0.33346656255934654,
      0.38108314961067036
    ],
    [
      4.96054040808544e-07,
      0.9990502934579567,
      8.63321636474039e-31,
      0.0009487143630460143,
      4.961249566571895e-07
    ],
    [
      2.1077925772261566e-06,
      8.982227310483965e-05,
      6.4616937513534e-14,
      0.9995325469193223,
      0.0003755230149309709
    ],
    [
      4.711715443113205e-06,
      5.5822600579960554e-12,
      0.0064041410522991385,
      0.0005242196104419811,
      0.9930669276162334
    ],
    [
      4.880915560883038e-06,
      4.3213079010076416e-12,
      9.249253065756497e-06,
      1.631162051640264e-05,
      0.9999695582065358
    ],
    [
      5.377386330366174e-07,
      2.7136441699350864e-06,
      6.792056295607925e-11,
      0.9983110186455576,
      0.001685729903718833
    ],
    [
      9.514133065166859e-06,
      2.715986367684035e-08,
      9.122570153910954e-05,
      0.739498775806973,
      0.2604004571985588
    ],
    [
      0.12435762855824252,
      1.4784790895856333e-06,
      1.4140555455562602e-06,
      0.05903853769310332,
      0.8166009412140192
    ],
    [
      5.406272030505702e-09,
      0.000189770332589068,
      1.1101384423501157e-17,
      0.99978972643394,
      2.049782719891756e-05
    ],
    [
      4.313829300637183e-05,
      0.31366163468182356,
      2.8943852534336896e-21,
      0.6862502845392093,
      4.494248596063975e-05
    ],
    [
      1.7670873894270767e-16,
      3.601913821180121e-20,
      0.9709161873135291,
      1.247225672596349e-06,
      0.02908256546079819
    ],
    [
      8.968910478186844e-06,
      0.00016916372951097025,
      7.428801499623455e-14,
      0.9992973262056613,
      0.0005245411542753189
    ],
    [
      5.14806269618417e-25,
      4.85408851423015e-25,
      0.9970629251170695,
      1.3504095697976076e-07,
      0.002936939841973818
    ],
    [
      1.7874414350769465e-07,
      0.01106348124122258,
      3.394346210761108e-20,
      0.9889210311217053,
      1.5308892928790614e-05
    ],
    [
      0.0022983556020381695,
      4.0148578196782524e-08,
      0.0001765162709135808,
      0.08236142200175338,
      0.9151636659767166
    ],
    [
      0.9375267679777753,
      0.01194296619943592,
      1.2982231451166225e-15,
      0.03080748714102844,
      0.01972277868175889
    ],
    [
      4.5395790101916345e-15,
      7.965697939908567e-20,
      0.8507312914545603,
      4.5895147715879716e-07,
      0.14926824959395796
    ],
    [
      6.494811964493447e-06,
      4.036399764761444e-12,
      0.00035574680648957184,
      7.613766485214543e-05,
      0.9995616207126574
    ],
    [
      3.113160147380497e-06,
      0.00039680418531971455,
      2.766815717144944e-15,
      0.9993936433310341,
      0.00020643932349624324
    ],
    [
      2.1281319106108008e-21,
      3.2592737380290334e-23,
      0.9946805805463819,
      1.9512009871628237e-07,
      0.00531922433351939
    ],
    [
      2.220918892343182e-05,
      0.9734466988683037,
      8.08862727342297e-26,
      0.026526130910298953,
      4.961032473801833e-06
    ],
    [
      0.00017707434476315248,
      9.795121084994054e-09,
      0.0009112660045023362,
      0.14124542760677417,
      0.8576662222488393
    ],
    [
      0.8756207785409424,
      0.00015856964458041306,
      4.1142669031000554e-11,
      0.03227201053754876,
      0.09194864123578557
    ],
    [
      9.784795234806047e-05,
      8.974943606568318e-11,
      5.119300111179451e-06,
      7.877574212965793e-05,
      0.9998182569156618
    ],
    [
      0.10083494920834661,
      4.6079880648196197e-07,
      3.174148753351628e-07,
      0.0085409086693542,
      0.8906233639086174
    ],
    [
      5.142337080170735e-10,
      0.9972406770572749,
      2.6830437101851816e-33,
      0.002759305294060313,
      1.7134431130335664e-08
    ],
    [
      0.8082996490840811,
      0.0025210111070150362,
      1.3128822276095798e-12,
      0.1571108544465175,
      0.032068485361073505
    ],
    [
      5.78391664791091e-08,
      0.0005518630174414063,
      1.2736689629373684e-17,
