{
  "dataset": "moons",
  "algorithm": "gmm",
  "params": {
    "n_components": 4,
    "covariance_type": "full"
  },
  "labels": [
    3,
    0,
    3,
    0,
    0,
    1,
    3,
    0,
    0,
    1,
    0,
    2,
    1,
    0,
    1,
    1,
    1,
    0,
    3,
    1,
    1,
    1,
    3,
    3,
    0,
    1,
    1,
    2,
    0,
    3,
    1,
    3,
    1,
    2,
    0,
    3,
    1,
    0,
    2,
    0,
    1,
    0,
    1,
    2,
    0,
    0,
    0,
    0,
    1,
    0,
    0,
    2,
    0,
    1,
    2,
    0,
    0,
    0,
    2,
    0,
    1,
    3,
    3,
    1,
    0,
    0,
    1,
    0,
    2,
    1,
    3,
    3,
    3,
    3,
    3,
    3,
    3,
    0,
    1,
    1,
    2,
    0,
    1,
    2,
    3,
    0,
    2,
    1,
    3,
    3,
    3,
    1,
    3,
    3,
    1,
    3,
    0,
    0,
    1,
    0,
    2,
    1,
    0,
    3,
    3,
    0,
    3,
    2,
    3,
    0,
    2,
    1,
    3,
    0,
    1,
    3,
    2,
    2,
    0,
    0,
    2,
    2,
    3,
    0,
    2,
    2,
    1,
    2,
    0,
    3,
    0,
    0,
    1,
    3,
    0,
    0,
    2,
    0,
    0,
    3,
    0,
    2,
    1,
    0,
    0,
    3,
    0,
    2,
    3,
    1,
    0,
    0,
    0,
    0,
    1,
    3,
    0,
    2,
    3,
    0,
    0,
    3,
    1,
    0,
    1,
    1,
    0,
    0,
    1,
    0,
    0,
    0,
    1,
    0,
    0,
    2,
    3,
    2,
    0,
    3,
    3,
    2,
    1,
    3,
    1,
    0,
    3,
    0,
    2,
    2,
    1,
    3,
    1,
    3,
    0,
    2,
    0,
    0,
    0,
    3,
    1,
    0,
    2,
    2,
    2,
    2,
    2,
    0,
    1,
    3,
    0,
    0,
    3,
    3,
    0,
    3,
    1,
    2,
    3,
    2,
    3,
    3,
    0,
    2,
    0,
    3,
    2,
    1,
    3,
    0,
    0,
    0,
    1,
    0,
    3,
    3,
    3,
    0,
    0,
    2,
    3,
    2,
    1,
    0,
    1,
    0,
    0,
    0,
    3,
    2,
    1,
    3,
    1,
    2,
    3,
    1,
    0,
    3,
    2,
    1,
    3,
    0,
    3,
    0,
    0,
    2,
    1,
    0,
    1,
    0,
    2,
    2,
    2,
    3,
    3,
    3,
    1,
    3,
    3,
    0,
    3,
    2,
    1,
    2,
    0,
    1,
    3,
    1,
    3,
    3,
    3,
    3,
    1,
    3,
    0,
    2,
    3,
    1,
    1,
    1,
    1,
    2,
    3,
    2,
    0,
    2,
    0,
    2,
    0,
    0,
    3,
    2,
    1,
    1,
    0,
    3,
    1,
    0,
    3,
    3,
    0,
    1,
    0,
    1,
    0,
    3,
    0,
    2,
    2,
    3,
    0,
    0,
    0,
    0,
    2,
    0,
    1,
    3,
    2,
    0,
    0,
    2,
    1,
    3,
    2,
    0,
    1,
    1,
    2,
    3,
    3,
    1,
    0,
    3,
    1,
    0,
    2,
    1,
    2,
    2,
    0,
    3,
    2,
    0,
    0,
    0,
    3,
    3,
    2,
    1,
    0,
    1,
    2,
    3,
    3,
    0,
    1,
    0,
    0,
    0,
    0,
    1,
    0,
    3,
    1,
    0,
    3,
    0,
    2,
    0,
    1,
    1,
    1,
    2,
    3,
    1,
    1,
    3,
    2,
    2,
    2,
    3,
    1,
    3,
    1,
    1,
    3,
    3,
    0,
    2,
    2,
    0,
    2,
    1,
    2,
    3,
    3,
    0,
    0,
    1,
    0,
    1,
    1,
    0,
    1,
    0,
    2,
    0,
    3,
    1,
    3,
    0,
    3,
    1,
    0,
    3,
    3,
    2,
    0,
    3,
    0,
    3,
    3,
    2,
    3,
    1,
    0,
    3,
    1,
    3,
    2,
    0,
    3,
    0,
    1,
    2,
    1,
    2,
    1,
    2,
    2,
    0,
    0,
    3,
    2,
    0,
    0,
    3,
    1,
    2,
    3,
    1,
    2,
    3,
    3,
    1,
    3,
    3,
    3,
    2,
    0,
    0,
    3,
    0,
    3,
    0,
    1,
    3,
    2,
    1,
    0,
    1,
    3,
    2,
    0,
    0,
    3,
    3,
    1,
    0
  ],
  "means": [
    {
      "x": 0.47501121941152563,
      "y": 0.694447725469155
    },
    {
      "x": 1.7212194032518933,
      "y": -0.08292890605475113
    },
    {
      "x": -0.781948995873978,
      "y": 0.536547054689672
    },
    {
      "x": 0.4511380301442251,
      "y": -0.21477502009717211
    }
  ],
  "probabilities": [
    [
      0.0012606040458445255,
      0.002310382408312641,
      1.737269968810048e-27,
      0.996429013545843
    ],
    [
      0.9999999963279725,
      7.619580903572912e-14,
      7.361192545513358e-14,
      3.6718779626795262e-09
    ],
    [
      0.0021822438180180252,
      0.30208820675417813,
      1.606981121560789e-35,
      0.6957295494278039
    ],
    [
      0.8491493733647858,
      4.169369104433902e-43,
      0.1500475835533585,
      0.0008030430818556477
    ],
    [
      0.9999137084944519,
      5.202951611776536e-32,
      8.628677558213025e-05,
      4.72996579260897e-09
    ],
    [
      0.002367980443629772,
      0.8821730186528896,
      4.1485632744063127e-42,
      0.11545900090348067
    ],
    [
      0.03989139115553962,
      0.3866889760491486,
      4.476313827852704e-33,
      0.5734196327953117
    ],
    [
      0.9954665750390793,
      1.6202899562501018e-38,
      0.004531791323202127,
      1.6336377187287932e-06
    ],
    [
      0.9998832087631379,
      3.1500211477270684e-17,
      1.2823981698380513e-10,
      0.00011679110862247
    ],
    [
      0.014943782304476207,
      0.9850520170299496,
      2.7658431363980125e-52,
      4.200665574124504e-06
    ],
    [
      0.9744584544195521,
      0.0012603859572552717,
      6.210686472071679e-25,
      0.02428115962319239
    ],
    [
      0.00027910535663568006,
      1.1593883678037998e-41,
      0.9418805366016519,
      0.0578403580417122
    ],
    [
      0.005073119807697987,
      0.988507954843593,
      3.122309175347429e-54,
      0.00641892534870922
    ],
    [
      0.9997011345446147,
      1.6886701157036032e-24,
      1.7002486621882185e-06,
      0.00029716520672314994
    ],
    [
      0.0024695341843907243,
      0.8393268365236712,
      4.368420695397376e-41,
      0.15820362929193796
    ],
    [
      0.002191326580397283,
      0.8341743550985977,
      2.937298690005359e-41,
      0.1636343183210051
    ],
    [
      0.0009210346048450729,
      0.9990789653951547,
      1.7498616559669135e-48,
      2.468472383303565e-16
    ],
    [
      0.9999815311089607,
      1.8028900166267638e-08,
      5.7535756553412915e-19,
      1.845086213909477e-05
    ],
    [
      8.300240125044245e-06,
      6.894857763073037e-05,
      5.4091893978728196e-24,
      0.9999227511822442
    ],
    [
      0.01252187350540357,
      0.9874207034476797,
      8.307552382478307e-51,
      5.7423046916723045e-05
    ],
    [
      0.0022212483869655875,
      0.9977787516130245,
      3.26413466003137e-48,
      1.0016193154288114e-14
    ],
    [
      7.031553473963952e-05,
      0.9999296844652604,
      4.680955570879782e-53,
      8.633365030678137e-20
    ],
    [
      0.0016401145245268447,
      1.0068731813713664e-24,
      0.00032897110566960924,
      0.9980309143698037
    ],
    [
      0.007158947314202863,
      0.021802820181719564,
      1.718217242775618e-29,
      0.9710382325040775
    ],
    [
      0.9996163388549092,
      1.724847065862544e-18,
      1.4157046241152274e-09,
      0.00038365972938619896
    ],
    [
      0.0076107879574513985,
      0.9923892120425478,
      1.92837565756654e-40,
      9.106453915604712e-16
    ],
    [
      0.024024028013849997,
      0.9759759719848934,
      1.5150898500227404e-41,
      1.25675998620079e-12
    ],
    [
      3.5729198642711604e-06,
      1.014504190493171e-49,
      0.9973713866477354,
      0.002625040432400281
    ],
    [
      0.9993653701829392,
      1.999956374086702e-35,
      0.0006346146192716226,
      1.5197789357774707e-08
    ],
    [
      1.7089769808933363e-05,
      4.137596948537577e-08,
      7.862433724288687e-18,
      0.9999828688542217
    ],
    [
      0.0038555802168555517,
      0.9961444197811478,
      4.8014902876333137e-54,
      1.9966374772233807e-12
    ],
    [
      1.638430960829828e-05,
      3.2887979835290066e-09,
      3.769799954486841e-16,
      0.9999836124015936
    ],
    [
      0.011333570072884472,
      0.9886664294062493,
      1.642665271842364e-58,
      5.208663640682038e-10
    ],
    [
      0.022684567433499368,
      2.0478027775311845e-50,
      0.9647873066209062,
      0.012528125945594742
    ],
    [
      0.9978820225959966,
      1.2559429887730519e-05,
      4.562094956685526e-22,
      0.0021054179741157113
    ],
    [
      1.1120599608422946e-06,
      7.999978293423093e-06,
      5.1167941433071225e-21,
      0.999990887961746
    ],
    [
      0.0139460968614765,
      0.7483010422022328,
      6.787885871343462e-37,
      0.2377528609362905
    ],
    [
      0.9999999374910784,
      3.3538191355882854e-15,
      8.423448413265595e-13,
      6.250807590640124e-08
    ],
    [
      6.708954887317705e-06,
      1.1949126012621546e-55,
      0.9982384809853087,
      0.0017548100598042346
    ],
    [
      0.9999999048842482,
      6.752121546788122e-17,
      1.4473753640912946e-11,
      9.510127813292262e-08
    ],
    [
      0.0005025826639768525,
      0.8317112904630672,
      7.091831141767384e-46,
      0.16778612687295608
    ],
    [
      0.9965444503388416,
      2.292071003234387e-33,
      0.002650658019486975,
      0.0008048916416712033
    ],
    [
      0.008730872133071908,
      0.9912691278669188,
      9.702671884128261e-42,
      9.178101917214899e-15
    ],
    [
      5.517506111880728e-06,
      9.815923673663789e-49,
      0.9963394890874152,
      0.003654993406473179
    ],
    [
      0.9789478752407531,
      6.823828516202727e-07,
      2.324559725307234e-19,
      0.02105144237639548
    ],
    [
      0.999999992481298,
      3.6725729084731044e-16,
      4.221858385248445e-12,
      7.514479879720654e-09
    ],
    [
      0.9925834362638191,
      0.0037881751293239933,
      1.059802743457414e-26,
      0.0036283886068571233
    ],
    [
      0.999911464006429,
      6.821162012895784e-05,
      2.3499784716820833e-24,
      2.032437344216382e-05
    ],
    [
      0.0013877389704112153,
      0.9467519264516312,
      1.016094382748428e-47,
      0.05186033457795748
    ],
    [
      0.9965961128270121,
      7.755971373396745e-08,
      1.1597020856510622e-18,
      0.00340380961327442
    ],
    [
      0.9999127794904157,
      2.5201453068054056e-30,
      7.538022932966206e-05,
      1.1840280254611044e-05
    ],
    [
      0.0011733017871086667,
      8.037291798788329e-64,
      0.9913982968788091,
      0.007428401334082274
    ],
    [
      0.9534650274512473,
      3.32732233630025e-41,
      0.04636257983810299,
      0.0001723927106498345
    ],
    [
      0.012876873375131473,
      0.9759610992977129,
      4.770904006427273e-42,
      0.011162027327155882
    ],
    [
      2.6183928568143648e-05,
      6.460554817175604e-53,
      0.9961616435587315,
      0.0038121725127006558
    ],
    [
      0.9999997815750642,
      2.659382363189132e-19,
      5.305098270101759e-10,
      2.1789442608935072e-07
    ],
    [
      0.7667435197160619,
      9.21036779243016e-44,
      0.23172876715583862,
      0.0015277131280993742
    ],
    [
      0.9855977613065325,
      7.893195780347156e-07,
      1.382003628204163e-19,
      0.014401449373889548
    ],
    [
      5.264191465275942e-07,
      1.0842329995383957e-55,
      0.999458841951129,
      0.000540631629724462
    ],
    [
      0.9999891055191595,
      7.882285728374051e-29,
      1.0735793965455472e-05,
      1.5868687508632348e-07
    ],
    [
      0.004408286757841477,
      0.9955917132420979,
      2.3779221335674427e-46,
      6.058235224579569e-14
    ],
    [
      0.002808321984683089,
      3.4143379377929444e-26,
      0.0013025910284142706,
      0.9958890869869027
    ],
    [
      3.18493369552857e-05,
      1.357665762934526e-09,
      8.799046822962475e-16,
      0.9999681493053783
    ],
    [
      0.007599053932543535,
      0.992400946014267,
      5.015189667181986e-51,
      5.318972528690168e-11
    ],
    [
      0.9999857248198953,
      7.702753992784918e-28,
      8.995552326214061e-06,
      5.279627778390418e-06
    ],
    [
      0.9999961479753848,
      5.143609605918647e-11,
      2.9321198097442345e-16,
      3.851973179137912e-06
    ],
    [
      0.0084023972424108,
      0.9915976024937012,
      6.43340499028416e-55,
      2.638881464562461e-10
    ],
    [
      0.9999196480304694,
      1.0942465837026732e-14,
      1.5499208647597892e-12,
      8.035196796983512e-05
    ],
    [
      2.3839295642103484e-08,
      6.050197714228081e-39,
      0.9984793060997572,
      0.001520670060947312
    ],
    [
      0.0035700850679829727,
      0.8714086935803012,
      6.901223670451515e-41,
      0.12502122135171587
    ],
    [
      0.0001126237262829418,
      0.045244849036405715,
      4.171338598949287e-33,
      0.9546425272373112
    ],
    [
      0.00011250242416480627,
      0.001325089529762613,
      1.630689002825336e-27,
      0.9985624080460727
    ],
    [
      0.003718771962577072,
      2.978310268716331e-22,
      1.5713762375535572e-05,
      0.9962655142750476
    ],
    [
      0.17101609302882168,
      3.440864808081878e-19,
      4.127382486409941e-07,
      0.8289834942329296
    ],
    [
      0.00021316197157019774,
      1.3175774083773797e-09,
      5.006132677173837e-16,
      0.999786836710852
    ],
    [
      0.009388021242158541,
      4.4332668444874184e-10,
      3.709292750926345e-15,
      0.9906119783145111
    ],
    [
      0.27447725021447633,
      1.322689448810979e-27,
      0.0036427659267080216,
      0.7218799838588158
    ],
    [
      0.999932831824405,
      2.8872906217635003e-18,
      4.877692420185307e-10,
      6.716768782569492e-05
    ],
    [
      0.017195341242409967,
      0.9828041016176463,
      5.349904943140497e-50,
      5.571399437020234e-07
    ],
    [
      0.005218079669870668,
      0.9947819203189662,
      7.303096093003284e-54,
      1.1163267846627631e-11
    ],
    [
      0.004089960490648036,
      4.6786331013430446e-63,
      0.9873618053333726,
      0.00854823417597928
    ],
    [
      0.9999986898792218,
      6.423901158956511e-26,
      9.82427373559035e-07,
      3.2769340469169574e-07
    ],
    [
      0.003232056846211778,
      0.9967679431537885,
      3.33801464248571e-40,
      1.9667893508977498e-17
    ],
    [
      0.1917786944546381,
      7.098392768735645e-42,
      0.7550564129287678,
      0.05316489261659394
    ],
    [
      0.0013213303059212591,
      1.5194879654715783e-07,
      6.682090520172123e-19,
      0.9986785177452823
    ],
    [
      0.9999990119265306,
      6.297443892570266e-26,
      8.756525127211424e-07,
      1.1242095643490986e-07
    ],
    [
      0.0072123279070140265,
      3.150729422735384e-52,
      0.9815986711235624,
      0.011189000969423714
    ],
    [
      0.04241944761574672,
      0.957579315166754,
      3.9794282679145987e-44,
      1.2372174992388343e-06
    ],
    [
      5.522968609751816e-05,
      8.056429181253105e-10,
      1.3775244752467523e-15,
      0.9999447695082582
    ],
    [
      0.04697305916916223,
      1.9853656215001294e-31,
      0.0640701719889157,
      0.8889567688419222
    ],
    [
      0.005240920059307034,
      0.1802582419150645,
      2.4232408315623026e-33,
      0.8145008380256288
    ],
    [
      0.0004118044670349507,
      0.9995881955329652,
      4.474394348834871e-60,
      4.852646517281234e-17
    ],
    [
      0.006128661613376539,
      0.0006913038393602985,
      1.9123027436296123e-25,
      0.9931800345472633
    ],
    [
      0.0005112669094648991,
      2.0452082539517745e-08,
      1.1049365689401861e-17,
      0.9994887126384526
    ],
    [
      0.164107764338553,
      0.8357884947861312,
      1.936593186101726e-38,
      0.00010374087531584604
    ],
    [
      3.5372610120992333e-06,
      0.0043375361995311905,
      3.7058340087018535e-29,
      0.995658926539457
    ],
    [
      0.9995991334740315,
      1.1011028318982772e-16,
      9.47721727704395e-11,
      0.00040086643119649083
    ],
    [
      0.9999997781375842,
      1.084803360593233e-10,
      8.692472729769076e-17,
      2.21753935493198e-07
    ],
    [
      0.03138545508994297,
      0.9686140799628569,
      1.1936838212156584e-60,
      4.6494720000841813e-07
    ],
    [
      0.9858933608032477,
      0.003674393933280277,
      2.772308623396891e-26,
      0.010432245263472358
    ],
    [
      6.604529054534974e-10,
      1.287012679881428e-38,
      0.9998315575743731,
      0.00016844176517397049
    ],
    [
      0.015381394113087667,
      0.9846168633154261,
      5.298055679102772e-52,
      1.7425714861084257e-06
    ],
    [
      0.9965254200058097,
      2.671730646738576e-09,
      7.647625619161594e-17,
      0.003474577322459974
    ],
    [
      0.0004643357152004826,
      1.3672279204179576e-11,
      1.1595147515300614e-13,
      0.9995356642710114
    ],
    [
      3.241929630114564e-05,
      2.489470216943307e-07,
      2.924008398739564e-19,
      0.9999673317566771
    ],
    [
      0.9999999999860344,
      3.8760844356655666e-13,
      5.175183727551691e-14,
      1.3526197668607315e-11
    ],
    [
      0.00041502512650098917,
      2.420300860314396e-11,
      6.185029448258429e-14,
      0.9995849748492343
    ],
    [
      2.709079305622116e-10,
      2.732904433511795e-48,
      0.9999848386529723,
      1.5161076120036485e-05
    ],
    [
      1.2646163786910369e-05,
      6.736772733778515e-08,
      4.299916241242754e-18,
      0.9999872864684857
    ],
    [
      0.9998324651266758,
      3.248240999507507e-31,
      0.00015177216083675027,
      1.5762712487409036e-05
    ],
    [
      0.4841713724151874,
      3.613535067210086e-47,
      0.51329376083996,
      0.0025348667448525358
    ],
    [
      0.013406388213161393,
      0.9865023243293776,
      8.942407350301157e-49,
      9.128745746103721e-05
    ],
    [
      0.00019171309181202392,
      2.702034981295687e-05,
      3.138763838640286e-23,
      0.9997812665583751
    ],
    [
      0.9992604765099116,
      0.00020091418073273076,
      1.3613678495517627e-24,
      0.0005386093093558488
    ],
    [
      0.0013885599331655758,
      0.9986114400668283,
      8.615216382115173e-60,
      6.371296097271699e-15
    ],
    [
      0.0009104365217012128,
      4.5328806990892085e-16,
      1.7110826078773765e-09,
      0.9990895617672159
    ],
    [
      1.8116884098792611e-09,
      4.5735502653052434e-45,
      0.9999100172635631,
      8.998092474874804e-05
    ],
    [
      7.680763865346433e-14,
      3.45356923775745e-47,
      0.9999999550062173,
      4.499370598549301e-08
    ],
    [
      0.9995065801689903,
      6.889905348147695e-32,
      0.00041006665838891625,
      8.335317262066444e-05
    ],
    [
      0.9994835799783862,
      1.7066283180137702e-07,
      1.2490478385306157e-19,
      0.0005162493587818758
    ],
    [
      1.1821874468966865e-08,
      1.2118861094393553e-59,
      0.9999541841042573,
      4.5804073868210225e-05
    ],
    [
      0.00010760722417013615,
      6.236654025882593e-45,
      0.978949430432737,
      0.02094296234309291
    ],
    [
      1.7501550789865825e-05,
      2.2643865088169407e-05,
      5.310606089043364e-23,
      0.9999598545841218
    ],
    [
      0.996152268871802,
      8.041497800132742e-33,
      0.0024855319657778865,
      0.00136219916242012
    ],
    [
      1.6960659532979447e-06,
      2.527365357550193e-53,
      0.9987994795983429,
      0.001198824335703796
    ],
    [
      9.996239798728433e-05,
      5.433365882354628e-50,
      0.9915073692299372,
      0.008392668372075649
    ],
    [
      0.001821292752075783,
      0.875832002193456,
      1.2026705830647627e-42,
      0.12234670505446814
    ],
    [
      0.00021221509169540778,
      1.1120259387563195e-54,
      0.9937918290999807,
      0.00599595580832402
    ],
    [
      0.9813018236519425,
      3.2897127830979597e-32,
      0.006081505254096844,
      0.01261667109396073
    ],
    [
      6.67589319186655e-05,
      1.7563954647580169e-06,
      7.233367908241313e-21,
      0.9999314846726167
    ],
    [
      0.8698217636249713,
      0.00012035362035604325,
      2.848943802769133e-22,
      0.13005788275467278
    ],
    [
      0.9999397512735266,
      1.791564283124361e-30,
      5.761654331756351e-05,
      2.632183155754699e-06
    ],
    [
      0.0010051741070096175,
      0.9989948258929892,
      1.7181074411352932e-60,
      1.3238408516117098e-15
    ],
    [
      0.24908641991476138,
      2.8912554419979183e-21,
      6.200689892727416e-06,
      0.7509073793953458
    ],
    [
      0.8155442644407421,
      3.200548372920904e-61,
      0.18443907038620924,
      1.666517304854335e-05
    ],
    [
      0.9999982478984693,
      3.0421193742096823e-16,
      7.456693114095767e-12,
      1.7520940739948401e-06
    ],
    [
      0.00022397400521054325,
      2.6576601491891234e-46,
      0.9803675200257377,
      0.019408505969051925
    ],
    [
      0.9992675553867766,
      0.0007308868801066208,
      1.311462935579679e-26,
      1.557733116962422e-06
    ],
    [
      0.9985987539217437,
      3.9826309887275225e-06,
      2.2150742270101583e-21,
      0.0013972634472677106
    ],
    [
      0.13804877325025153,
      2.8461259371465394e-20,
      1.6841329288954363e-06,
      0.8619495426168198
    ],
    [
      0.9999451925490271,
      6.316498283346437e-11,
      5.340085403649391e-16,
      5.4807387807499816e-05
    ],
    [
      1.6838517833180258e-09,
      4.7646836192430884e-48,
      0.9999479025652308,
      5.209575091762788e-05
    ],
    [
      4.533623038430847e-06,
      0.9999954663769616,
      6.410833427971725e-55,
      1.3978584675445705e-23
    ],
    [
      0.9999816509079265,
      2.4120165204446687e-21,
      1.845734620431436e-08,
      1.833063472717819e-05
    ],
    [
      0.8346566894222999,
      1.4013129399738045e-16,
      4.207187608754922e-09,
      0.16534330637051226
    ],
    [
      0.04694621131257734,
      1.1818262536774497e-23,
      7.912745823809594e-05,
      0.9529746612291845
    ],
    [
      0.9999817858898691,
      1.1910815608359374e-06,
      1.7696459376822107e-21,
      1.702302856995424e-05
    ],
    [
      3.320017024448308e-07,
      7.512607218621299e-47,
      0.9986565148011163,
      0.001343153197181076
    ],
    [
      0.15280041154153629,
      4.727121486895844e-21,
      4.572389709312305e-06,
      0.8471950160687542
    ],
    [
      0.016574832143943025,
      0.983421988997235,
      5.145450712462793e-50,
      3.1788588220613426e-06
    ],
    [
      0.9983108861322836,
      0.0011383003231713279,
      4.0886611077873123e-26,
      0.000550813544545182
    ],
    [
      0.9945921836964794,
      1.490746743269287e-37,
      0.005389158953525397,
      1.8657349995288473e-05
    ],
    [
      0.9998542488860136,
      2.41941675689501e-07,
      4.066404523237222e-20,
      0.0001455091723106425
    ],
    [
      0.9995427865160549,
      8.118537037549173e-07,
      1.2750567186711468e-20,
      0.0004564016302414114
    ],
    [
      0.000810610483237822,
      0.9991893895167613,
      7.051796746805195e-58,
      1.1363504469042796e-15
    ],
    [
      0.0005743334557570659,
      0.2128961990750703,
      8.602258618654666e-36,
      0.7865294674691726
    ],
    [
      0.9980601459503189,
      0.00021146040429145086,
      2.6017479167086865e-24,
      0.001728393645389692
    ],
    [
      1.4132310160988601e-06,
      7.673117620318913e-69,
      0.999438108634497,
      0.0005604781344867707
    ],
    [
      0.10023091934448508,
      0.36183345286007695,
      5.440987615640867e-32,
      0.5379356277954381
    ],
    [
      0.9991068043182518,
      1.0217891157731073e-08,
      6.588065376983338e-18,
      0.0008931854638570553
    ],
    [
      0.9120363831682272,
      9.90882029364499e-47,
      0.08794780649188264,
      1.5810339890380722e-05
    ],
    [
      4.6703807804626416e-05,
      2.3047261711469715e-06,
      4.5948428189010426e-21,
      0.9999509914660242
    ],
    [
      0.035760148534502906,
      0.9641123564336689,
      4.1308387075097046e-43,
      0.00012749503182831788
    ],
    [
      0.9999958300685764,
      2.503286838374729e-09,
      4.225251407544298e-18,
      4.167428136720908e-06
    ],
    [
      0.015549095514443566,
      0.9844509029713734,
      3.956286529105861e-48,
      1.5141831943402646e-09
    ],
    [
      0.0006024940000675627,
      0.999397505999932,
      5.543389496995145e-54,
      3.4826883880356375e-16
    ],
    [
      0.9982409325036012,
      5.328627493546617e-07,
      5.2561076610567e-20,
      0.0017585346336496796
    ],
    [
      0.9999536843518836,
      6.002441638710507e-07,
      6.84987301736246e-21,
      4.5715403952706116e-05
    ],
    [
      0.01591769910255046,
      0.9840822961525448,
      9.870547367621259e-49,
      4.744904636602216e-09
    ],
    [
      0.9363577092793377,
      7.44120271473728e-43,
      0.06353813938080746,
      0.00010415133985487277
    ],
    [
      0.9988386121124952,
      0.0011584565495812585,
      5.431935387503568e-27,
      2.9313379233140085e-06
    ],
    [
      0.9982683993498558,
      6.088836508491399e-34,
      0.0016146534587482084,
      0.00011694719139628764
    ],
    [
      0.26147373605188845,
      0.7385262631904115,
      8.813102346984721e-37,
      7.577000290013188e-10
    ],
    [
      0.9993229635857559,
      1.3843756452919406e-35,
      0.00067703123782936,
      5.176414643523028e-09
    ],
    [
      0.999342417754134,
      2.1545925714750916e-35,
      0.0006575388505751959,
      4.339529092853198e-08
    ],
    [
      0.00045103238971592097,
      2.476381096511331e-54,
      0.9922843087198022,
      0.007264658890481828
    ],
    [
      1.0040439883842215e-05,
      0.0027450389510798295,
      1.2497714434329356e-28,
      0.9972449206090362
    ],
    [
      0.019318037344643473,
      1.2608666242707203e-48,
      0.9630225598153007,
      0.017659402840056057
    ],
    [
      0.946579975784137,
      2.453402104644439e-36,
      0.04485875067443749,
      0.008561273541425466
    ],
    [
      0.00016687367362169345,
      0.0026811625572700404,
      2.3602997409551704e-28,
      0.9971519637691085
    ],
    [
      0.08884143708426653,
      0.40320999257519097,
      2.3144864185861014e-32,
      0.5079485703405427
    ],
    [
      1.3331014721701966e-05,
      5.546032082533215e-54,
      0.9973141732650765,
      0.002672495720201798
    ],
    [
      0.003645537089993244,
      0.9811323137956053,
      1.7940631791331765e-46,
      0.015222149114401548
    ],
    [
      0.00017301795628904646,
      1.6672218959110691e-21,
      1.7798309940427976e-05,
      0.9998091837337707
    ],
    [
      0.018992607092238885,
      0.9810073029308038,
      4.796857412775677e-58,
      8.997695732770715e-08
    ],
    [
      0.9936366959554964,
      2.400746475216375e-34,
      0.005293937436696797,
      0.0010693666078069404
    ],
    [
      0.00011177615613836864,
      0.09515480357438623,
      8.333374291224162e-35,
      0.9047334202694751
    ],
    [
      0.9999934331605775,
      2.6535740403863303e-20,
      3.756911091969929e-09,
      6.563082511417001e-06
    ],
    [
      1.8535357153098882e-05,
      4.847787173521794e-46,
      0.9906489836877285,
      0.009332480955118577
    ],
    [
      0.10979617661388814,
      4.867436096804069e-53,
      0.8854497744521064,
      0.004754048934005398
    ],
    [
      0.00011412040810474638,
      0.9998858795918953,
      2.2857335889305692e-52,
      4.0692185899737783e-19
    ],
    [
      0.0005000972815678129,
      0.04008378659640349,
      4.074907005639407e-32,
      0.9594161161220288
    ],
    [
      0.010390841083619215,
      0.9389939884177487,
      2.800145356965974e-40,
      0.05061517049863207
    ],
    [
      0.006755764220429167,
      1.0108464499913893e-25,
      0.0006881815984530254,
      0.9925560541811179
    ],
    [
      0.9966415954929069,
      1.8944464474764604e-37,
      0.0033548497692493144,
      3.5547378439096145e-06
    ],
    [
      4.462875025854509e-13,
      1.8373594282943355e-45,
      0.9999997628694663,
      2.3713008748657763e-07
    ],
    [
      0.8607972930105293,
      7.487825024844645e-42,
      0.13776811095320693,
      0.0014345960362636791
    ],
    [
      0.9999971602581199,
      1.9891670267388168e-14,
      3.451106714149894e-13,
      2.8397415150867294e-06
    ],
    [
      0.6530669770614959,
      1.2739763672801125e-49,
      0.3465647192836602,
      0.00036830365484399966
    ],
    [
      1.1451924398662384e-05,
      0.015908697148521885,
      1.447664532419664e-31,
      0.9840798509270796
    ],
    [
      0.014835901496833523,
      0.9851640310059527,
      1.4155000678749903e-51,
      6.749721394463515e-08
    ],
    [
      0.9999997714849427,
      3.956892976302683e-17,
      2.2536517623630802e-11,
      2.2849252110571055e-07
    ],
    [
      1.6444389640843373e-14,
      7.779502848464634e-40,
      0.9999999494543776,
      5.054560561191773e-08
    ],
    [
      0.1460532463621047,
      4.911895578737763e-62,
      0.8499441664135122,
      0.004002587224382865
    ],
    [
      0.3801605694271296,
      1.62785817304807e-51,
      0.6184185228209371,
      0.0014209077519331912
    ],
    [
      7.275136399415752e-05,
      9.518429713053636e-44,
      0.9760243023422109,
      0.023902946293794886
    ],
    [
      0.0006958036855579892,
      7.08110992675005e-45,
      0.9658479612532197,
      0.03345623506122249
    ],
    [
      0.8136691755660752,
      1.996890051604316e-12,
      2.512553647617619e-12,
      0.18633082442941512
    ],
    [
      0.0033743925504700345,
      0.9966256074494712,
      6.856705154879051e-48,
      5.918162235397046e-14
    ],
    [
      3.128439246113807e-05,
      0.0007461104667486391,
      6.661024396173786e-27,
      0.9992226051407903
    ],
    [
      0.7434481577865643,
      3.8280704216859304e-32,
      0.042428217459577554,
      0.21412362475385843
    ],
    [
      0.9957245437035673,
      3.506868932298695e-38,
      0.004272992147668834,
      2.464148763961606e-06
    ],
    [
      3.435050677185795e-06,
      4.74391445015671e-06,
      4.4724450804299054e-21,
      0.9999918210348727
    ],
    [
      3.6280673669925235e-05,
      8.33720459082759e-15,
      5.55321316770556e-10,
      0.9999637187710004
    ],
    [
      0.9734350014955756,
      1.481169075683392e-17,
      4.658115345049044e-09,
      0.026564993846309105
    ],
    [
      2.3537688230831277e-06,
      0.06700062113804134,
      8.654973296124595e-35,
      0.9329970250931354
    ],
    [
      0.030630292290804967,
      0.9570950189011395,
      1.244999619264128e-39,
      0.012274688808055623
    ],
    [
      1.6253948999434494e-06,
      2.4401805811606317e-48,
      0.9977209172892301,
      0.002277457315869989
    ],
    [
      0.0001076139306358749,
      0.0006360933670479887,
      1.2887800150563022e-26,
      0.9992562927023163
    ],
    [
      8.497843518454986e-13,
      2.558931718306786e-53,
      0.9999998858157694,
      1.1418338107377598e-07
    ],
    [
      0.00030249518225601785,
      0.44494527429952807,
      1.9231077016308837e-39,
      0.554752230518216
    ],
    [
      0.08410153172204253,
      2.386679898928822e-19,
      4.4693999712219154e-07,
      0.9158980213379605
    ],
    [
      0.9999997546282064,
      1.9128318532520063e-07,
      1.1075034530008232e-20,
      5.408860811975152e-08
    ],
    [
      0.0008811759804541283,
      2.1797306096839514e-54,
      0.9910275519135942,
      0.008091272105951806
    ],
    [
      0.9880063772884855,
      5.5933596666463277e-36,
      0.011128134465194957,
      0.0008654882463195765
    ],
    [
      0.00010253000358050988,
      0.005401606248852534,
      1.8475411121719198e-29,
      0.9944958637475672
    ],
    [
      8.222861819312278e-10,
      5.5662720882913124e-52,
      0.9999813987472611,
      1.8600430452745715e-05
    ],
    [
      0.0462195055590083,
      0.9537803457643124,
      8.790628543813753e-44,
      1.4867667932036057e-07
    ],
    [
      0.0035605416374621945,
      1.43298271767897e-19,
      4.403726399084874e-07,
      0.996439017989898
    ],
    [
      0.9999578011910318,
      3.344198056144439e-12,
      8.743898680453801e-15,
      4.21988056152939e-05
    ],
    [
      0.9994902020235348,
      1.5979412809600736e-33,
      0.0005036307077188378,
      6.167268746460439e-06
    ],
    [
      0.9998415288444776,
      4.920194257002217e-21,
      2.7728268973231454e-08,
      0.0001584434272535974
    ],
    [
      0.01695725789460443,
      0.9830427255862396,
      2.4394214510923624e-58,
      1.6519156028274606e-08
    ],
    [
      0.9993661755573604,
      7.030603895976398e-08,
      4.630041330326733e-19,
      0.0006337541366007307
    ],
    [
      1.577716254515694e-05,
      0.06260845326075742,
      1.5978641813505808e-34,
      0.9373757695766975
    ],
    [
      9.11012764002333e-06,
      4.321176100788319e-06,
      2.565494075261523e-21,
      0.9999865686962593
    ],
    [
      0.0003930441681010413,
      3.5207224672988183e-06,
      2.2063756859735016e-21,
      0.9996034351094317
    ],
    [
      0.6920808713241141,
      7.923224253827582e-45,
      0.3061819406974637,
      0.0017371879784221454
    ],
    [
      0.950316926100992,
      1.1165317055112209e-39,
      0.04897818192629096,
      0.0007048919727171358
    ],
    [
      0.002410626089899355,
      4.559696741751813e-55,
      0.9890546519191364,
      0.00853472199096429
    ],
    [
      7.917676272467971e-06,
      0.4278467098081564,
      2.391935160683549e-47,
      0.5721453725155711
    ],
    [
      0.0014840021388690789,
      4.262225952780861e-56,
      0.9908305237649028,
      0.007685474096228323
    ],
    [
      0.016038000575277347,
      0.9839614439588279,
      4.5316874198066966e-51,
      5.554658948145946e-07
    ],
    [
      0.9480186244788019,
      0.03708500998620374,
      1.1782393724279968e-28,
      0.01489636553499452
    ],
    [
      7.960772291329982e-05,
      0.5105888402719244,
      9.961242129487277e-43,
      0.4893315520051623
    ],
    [
      0.9999999739086782,
      3.4788997060898937e-19,
      3.901809403437124e-10,
      2.5701141041761684e-08
    ],
    [
      0.9999993428161045,
      1.7670248264622127e-25,
      5.650595411526774e-07,
      9.212435477430719e-08
    ],
    [
      0.999999349241339,
      5.349570763920343e-13,
      1.6335000515815172e-14,
      6.507581098994007e-07
    ],
    [
      0.00012668791957769234,
      1.132922012677242e-09,
      6.707882872916925e-16,
      0.9998733109474996
    ],
    [
      0.17164788748792045,
      3.330440258215887e-55,
      0.8255689177863277,
      0.0027831947257519656
    ],
    [
      0.0025929813163190285,
      0.9974070186835675,
      3.606170960024082e-51,
      1.1358096138630279e-13
    ],
    [
      0.0014375912164433433,
      8.627333335673428e-14,
      1.8304247909576584e-11,
      0.9985624087651662
    ],
    [
      0.0017427725836516544,
      0.9982572274163131,
      8.22938987379195e-54,
      3.517048014169653e-14
    ],
    [
      4.219933514851235e-06,
      9.288952292160946e-49,
      0.9967420758643025,
      0.003253704202182737
    ],
    [
      1.16004498311072e-05,
      8.246240013097734e-11,
      6.952355640707372e-14,
      0.9999883994676372
    ],
    [
      0.007992067107497964,
      0.9909307866549197,
      1.1415488809077408e-48,
      0.001077146237582118
    ],
    [
      0.7494482415037861,
      1.8447729908941652e-38,
      0.22236606216440816,
      0.02818569633180593
    ],
    [
      0.00015983625770769663,
      0.026006802275633168,
      6.939723576094797e-32,
      0.9738333614666592
    ],
    [
      0.036673907338098395,
      8.707192682998907e-43,
      0.8958022401671057,
      0.06752385249479596
    ],
    [
      0.0052737248960214225,
      0.9947262751001243,
      1.6486608302227366e-50,
      3.854509414616726e-12
    ],
    [
      0.0005103949803916433,
      2.3993603953372524e-19,
      4.708491293755986e-07,
      0.9994891341704789
    ],
    [
      0.9888793385885786,
      9.875557743652779e-36,
      0.010191611952920138,
      0.000929049458501438
    ],
    [
      0.016152951358980934,
      0.10657758894060915,
      2.490118168045044e-31,
      0.8772694597004099
    ],
    [
      0.9999021918954584,
      3.333211700359026e-30,
      7.903059087425426e-05,
      1.8777513667677942e-05
    ],
    [
      0.9811189105403693,
      4.22039883362876e-40,
      0.018842392399000325,
      3.869706063057706e-05
    ],
    [
      2.824457646051557e-07,
      3.433550334230836e-48,
      0.9990067902980027,
      0.0009929272562327154
    ],
    [
      0.006653660995931499,
      0.9933463389508304,
      1.1268919243992148e-54,
      5.3238297972989414e-11
    ],
    [
      0.9999893289985832,
      1.1876282576678605e-25,
      1.5047416798854892e-06,
      9.166259737052655e-06
    ],
    [
      0.003328943537693082,
      0.9774324723965347,
      3.2320605521940254e-46,
      0.019238584065772273
    ],
    [
      0.6867021834276396,
      9.898053856432966e-44,
      0.3102803361628613,
      0.0030174804094990917
    ],
    [
      0.001577888336509981,
      6.446729470361642e-48,
      0.9779365517194993,
      0.02048555994399078
    ],
    [
      1.1144178531729077e-05,
      4.664045256035819e-53,
      0.9972467072491743,
      0.002742148572294167
    ],
    [
      3.959297522307966e-09,
      2.591691466367336e-37,
      0.9992712268440155,
      0.0007287691966870811
    ],
    [
      1.7200281617587347e-06,
      6.04628882746443e-06,
      5.482926937610661e-21,
      0.9999922336830109
    ],
    [
      0.06858042696685622,
      4.977352348397472e-13,
      9.443686334363746e-12,
      0.9314195730232024
    ],
    [
      1.6419576721064486e-06,
      0.058250113783116814,
      2.6018985102911014e-34,
      0.941748244259211
    ],
    [
      0.002904115671048278,
      0.9138255399071483,
      1.8067149650954944e-42,
      0.08327034442180337
    ],
    [
      0.013131111506207608,
      0.0033064087238802997,
      9.465925593539516e-27,
      0.9835624797699122
    ],
    [
      0.0001458744686624411,
      7.144275421816572e-11,
      2.1180864967095848e-14,
      0.9998541254598737
    ],
    [
      0.9869980094300785,
      2.022252588365272e-41,
      0.013000603885708681,
      1.3866842127372102e-06
    ],
    [
      0.011978624705059967,
      9.66227796379594e-12,
      2.7241162977590375e-13,
      0.9880213752850053
    ],
    [
      7.160488599898697e-09,
      1.3962824869294863e-66,
      0.9999781262787603,
      2.1866560751496327e-05
    ],
    [
      0.03646006731547306,
      0.9634023023525949,
      5.455492969669821e-43,
      0.00013763033193218063
    ],
    [
      3.4954870765555514e-07,
      6.883235901532708e-50,
      0.9991409738327071,
      0.0008586766185852681
    ],
    [
      0.9961140893635223,
      1.423472404413387e-35,
      0.0037768095717327266,
      0.00010910106474497037
    ],
    [
      0.007277144790760539,
      0.9913098424175841,
      7.515069517351329e-49,
      0.001413012791655252
    ],
    [
      0.0007128259224896788,
      1.039821127394061e-22,
      4.2155289469744966e-05,
      0.9992450187880406
    ],
    [
      0.0216712890284378,
      0.978325987418258,
      1.4366279572343937e-47,
      2.7235533042650003e-06
    ],
    [
      4.095031335383391e-06,
      0.2952866217454235,
      1.3748194941890134e-41,
      0.7047092832232411
    ],
    [
