{
  "dataset": "moons",
  "algorithm": "gmm",
  "params": {
    "n_components": 6,
    "covariance_type": "spherical"
  },
  "labels": [
    5,
    0,
    5,
    4,
    4,
    5,
    5,
    4,
    0,
    1,
    0,
    2,
    5,
    4,
    5,
    5,
    1,
    0,
    3,
    1,
    1,
    1,
    3,
    5,
    0,
    1,
    1,
    2,
    4,
    3,
    1,
    3,
    1,
    2,
    0,
    3,
    5,
    0,
    2,
    0,
    5,
    4,
    1,
    2,
    0,
    0,
    0,
    0,
    5,
    0,
    4,
    2,
    4,
    5,
    2,
    0,
    4,
    0,
    2,
    4,
    1,
    3,
    3,
    1,
    4,
    0,
    1,
    0,
    2,
    5,
    5,
    5,
    3,
    3,
    3,
    3,
    4,
    0,
    1,
    1,
    2,
    4,
    1,
    4,
    3,
    4,
    2,
    1,
    3,
    4,
    5,
    1,
    5,
    3,
    1,
    5,
    0,
    0,
    1,
    5,
    2,
    1,
    0,
    3,
    3,
    0,
    3,
    2,
    3,
    4,
    4,
    1,
    3,
    0,
    1,
    3,
    2,
    2,
    4,
    0,
    2,
    2,
    3,
    4,
    2,
    2,
    5,
    2,
    4,
    3,
    0,
    4,
    1,
    3,
    4,
    0,
    2,
    0,
    0,
    3,
    0,
    2,
    1,
    4,
    3,
    3,
    0,
    2,
    3,
    1,
    0,
    4,
    0,
    0,
    1,
    5,
    0,
    2,
    5,
    0,
    4,
    3,
    1,
    0,
    1,
    1,
    0,
    0,
    1,
    4,
    0,
    4,
    1,
    4,
    4,
    2,
    5,
    2,
    4,
    5,
    5,
    2,
    5,
    3,
    1,
    4,
    5,
    0,
    2,
    4,
    1,
    5,
    5,
    3,
    4,
    2,
    4,
    0,
    4,
    5,
    1,
    0,
    2,
    2,
    4,
    2,
    2,
    0,
    1,
    5,
    4,
    4,
    3,
    3,
    0,
    5,
    5,
    2,
    5,
    2,
    5,
    3,
    0,
    2,
    4,
    5,
    2,
    1,
    3,
    0,
    4,
    4,
    1,
    0,
    5,
    3,
    3,
    4,
    4,
    2,
    5,
    2,
    1,
    5,
    5,
    0,
    4,
    0,
    3,
    4,
    1,
    3,
    1,
    2,
    3,
    5,
    4,
    5,
    2,
    1,
    3,
    4,
    5,
    4,
    4,
    2,
    1,
    4,
    5,
    4,
    2,
    2,
    2,
    3,
    3,
    5,
    5,
    5,
    3,
    4,
    3,
    2,
    1,
    2,
    4,
    5,
    3,
    1,
    5,
    3,
    5,
    3,
    5,
    3,
    4,
    2,
    3,
    1,
    1,
    1,
    1,
    2,
    3,
    2,
    4,
    2,
    4,
    2,
    4,
    4,
    5,
    2,
    5,
    5,
    4,
    3,
    1,
    4,
    5,
    3,
    4,
    1,
    0,
    1,
    0,
    3,
    4,
    2,
    2,
    5,
    4,
    0,
    0,
    0,
    4,
    4,
    5,
    3,
    2,
    4,
    0,
    2,
    1,
    5,
    2,
    0,
    1,
    1,
    2,
    3,
    3,
    5,
    0,
    3,
    1,
    4,
    2,
    1,
    2,
    2,
    4,
    3,
    2,
    0,
    0,
    0,
    3,
    3,
    2,
    1,
    0,
    1,
    2,
    4,
    3,
    4,
    1,
    4,
    0,
    4,
    4,
    1,
    0,
    3,
    1,
    4,
    3,
    5,
    4,
    0,
    5,
    1,
    1,
    2,
    3,
    1,
    5,
    3,
    2,
    2,
    2,
    3,
    1,
    4,
    1,
    1,
    3,
    5,
    4,
    2,
    4,
    0,
    2,
    5,
    2,
    3,
    3,
    4,
    0,
    5,
    0,
    1,
    1,
    0,
    1,
    0,
    2,
    0,
    4,
    1,
    5,
    4,
    5,
    1,
    0,
    3,
    3,
    2,
    0,
    3,
    0,
    5,
    3,
    4,
    3,
    1,
    4,
    3,
    1,
    3,
    2,
    0,
    5,
    0,
    1,
    2,
    5,
    2,
    1,
    2,
    4,
    0,
    0,
    5,
    2,
    4,
    0,
    3,
    1,
    4,
    3,
    1,
    2,
    5,
    3,
    1,
    3,
    3,
    3,
    4,
    4,
    4,
    5,
    4,
    5,
    0,
    1,
    3,
    2,
    1,
    4,
    1,
    3,
    2,
    4,
    4,
    3,
    3,
    5,
    4
  ],
  "means": [
    {
      "x": 0.8215327886425269,
      "y": 0.4903550524187848
    },
    {
      "x": 1.8539051899768992,
      "y": 0.06071205168537994
    },
    {
      "x": -0.825439705202499,
      "y": 0.48309803998428447
    },
    {
      "x": 0.2867969104063313,
      "y": -0.08948932782753524
    },
    {
      "x": 0.01591417127340067,
      "y": 0.9248927879886758
    },
    {
      "x": 1.0744660192721314,
      "y": -0.46662899404758595
    }
  ],
  "probabilities": [
    [
      0.0013036457147923251,
      0.00012748968619258184,
      1.5200350323280924e-12,
      0.10753101067695844,
      1.7027296203965996e-08,
      0.8910378368932402
    ],
    [
      0.9907819359594876,
      2.401050212096105e-05,
      6.52171939170803e-11,
      0.0005019907575763569,
      0.008691411681066158,
      6.510345315255139e-07
    ],
    [
      6.498983360005404e-05,
      0.001081059963546309,
      1.7831106430749926e-16,
      0.004159186237198217,
      2.8341320773194665e-11,
      0.994694763937314
    ],
    [
      4.498605181676311e-06,
      1.5431323723330706e-17,
      0.006657939497756801,
      5.931895752586903e-05,
      0.9932782429395289,
      6.909740840014456e-15
    ],
    [
      0.003364658035049378,
      6.201849670104821e-12,
      6.359314621337675e-07,
      2.3034083520417335e-05,
      0.9966116719430037,
      7.627753836058161e-13
    ],
    [
      1.2696072961546e-05,
      0.009180056214396309,
      2.708102544165202e-19,
      0.0004363725571485249,
      5.168988335945795e-13,
      0.9903708751549768
    ],
    [
      0.0009081841804846589,
      0.004568543773656831,
      9.40269929390341e-16,
      0.007476210490804386,
      5.364640893860907e-10,
      0.987047061018589
    ],
    [
      0.00010018429715675266,
      5.491629230513543e-15,
      5.2778234702889714e-05,
      2.0352132972582016e-05,
      0.999826685335132,
      3.0388564375587396e-14
    ],
    [
      0.8626451986138322,
      3.990253892994311e-07,
      4.1733109695944364e-07,
      0.0299193083393773,
      0.10742901548592723,
      5.661204376748353e-06
    ],
    [
      3.261551743153662e-06,
      0.9576813968491243,
      6.103322576081386e-25,
      9.994104098323116e-07,
      3.056963106481501e-15,
      0.042314342188719885
    ],
    [
      0.49195380433455577,
      0.017658794880364488,
      2.0247381981761155e-12,
      0.08842560806069533,
      4.616655963315093e-06,
      0.4019571760663964
    ],
    [
      8.01689733266731e-09,
      1.020860220153443e-20,
      0.981921798144702,
      0.0010420537160724225,
      0.017036140122278276,
      4.9971628536731125e-14
    ],
    [
      4.2105315987504104e-07,
      0.309500913206485,
      2.9056172249246475e-24,
      8.733933373320474e-06,
      4.040793469585883e-16,
      0.6904899318069813
    ],
    [
      0.08360974156904014,
      5.616222782637607e-10,
      4.3613961247912496e-05,
      0.013758232884613286,
      0.9025883800783829,
      3.09450934481218e-08
    ],
    [
      1.6444354280777814e-05,
      0.006727898680913977,
      7.054658346631424e-19,
      0.0006044195210182649,
      9.403129364109327e-13,
      0.9926512374428468
    ],
    [
      1.4122497419742035e-05,
      0.006341028505042865,
      6.178823893778044e-19,
      0.0005783265126471772,
      7.836691165647398e-13,
      0.9930665224841067
    ],
    [
      4.747187916727777e-06,
      0.999991142736968,
      1.0264023993449005e-27,
      1.186272923888059e-09,
      1.3785490931704286e-14,
      4.108888828432046e-06
    ],
    [
      0.9914329362248085,
      0.000540365254761651,
      1.839167681153397e-11,
      0.007118830343389787,
      0.00023810538773006757,
      0.0006697627709187101
    ],
    [
      0.00012095051663008261,
      1.19994154628149e-06,
      1.9183096562157462e-10,
      0.5416473109294804,
      2.583907967192148e-08,
      0.4582305125814331
    ],
    [
      7.250157286681342e-06,
      0.8202405482958993,
      1.0757171685783031e-23,
      5.953808522389922e-06,
      1.1479166352739607e-14,
      0.17974624773828
    ],
    [
      7.539230460502834e-06,
      0.9999771335436148,
      4.841249278857077e-27,
      3.6290652650756594e-09,
      2.1127279126954454e-14,
      1.53235968380781e-05
    ],
    [
      2.2154273896811863e-07,
      0.9999995553160191,
      1.2181743227428218e-30,
      3.143659147279895e-11,
      2.4553138419388406e-16,
      2.2310980515380488e-07
    ],
    [
      0.0002456233271386204,
      2.0360697324104367e-13,
      0.08968338753503852,
      0.8362282577633844,
      0.07384244131879066,
      2.9005544413685907e-07
    ],
    [
      0.0014285990994054015,
      0.0006092064147800775,
      8.820504095345068e-14,
      0.03827785154861766,
      5.288377237820504e-09,
      0.9596843376487316
    ],
    [
      0.7181915674177016,
      1.215089733346753e-07,
      2.559791786799675e-06,
      0.051719592540998956,
      0.23008201064570907,
      4.148094830239524e-06
    ],
    [
      0.00026072158011901234,
      0.9997326353201752,
      1.4716152367336613e-24,
      2.2186125350506907e-08,
      7.602173749631461e-12,
      6.6209059786492735e-06
    ],
    [
      0.00031455224022852843,
      0.9995850391701665,
      9.364206723222318e-24,
      1.3368307266489624e-07,
      5.314389611229925e-12,
      0.00010027490121805985
    ],
    [
      3.672487288604659e-12,
      4.829285802440253e-25,
      0.9993143579887949,
      2.4219343979339373e-05,
      0.0006614226635535492,
      1.7870712746125092e-17
    ],
    [
      0.0005846471190021492,
      2.3572321361190565e-13,
      2.273713987537758e-06,
      1.0893068873322604e-05,
      0.9994021860978345,
      6.68121948406691e-14
    ],
    [
      0.0002454895991252187,
      3.183431605809544e-08,
      5.132129838811523e-08,
      0.9698449460752638,
      1.3288697346369965e-06,
      0.02990815230026179
    ],
    [
      5.115441943366204e-07,
      0.9999329837755334,
      1.5076867785591385e-28,
      2.041342659896113e-09,
      2.6619992982381347e-16,
      6.650263892926138e-05
    ],
    [
      0.00019083084422424353,
      7.335076796182378e-09,
      2.2863620291097425e-07,
      0.9891957896504233,
      2.9961269842376648e-06,
      0.010610147407088495
    ],
    [
      5.756454894676924e-08,
      0.9997127192996824,
      1.4844523779740372e-29,
      1.9332988853040247e-09,
      9.205880714106275e-18,
      0.00028722120247005347
    ],
    [
      1.0709291389780457e-08,
      1.748694530040996e-21,
      0.7412184215589999,
      6.211695128527005e-05,
      0.2587194507804232,
      1.3031462783624915e-16
    ],
    [
      0.9073813371649734,
      0.004194587712189683,
      1.0684947155479404e-11,
      0.04773058824212876,
      3.6101216917274126e-05,
      0.040657385653105914
    ],
    [
      2.4098520613374553e-05,
      4.362486660882038e-08,
      3.153477931635834e-09,
      0.8724588878820424,
      3.785346093295871e-08,
      0.12751692896553884
    ],
    [
      0.00017638179957658607,
      0.007478308389195001,
      2.5746719090749265e-17,
      0.002088241570928777,
      3.024548737606658e-11,
      0.9902570682100542
    ],
    [
      0.9780693598422949,
      6.1617876561029875e-06,
      8.635642657860495e-10,
      0.0013952333694830276,
      0.020528337166434662,
      9.069705669757532e-07
    ],
    [
      1.7813171686187165e-13,
      5.043656263328787e-27,
      0.9995914440020305,
      2.430238527441557e-06,
      0.00040612575926380235,
      1.2927392277009617e-19
    ],
    [
      0.9399285964672764,
      1.84566433221209e-06,
      4.840325480055823e-09,
      0.0018565879440628466,
      0.05821255152355023,
      4.1356045291819526e-07
    ],
    [
      9.684178905814727e-07,
      0.005731699924898519,
      1.2149168081764154e-20,
      0.00015861484455547502,
      1.7346824764718834e-14,
      0.994108716812638
    ],
    [
      0.0006262087560864526,
      6.885197532024126e-14,
      0.0007490386828899454,
      0.0009304422963642866,
      0.9976943102495985,
      1.499210015727527e-11
    ],
    [
      0.0001793885761230272,
      0.9998047369227032,
      1.193850989294111e-24,
      2.87599445067699e-08,
      3.268221516615527e-12,
      1.5845737961333397e-05
    ],
    [
      9.107331158971705e-12,
      1.5596082419744057e-24,
      0.9990070519998346,
      3.790978942158023e-05,
      0.0009550382016362684,
      4.671502402091531e-17
    ],
    [
      0.8329936873964346,
      0.0005461046003439178,
      3.152803131870967e-10,
      0.136367271125056,
      0.00015140068214549387,
      0.029941535880739594
    ],
    [
      0.9621690982692621,
      4.459327608055237e-06,
      7.451460080091893e-10,
      0.000760780533767824,
      0.037065431738241006,
      2.293859751659382e-07
    ],
    [
      0.522791183775657,
      0.06174010752949529,
      2.2335139544699977e-13,
      0.03993877270263356,
      2.0680548359939698e-06,
      0.3755278679371546
    ],
    [
      0.9514697216048404,
      0.026425940619476507,
      1.92566502534742e-13,
      0.007203168525742151,
      1.1195605246306587e-05,
      0.014889973644502326
    ],
    [
      1.5102811712838032e-06,
      0.025449444592333493,
      1.7504761417486125e-21,
      8.184249305474977e-05,
      1.196324885753363e-14,
      0.9744672026334286
    ],
    [
      0.9278224636373306,
      0.00034583633045684545,
      2.724856550685273e-10,
      0.06380718251577165,
      0.0002591813921223675,
      0.007765335851832983
    ],
    [
      0.005589161877875861,
      4.8586956616962375e-12,
      2.9008001327980786e-05,
      0.0005632297405305858,
      0.99381860031811,
      5.72970755572605e-11
    ],
    [
      6.672779675463722e-14,
      3.0009691684485003e-28,
      0.9978486899573891,
      1.9892216168564947e-07,
      0.002151111120382758,
      4.669083179505198e-22
    ],
    [
      1.5206058074634856e-05,
      1.3317626663587928e-16,
      0.0015414824728179936,
      5.1902666423925944e-05,
      0.9983914088026659,
      1.7488443302591843e-14
    ],
    [
      0.0001031726684076161,
      0.07699702057818349,
      1.7180070426360036e-19,
      0.0003697823588406037,
      2.729004180584791e-12,
      0.9225300243918394
    ],
    [
      3.3676543887579295e-12,
      1.9388845257569476e-25,
      0.998492203208982,
      8.803714294900682e-06,
      0.001498993073355631,
      2.12257511150708e-18
    ],
    [
      0.7814646718398999,
      3.153841628003136e-07,
      5.16953536609051e-08,
      0.0027713385860738,
      0.2157634788863394,
      1.4360817021644257e-07
    ],
    [
      2.832307542701222e-06,
      6.8744420921211894e-18,
      0.012495219261782405,
      6.76253261107242e-05,
      0.987434323104559,
      5.355284465413742e-15
    ],
    [
      0.8560741590893569,
      0.0006567730498853321,
      2.188975071563057e-10,
      0.1151742604882192,
      0.00013653843571291514,
      0.02795826871792821
    ],
    [
      1.9404558064076572e-14,
      5.504450281859355e-28,
      0.9999092203776478,
      1.7384492440220886e-06,
      8.9041173088866e-05,
      5.778641060680379e-20
    ],
    [
      0.01654382160753387,
      6.074441183024932e-11,
      1.93727931866388e-06,
      0.0002210635914117805,
      0.9832331774126563,
      4.833493436608881e-11
    ],
    [
      2.2685303592632432e-05,
      0.999945689846526,
      4.8911592704902584e-26,
      1.1548205761013234e-08,
      1.0246545046245618e-13,
      3.161330157316475e-05
    ],
    [
      0.00022187106788528943,
      9.127039880433644e-14,
      0.1768872201118137,
      0.682943423442375,
      0.13994737883606248,
      1.0654177235363063e-07
    ],
    [
      0.0003294500940294264,
      8.929926680868114e-09,
      3.158916042947004e-07,
      0.9907812798598011,
      5.72787432306537e-06,
      0.008883217350315336
    ],
    [
      3.40306882652848e-06,
      0.9996694641015392,
      1.0172888648012868e-26,
      1.9026440528794648e-08,
      3.805457935514644e-15,
      0.00032711380319010223
    ],
    [
      0.022551616798862292,
      6.746120452196136e-11,
      1.0255011107179432e-05,
      0.0010259577355360308,
      0.976412169980404,
      4.066291784254937e-10
    ],
    [
      0.9940404188069046,
      7.301793967064362e-05,
      1.2482393621851593e-10,
      0.0044007262504601585,
      0.0014263624831647346,
      5.947439497571507e-05
    ],
    [
      4.384695702852453e-07,
      0.9996041690074949,
      4.470061943718368e-28,
      7.118989706746746e-09,
      1.75077378935315e-16,
      0.00039538540394477894
    ],
    [
      0.9571445424332972,
      2.554244333054234e-06,
      3.249867401755624e-08,
      0.02060523801097911,
      0.022226870361207903,
      2.0762451509111676e-05
    ],
    [
      1.2033693841668227e-11,
      3.977431312511722e-23,
      0.9987678502492646,
      0.0011365326446917592,
      9.561709397488454e-05,
      3.4979682037568245e-14
    ],
    [
      2.468791652690805e-05,
      0.009143025291589373,
      7.730633797095862e-19,
      0.0006219993209774396,
      1.3803682432884331e-12,
      0.990210287469526
    ],
    [
      2.7826869531801326e-05,
      9.135593222234982e-05,
      5.228255455664362e-15,
      0.014822703887085007,
      5.874091741987706e-11,
      0.9850581132524148
    ],
    [
      0.00028641709261435484,
      2.6150628466319356e-05,
      2.736895507158831e-12,
      0.1387334529414493,
      6.352743444815462e-09,
      0.8609539729819897
    ],
    [
      0.0010996092035738662,
      3.5522795054444798e-12,
      0.01457377361895246,
      0.9310240882075528,
      0.05330073436576393,
      1.794600604635458e-06
    ],
    [
      0.040549952202817235,
      8.657299306315182e-10,
      0.0007699096801357315,
      0.8296397488511057,
      0.12902467314360758,
      1.5715256603759235e-05
    ],
    [
      0.001739561814663813,
      5.011424177128785e-08,
      2.2459969453600323e-07,
      0.9856471353868062,
      1.709354342206236e-05,
      0.0125959345411717
    ],
    [
      0.028221942318843715,
      4.751946936374877e-07,
      2.7945362168801335e-07,
      0.9606615657775012,
      0.0002089516730320253,
      0.01090678558230805
    ],
    [
      0.0017833384751576862,
      5.078862100345943e-13,
      0.03951890133706804,
      0.14683372834857963,
      0.8118640135701275,
      1.8268559424995292e-08
    ],
    [
      0.7976367410173126,
      2.1576221508534676e-07,
      6.803625441267419e-07,
      0.024753572327651182,
      0.1776063044465047,
      2.4860837724325524e-06
    ],
    [
      1.0827703844932005e-05,
      0.9792270551943266,
      1.9907187939142305e-24,
      9.99144650454919e-07,
      1.733025550439104e-14,
      0.020761117957160628
    ],
    [
      6.401769360583214e-07,
      0.999868517671171,
      3.5182605293904313e-28,
      3.787558359629142e-09,
      3.4230043891895757e-16,
      0.0001308383643342778
    ],
    [
      4.703874718687742e-13,
      2.7630078520678728e-27,
      0.9928690628945098,
      3.5034750238952944e-07,
      0.007130586757517548,
      1.4904404043435042e-21
    ],
    [
      0.07350900025648553,
      8.843399711251532e-10,
      1.3866306133168813e-06,
      0.0007963712482615157,
      0.9256932400954796,
      8.848198896011801e-10
    ],
    [
      0.00019695363288330326,
      0.9998013092574277,
      4.66096065890782e-25,
      8.621827368887673e-09,
      7.183783801033556e-12,
      1.7284806781471451e-06
    ],
    [
      1.9225584640299677e-06,
      3.77160148812945e-18,
      0.22245729191863087,
      0.0008215076998598754,
      0.7767192778229524,
      9.281653775371982e-14
    ],
    [
      0.009036180494656064,
      2.263130799842621e-06,
      1.2615088799241164e-08,
      0.9040040678480753,
      9.760573421411048e-06,
      0.08694771533795877
    ],
    [
      0.07607331262946271,
      1.10177281498213e-09,
      7.949424306718486e-07,
      0.0005564650787585524,
      0.9233694256557897,
      5.917853939931942e-10
    ],
    [
      1.2881671907495803e-09,
      1.1728917658588796e-22,
      0.9060820811805889,
      2.863659903280592e-05,
      0.09388928093221148,
      2.2721075613300696e-17
    ],
    [
      0.00026224387895570596,
      0.9573084679381578,
      6.556149092981955e-22,
      1.0999504314197197e-05,
      2.109059687791869e-12,
      0.04241828867646326
    ],
    [
      0.0005204951631680745,
      1.158673541813147e-08,
      3.7029760823281096e-07,
      0.991237370808019,
      9.168516442246304e-06,
      0.008232583628027229
    ],
    [
      9.397956840993176e-05,
      4.408110245236153e-15,
      0.3399448134036244,
      0.09005571275685953,
      0.5699054932146054,
      1.0564965504993912e-09
    ],
    [
      0.00024078780027823117,
      0.0011470104741854675,
      1.3571467804052814e-15,
      0.008505621880729643,
      1.993292048711293e-10,
      0.9901065796454762
    ],
    [
      7.789973405138604e-09,
      0.9999992755811671,
      9.669081361733068e-33,
      9.205410609613598e-12,
      1.1177505353204085e-18,
      7.166196539952015e-07
    ],
    [
      0.00739370786768238,
      0.00020994121223016687,
      1.012538420544348e-11,
      0.20298932815319065,
      1.7497549328572952e-07,
      0.7894068477812781
    ],
    [
      0.004149864007741856,
      4.11025526101852e-07,
      4.4552932313780503e-08,
      0.956817636106908,
      1.1639595966095341e-05,
      0.0390204047109258
    ],
    [
      0.0047833824692778,
      0.6902010690848155,
      8.046734662886674e-19,
      0.0003913397348210018,
      2.248082455747084e-10,
      0.30462420848627764
    ],
    [
      1.2864570830622997e-05,
      3.99282467870742e-06,
      8.22978106235629e-13,
      0.10605644715183603,
      3.0489623085541907e-10,
      0.8939266951469357
    ],
    [
      0.8610491971681002,
      4.4380996457561286e-07,
      6.016121838736476e-07,
      0.04939420123388021,
      0.08954314331693723,
      1.2412858933809568e-05
    ],
    [
      0.9972980285268812,
      0.00014930412922642717,
      1.9175420628548893e-11,
      0.0015228613043864363,
      0.0010058777962050562,
      2.392822412590856e-05
    ],
    [
      2.268364772835405e-08,
      0.9969128974733741,
      2.823621169715187e-29,
      8.786593308568399e-09,
      2.3018926001825457e-18,
      0.0030870710563851524
    ],
    [
      0.4466421976318227,
      0.039915708035449936,
      4.3803746701480567e-13,
      0.05540218979118881,
      2.178397055748495e-06,
      0.4580377261440444
    ],
    [
      1.069202276406778e-12,
      4.684782467746444e-24,
      0.9989800102699433,
      0.0010018156113981937,
      1.8174117570590452e-05,
      1.881972586565832e-14
    ],
    [
      3.719591059531191e-06,
      0.9713560696394197,
      5.08024347699502e-25,
      7.534839774066966e-07,
      3.630916771448417e-15,
      0.028639457285539873
    ],
    [
      0.9265682230118992,
      8.476737503011637e-05,
      1.5762993575230325e-09,
      0.06988327423280558,
      0.0008177354790889499,
      0.002645998324876768
    ],
    [
      0.002310208312693133,
      1.0499645497336906e-08,
      1.9520127965924914e-06,
      0.9948984634821887,
      9.847946697708636e-05,
      0.0026908862256989586
    ],
    [
      0.00048429281050752984,
      1.6438133519503804e-07,
      1.4166772013750527e-08,
      0.9280249447515583,
      9.73794277317623e-07,
      0.0714896100955497
    ],
    [
      0.9926005507044939,
      8.184702078200444e-05,
      3.837655420941679e-12,
      0.00010191369964290719,
      0.007215577919323787,
      1.106519196601865e-07
    ],
    [
      0.002208186333317341,
      1.2475077323910412e-08,
      1.514798899286495e-06,
      0.9944732377144384,
      7.916071247676062e-05,
      0.003237887965790905
    ],
    [
      5.014786685523118e-15,
      1.298128435302909e-27,
      0.999977129879227,
      1.7328379399424594e-05,
      5.541741368656917e-06,
      4.516293766522252e-18
    ],
    [
      0.00019231736240521349,
      3.116696050430198e-08,
      4.0986836705879415e-08,
      0.9659148264450138,
      9.472650098723886e-07,
      0.03389183677377402
    ],
    [
      0.0033924991629758665,
      1.924821085247686e-12,
      4.1829979595468634e-05,
      0.0004584730724084408,
      0.9961071977542941,
      2.8801532581249676e-11
    ],
    [
      4.5618142745807387e-07,
      3.3960996412440306e-19,
      0.046280122912907146,
      4.341092401988601e-05,
      0.9536760099816449,
      6.313923994782344e-16
    ],
    [
      2.076188672765864e-05,
      0.7351209112705311,
      9.548372499744403e-23,
      1.5386291437497604e-05,
      5.815399938270777e-14,
      0.26484294055124585
    ],
    [
      0.0015841301612099547,
      8.135075093126605e-06,
      2.7412780807937805e-10,
      0.5451927728682232,
      2.448181658422383e-07,
      0.4532147168031801
    ],
    [
      0.8730195779282399,
      0.024707611877474733,
      7.065445065205249e-13,
      0.026020360437257004,
      9.319666500262321e-06,
      0.0762431300898217
    ],
    [
      1.3073002136168048e-08,
      0.9999962478425001,
      6.220829452134384e-32,
      3.657306477951299e-11,
      1.7581376339453177e-18,
      3.7390479249704134e-06
    ],
    [
      0.00156419788395041,
      2.185851113963917e-10,
      0.00013925281769954645,
      0.9965130423992137,
      0.001683777217729284,
      9.972946282208971e-05
    ],
    [
      1.1139282354488868e-13,
      6.560848382793191e-26,
      0.9999056576107627,
      7.523703779110215e-05,
      1.910535133468328e-05,
      1.1470643476252094e-16
    ],
    [
      3.430106710039731e-17,
      2.0447054832519683e-29,
      0.9999833953364665,
      1.6417677545656738e-05,
      1.8698598743720358e-07,
      1.5147739463983456e-18
    ],
    [
      0.0019459382952480456,
      6.066579980640896e-13,
      0.00013046472025754645,
      0.0006584400669554832,
      0.9972651568897629,
      2.716957868015438e-11
    ],
    [
      0.9664960949916361,
      0.0007558078458632649,
      4.7459949457763883e-11,
      0.02747371196247201,
      0.00015289469139361179,
      0.005121490461175228
    ],
    [
      5.713726610057181e-17,
      6.7832637323982885e-31,
      0.9999946549559792,
      2.336263294107431e-07,
      5.111417691469456e-06,
      5.519680408115271e-22
    ],
    [
      8.261061557723504e-10,
      4.114988797584279e-22,
      0.9915323990542126,
      0.00025366577513805095,
      0.008213934344540444,
      2.6467003807325533e-15
    ],
    [
      0.00026072061938701275,
      1.2440740929829287e-06,
      4.779055984252889e-10,
      0.6421215181881934,
      7.778191720949379e-08,
      0.3576164388585039
    ],
    [
      0.0007558779321292077,
      9.280969014586374e-14,
      0.0009287255389366503,
      0.0013485991234853294,
      0.9969667973778007,
      2.7555454297366353e-11
    ],
    [
      2.363092464927796e-13,
      1.2101723630575192e-26,
      0.9997334203486375,
      5.2000691569040085e-06,
      0.00026137958196916243,
      6.502421018604107e-19
    ],
    [
      6.179598801196685e-11,
      7.847976717618536e-24,
      0.9947122665504459,
      3.430104108478572e-05,
      0.005253432346673409,
      3.883752108031795e-17
    ],
    [
      8.604250419778703e-06,
      0.008354258667669935,
      1.7484636975565346e-19,
      0.0003772923198469642,
      3.123117105418337e-13,
      0.9912598447617512
    ],
    [
      8.181833327019638e-12,
      3.179288118165098e-25,
      0.9953069161219515,
      6.0107283274745145e-06,
      0.004687073141539541,
      9.02549159071034e-19
    ],
    [
      0.0006450993376632314,
      6.417171037644768e-14,
      0.0035782934719017874,
      0.0038466141939700205,
      0.9919299929133508,
      8.304993257657414e-11
    ],
    [
      0.0009104350453441056,
      9.220617845905581e-07,
      3.1466571523292296e-09,
      0.8273024715052677,
      6.272928993803513e-07,
      0.17178554094804716
    ],
    [
      0.5015687017883598,
      0.0029174160691267975,
      4.243008559999494e-11,
      0.2153061283865936,
      1.8633673421935545e-05,
      0.280189120040068
    ],
    [
      0.005913849772417348,
      6.416009585894133e-12,
      1.2804532142975141e-05,
      0.00031870629783205164,
      0.99375463936082,
      3.0371799985303714e-11
    ],
    [
      7.795257657373265e-09,
      0.9999980285874541,
      1.8140920795742712e-32,
      1.7913539147799246e-11,
      9.177391866394222e-19,
      1.9635993746876503e-06
    ],
    [
      0.029001200280097096,
      1.9465093652948445e-10,
      0.0026386324456949754,
      0.6539352492774618,
      0.3144214598065746,
      3.4579955208676747e-06
    ],
    [
      1.85805036564479e-09,
      1.0053067063393587e-22,
      0.015071847405171316,
      1.9341722853056934e-07,
      0.9849279573195499,
      6.542715498026244e-21
    ],
    [
      0.9512255328471276,
      1.7559271956356392e-06,
      1.31349941999816e-08,
      0.005045268631181499,
      0.04372554139610346,
      1.8880633974745964e-06
    ],
    [
      8.568438440137751e-10,
      2.986218327173334e-22,
      0.9874792837242138,
      0.00016481024874844043,
      0.01235590517019288,
      1.0712725935205137e-15
    ],
    [
      0.8456719868171055,
      0.13727932079080404,
      9.388038061938742e-15,
      0.0026410582614691666,
      3.2203984877451766e-06,
      0.014404413732123839
    ],
    [
      0.933766827309417,
      0.0026303062481837507,
      1.6020305848124753e-11,
      0.04066734083505952,
      5.4021852986744094e-05,
      0.022881503738332504
    ],
    [
      0.026395521491352113,
      2.972299908206068e-10,
      0.0017252728872068157,
      0.7989163427664193,
      0.1729553275632789,
      7.534994512946544e-06
    ],
    [
      0.9854693815684702,
      4.932681215234528e-05,
      5.619986921691085e-10,
      0.012654464264939136,
      0.0016475671944371762,
      0.0001792595980023164
    ],
    [
      2.174387308782042e-14,
      5.5111028821799845e-27,
      0.9999643819222892,
      2.206607419134833e-05,
      1.355200349775405e-05,
      8.947404908991179e-18
    ],
    [
      3.827893269012719e-08,
      0.9999999482826697,
      1.7106695049692248e-32,
      2.2956298333958387e-12,
      3.817998426750887e-17,
      1.3436102111128635e-08
    ],
    [
      0.4413243208665071,
      2.5973149020915313e-08,
      2.339589535204102e-06,
      0.011993030034062156,
      0.5466800926145036,
      1.9092224303204013e-07
    ],
    [
      0.33682906645284694,
      5.158144205544979e-08,
      3.5122779120806154e-05,
      0.5518688443492298,
      0.11119239525814555,
      7.45195792150767e-05
    ],
    [
      0.0045754457186561485,
      7.822008725306461e-12,
      0.019126058692608763,
      0.6795876610044683,
      0.2967100993659496,
      7.352104952269553e-07
    ],
    [
      0.986937336117815,
      0.003527980019381545,
      1.8984281103495725e-12,
      0.006659113576212451,
      5.397141962372569e-05,
      0.0028215988650690297
    ],
    [
      2.3811951072042027e-12,
      7.053230199707934e-25,
      0.9997114138513358,
      5.845654054375816e-05,
      0.00023012960573931342,
      1.0248041382563247e-16
    ],
    [
      0.02253578545389366,
      1.644124626651622e-10,
      0.002783047452414446,
      0.7386476979524825,
      0.2360291647974104,
      4.304179386686217e-06
    ],
    [
      1.1475929648949352e-05,
      0.9517702631501483,
      4.9138175871222596e-24,
      2.1627866424924886e-06,
      1.93998502971182e-14,
      0.04821609813354066
    ],
    [
      0.7622753183684096,
      0.061871443504618144,
      1.9822500654721043e-13,
      0.024212964850251654,
      3.879536470210713e-06,
      0.1516363937400526
    ],
    [
      0.00012770879452832736,
      6.1304887777614945e-15,
      0.00018011929879861897,
      6.428086640584384e-05,
      0.999627891040111,
      1.502700317625302e-13
    ],
    [
      0.9791566637169185,
      0.0011438087611178906,
      1.7003052259034297e-11,
      0.01598493202381576,
      0.00011678731179550907,
      0.0035978081693492214
    ],
    [
      0.964233051344508,
      0.0015815720995857334,
      1.8556279572948647e-11,
      0.025592977171196633,
      8.566706772546638e-05,
      0.008506732298427919
    ],
    [
      3.447422135158877e-08,
      0.9999971401177442,
      2.4167384202941325e-31,
      5.12476396498303e-11,
      7.818937647263699e-18,
      2.8253567868486332e-06
    ],
    [
      2.5898425671200143e-05,
      0.0004674285115773077,
      1.9697212615677292e-16,
      0.004404645317376244,
      1.3694947993567582e-11,
      0.9951020277316801
    ],
    [
      0.8264872641391909,
      0.018845114507033293,
      1.464962039300298e-12,
      0.041161975521844835,
      1.024366713047402e-05,
      0.11349540216333552
    ],
    [
      1.7277013526899705e-18,
      2.2892524079960618e-33,
      0.999994147055611,
      9.077301697703013e-09,
      5.843867087252077e-06,
      4.333019532522212e-25
    ],
    [
      0.0023433028683749455,
      0.006819129163258411,
      2.2133457571637133e-15,
      0.010259046971614165,
      1.7432067071990513e-09,
      0.9805785192535436
    ],
    [
      0.9601573227013955,
      0.00020071426812245873,
      3.0308840892535077e-10,
      0.03675282824482353,
      0.0004346254034966569,
      0.002454509079073274
    ],
    [
      1.4806080894774804e-06,
      3.663486911497291e-18,
      0.0010370249828493899,
      4.981048112888611e-06,
      0.9989565133609479,
      1.3153027584255072e-16
    ],
    [
      0.0006773695704309243,
      8.005509318365703e-07,
      2.7191828117636016e-09,
      0.8176288876644812,
      4.5360805563229335e-07,
      0.18169248588691755
    ],
    [
      0.00039472670309046446,
      0.6339817736685789,
      1.775913983721237e-20,
      0.00010996115012158675,
      5.16280800067819e-12,
      0.3655135384730463
    ],
    [
      0.9949458821733581,
      0.00031092926538142353,
      2.074048385235917e-11,
      0.004130215997689417,
      0.0004151342756514443,
      0.00019783826717951642
    ],
    [
      2.0588327689299862e-05,
      0.9983388681913573,
      6.497557442475574e-25,
      1.8089096136478847e-07,
      4.9991458578609045e-14,
      0.0016403625899418716
    ],
    [
      2.722203996701867e-07,
      0.9999966508640887,
      7.253062843895835e-30,
      1.751844076634605e-10,
      1.7487498745498036e-16,
      3.076740327240521e-06
    ],
    [
      0.9409154792099402,
      0.0009612273463622829,
      5.942652286679844e-11,
      0.046070114335415704,
      0.00011866742453465646,
      0.011934511624320564
    ],
    [
      0.9846905716432862,
      0.0021535355570214037,
      5.006731899292384e-12,
      0.009875069926096023,
      7.518313051321421e-05,
      0.0032056397380766876
    ],
    [
      1.6180873434954795e-05,
      0.9973929830785272,
      6.305068318069542e-25,
      2.2492400315076442e-07,
      3.352603869061769e-14,
      0.00259061112400137
    ],
    [
      7.330277564031601e-06,
      4.13485215022594e-17,
      0.0015749767779428805,
      2.7567383704809627e-05,
      0.9983901255607841,
      4.27645999632177e-15
    ],
    [
      0.8126863038662764,
      0.16177033192468504,
      9.191715423214272e-15,
      0.003260507688632531,
      2.596301742974385e-06,
      0.02228026021865382
    ],
    [
      0.0006348504685818561,
      8.175882247296684e-14,
      0.00025352604219165367,
      0.0003807814124270396,
      0.9987308420714825,
      5.235217828742658e-12
    ],
    [
      0.005672754703906601,
      0.9931769772802088,
      7.434474270044216e-21,
      4.797614962544239e-06,
      3.6701389756178925e-10,
      0.0011454700339082308
    ],
    [
      0.0005450842755120334,
      2.530202930697735e-13,
      1.352492972114017e-06,
      7.287347680331562e-06,
      0.9994462758835442,
      3.8427647723790995e-14
    ],
    [
      0.0005807083823086229,
      1.9491519447822398e-13,
      3.9010186580327015e-06,
      1.5549584504763502e-05,
      0.9993998410142312,
      1.0255776352900399e-13
    ],
    [
      2.137353260222908e-11,
      9.37667940166923e-25,
      0.9914802061880761,
      7.842346320660018e-06,
      0.008511951444229802,
      1.5622997072525667e-18
    ],
    [
      3.441603696384952e-05,
      6.997107197328456e-06,
      1.255185486041765e-12,
      0.11621499394785705,
      8.058523293332654e-10,
      0.8837435921008742
    ],
    [
      2.1659128308571704e-08,
      5.465271073838607e-21,
      0.7443129834534953,
      0.00011870410680443267,
      0.2555682907805714,
      5.368623873658051e-16
    ],
    [
      8.08428704549747e-05,
      1.7655173266202645e-15,
      0.007308554742227827,
      0.000945492612775777,
      0.9916651097720734,
      2.4660725006962046e-12
    ],
    [
      0.00026372499042237135,
      4.1906294382795845e-05,
      9.572666467488057e-13,
      0.09508638381192479,
      3.6772468608706866e-09,
      0.9046079812250659
    ],
    [
      0.0019414695069664058,
      0.006976655057353471,
      1.5459877771058258e-15,
      0.009010107954981866,
      1.2768879591333725e-09,
      0.9820717662038088
    ],
    [
      9.524228189710924e-13,
      4.1344683163313186e-26,
      0.9991672770374438,
      5.2206015285788505e-06,
      0.0008275023600753,
      6.850408643490565e-19
    ],
    [
      7.779224057527358e-06,
      0.06532059526670385,
      4.0675461499976484e-21,
      0.00010530600842387699,
      6.821125342765697e-14,
      0.9345663195007465
    ],
    [
      7.615148110795188e-05,
      3.0623017004117244e-13,
      0.01752961707919934,
      0.9758404320925781,
      0.006552260787262825,
      1.5385595458163181e-06
    ],
    [
      9.98419211823132e-08,
      0.9973349846496611,
      2.2576439565931115e-28,
      1.570240698911508e-08,
      1.882252756675125e-17,
      0.0026648998060108823
    ],
    [
      0.000356185520166742,
      2.5237097457024467e-14,
      0.0011249783024198,
      0.0007603680753540689,
      0.997758468094898,
      7.1363436988914245e-12
    ],
    [
      1.387917011603368e-05,
      0.00013004999146680422,
      8.530362585761049e-16,
      0.007748417284070901,
      1.526304791558163e-11,
      0.9921076535390823
    ],
    [
      0.6153398518558327,
      7.772556912289294e-08,
      6.94754589789141e-07,
      0.009301605124894852,
      0.37535749088836734,
      2.796507464199079e-07
    ],
    [
      1.0250212064374927e-10,
      3.6747983143624283e-23,
      0.9973484190760408,
      0.00012916422329020848,
      0.002522416598166242,
      6.316225604643029e-16
    ],
    [
      1.2332077375813592e-08,
      1.3534472521021426e-21,
      0.4139806997711108,
      2.0385364000359723e-05,
      0.5859989025328113,
      1.645464463158408e-17
    ],
    [
      3.6416904975214027e-07,
      0.9999992501494753,
      3.714712031493577e-30,
      5.849871512911579e-11,
      4.568539478346201e-16,
      3.856229760281812e-07
    ],
    [
      0.00010374333547963118,
      0.0001924685836997456,
      1.0366490315750643e-14,
      0.01822670255038592,
      2.3272391029330684e-10,
      0.9814770852977005
    ],
    [
      8.912199369870964e-05,
      0.024555813331101285,
      1.027671311239614e-18,
      0.000686112360092901,
      4.703933871066256e-12,
      0.9746689523104032
    ],
    [
      0.0005602008761418704,
      3.063332425819102e-13,
      0.10871540533162292,
      0.6878025679018889,
      0.20292165819768232,
      1.6769235770552465e-07
    ],
    [
      0.0001597695761404355,
      1.0989354694522428e-14,
      6.651749983257373e-05,
      3.6791961539585625e-05,
      0.9997369209623829,
      9.370839008696098e-14
    ],
    [
      2.8423965807551566e-16,
      2.453839687861211e-28,
      0.9999624861801929,
      3.7044730787220525e-05,
      4.6908901976720037e-07,
      1.0299705189338173e-17
    ],
    [
      7.408535936979163e-06,
      3.398408215580161e-17,
      0.007535823321332451,
      0.00010347180598784145,
