{
  "dataset": "moons",
  "algorithm": "gmm",
  "params": {
    "n_components": 4,
    "covariance_type": "tied"
  },
  "labels": [
    3,
    0,
    3,
    0,
    0,
    3,
    3,
    0,
    0,
    1,
    3,
    2,
    1,
    0,
    3,
    3,
    1,
    3,
    3,
    1,
    1,
    1,
    0,
    3,
    0,
    1,
    1,
    2,
    0,
    3,
    1,
    3,
    1,
    2,
    3,
    3,
    3,
    0,
    2,
    0,
    3,
    0,
    1,
    2,
    3,
    0,
    3,
    3,
    1,
    3,
    0,
    2,
    0,
    1,
    2,
    0,
    0,
    3,
    2,
    0,
    1,
    0,
    3,
    1,
    0,
    0,
    1,
    0,
    2,
    3,
    3,
    3,
    0,
    0,
    3,
    3,
    0,
    0,
    1,
    1,
    2,
    0,
    1,
    2,
    3,
    0,
    2,
    1,
    3,
    0,
    3,
    1,
    3,
    3,
    1,
    3,
    0,
    0,
    1,
    3,
    2,
    1,
    3,
    3,
    3,
    0,
    3,
    2,
    3,
    0,
    2,
    1,
    3,
    3,
    1,
    3,
    2,
    2,
    0,
    3,
    2,
    2,
    3,
    0,
    2,
    2,
    3,
    2,
    0,
    3,
    3,
    0,
    1,
    0,
    2,
    0,
    2,
    3,
    3,
    0,
    0,
    2,
    1,
    0,
    0,
    0,
    3,
    2,
    0,
    1,
    3,
    0,
    3,
    3,
    1,
    3,
    3,
    2,
    3,
    3,
    0,
    3,
    1,
    0,
    1,
    1,
    3,
    3,
    1,
    0,
    3,
    0,
    1,
    0,
    0,
    2,
    3,
    2,
    0,
    3,
    3,
    2,
    1,
    0,
    1,
    0,
    3,
    0,
    2,
    2,
    1,
    3,
    3,
    0,
    0,
    2,
    0,
    0,
    2,
    3,
    1,
    0,
    2,
    2,
    2,
    2,
    2,
    0,
    1,
    3,
    0,
    0,
    3,
    3,
    0,
    3,
    1,
    2,
    3,
    2,
    3,
    0,
    0,
    2,
    0,
    3,
    2,
    1,
    0,
    0,
    0,
    0,
    1,
    3,
    3,
    3,
    3,
    0,
    0,
    2,
    3,
    2,
    1,
    3,
    3,
    0,
    0,
    0,
    3,
    2,
    1,
    3,
    1,
    2,
    3,
    1,
    0,
    3,
    2,
    1,
    0,
    0,
    3,
    0,
    0,
    2,
    1,
    0,
    1,
    0,
    2,
    2,
    2,
    3,
    3,
    3,
    3,
    3,
    3,
    0,
    3,
    2,
    1,
    2,
    0,
    1,
    0,
    1,
    3,
    0,
    3,
    0,
    3,
    3,
    0,
    2,
    3,
    1,
    1,
    1,
    1,
    2,
    0,
    2,
    0,
    2,
    0,
    2,
    0,
    0,
    3,
    2,
    3,
    1,
    0,
    0,
    1,
    0,
    3,
    3,
    0,
    1,
    0,
    1,
    0,
    0,
    0,
    2,
    2,
    3,
    0,
    3,
    0,
    3,
    2,
    2,
    1,
    3,
    2,
    0,
    0,
    2,
    1,
    3,
    2,
    3,
    1,
    1,
    2,
    0,
    0,
    1,
    3,
    0,
    1,
    0,
    2,
    1,
    2,
    2,
    0,
    3,
    2,
    0,
    0,
    3,
    0,
    3,
    2,
    1,
    3,
    1,
    2,
    0,
    0,
    0,
    1,
    0,
    0,
    0,
    0,
    1,
    3,
    3,
    1,
    0,
    3,
    3,
    2,
    3,
    3,
    1,
    1,
    2,
    3,
    1,
    1,
    3,
    2,
    2,
    2,
    3,
    1,
    0,
    1,
    1,
    3,
    3,
    0,
    2,
    2,
    0,
    2,
    3,
    2,
    3,
    0,
    0,
    0,
    1,
    3,
    1,
    1,
    0,
    1,
    0,
    2,
    0,
    0,
    1,
    3,
    0,
    3,
    1,
    0,
    3,
    0,
    2,
    3,
    3,
    0,
    3,
    0,
    2,
    3,
    1,
    0,
    3,
    1,
    3,
    2,
    0,
    3,
    0,
    1,
    2,
    1,
    2,
    1,
    2,
    2,
    0,
    0,
    3,
    2,
    0,
    3,
    3,
    1,
    2,
    0,
    1,
    2,
    3,
    0,
    1,
    3,
    0,
    3,
    2,
    0,
    0,
    3,
    0,
    3,
    0,
    1,
    3,
    2,
    1,
    0,
    1,
    3,
    2,
    0,
    0,
    0,
    3,
    1,
    0
  ],
  "means": [
    {
      "x": 0.2723705691079083,
      "y": 0.7022859371617435
    },
    {
      "x": 1.748057360438647,
      "y": -0.0065681325686858345
    },
    {
      "x": -0.7093847779758301,
      "y": 0.5496037544314815
    },
    {
      "x": 0.7628917395250777,
      "y": -0.23250725996186833
    }
  ],
  "probabilities": [
    [
      0.0009061582193510467,
      0.018101157125164694,
      1.8239184809111432e-07,
      0.9809925022636363
    ],
    [
      0.972011174024958,
      0.002558272483489546,
      7.963902058573615e-05,
      0.025350914470966587
    ],
    [
      9.02311588717154e-05,
      0.10846917796988877,
      2.5385916477167095e-09,
      0.8914405883326478
    ],
    [
      0.6524698085061574,
      3.0235205789510257e-10,
      0.34751346211896433,
      1.672907252600189e-05
    ],
    [
      0.9948675463244948,
      1.2654333877817314e-07,
      0.005073024563148032,
      5.930256901833383e-05
    ],
    [
      1.729741148775175e-05,
      0.36691510415592565,
      9.900631179048738e-11,
      0.6330675983335805
    ],
    [
      0.0002956374193595286,
      0.14107539146631914,
      6.781156438981705e-09,
      0.8586289643331648
    ],
    [
      0.9499171687809568,
      5.250327129628649e-09,
      0.050056437280990664,
      2.6388687725697586e-05
    ],
    [
      0.9638896284339706,
      0.0001811610360945392,
      0.0013307776195085916,
      0.03459843291042614
    ],
    [
      7.785834735334048e-07,
      0.9656594575185882,
      1.0504975476527954e-13,
      0.03433976389783324
    ],
    [
      0.013857240021157374,
      0.10283890945558255,
      5.76668888935529e-07,
      0.8833032738543711
    ],
    [
      0.06627834982245562,
      1.6925113151386996e-11,
      0.933686615259944,
      3.503490067523015e-05
    ],
    [
      2.9390928147087663e-07,
      0.8950961013956377,
      1.0808603211262117e-13,
      0.10490360469497302
    ],
    [
      0.9868147650584775,
      2.620759040161734e-06,
      0.009875232623092273,
      0.0033073815593900086
    ],
    [
      2.277913133760359e-05,
      0.31583204234154877,
      1.645210557214886e-10,
      0.6841451783625926
    ],
    [
      2.118938207953332e-05,
      0.3147997023729771,
      1.5296142244482849e-10,
      0.6851791080919818
    ],
    [
      4.878761328707948e-06,
      0.9974610049619171,
      7.06808474971239e-14,
      0.002534116276683711
    ],
    [
      0.41297874595984635,
      0.050755063406260924,
      2.7460932694412112e-05,
      0.5362387297011983
    ],
    [
      0.0008883503995370565,
      0.0021183153268304793,
      1.427083892713464e-06,
      0.9969919071897398
    ],
    [
      1.3248442353925818e-06,
      0.9323913854787028,
      3.512052283855889e-13,
      0.06760728967671056
    ],
    [
      5.201170900186266e-06,
      0.9960589570185437,
      1.1228785414734236e-13,
      0.003935841810443775
    ],
    [
      8.866647307034857e-07,
      0.9993665550013335,
      3.3002328021524767e-15,
      0.000632558333932437
    ],
    [
      0.6475674468589018,
      3.485856556451334e-07,
      0.32161307673147377,
      0.030819127823969086
    ],
    [
      0.0006461157400295751,
      0.043593854217755496,
      5.328399925244587e-08,
      0.9557599767582158
    ],
    [
      0.9715185640615094,
      7.49872751338685e-05,
      0.0024277751782455156,
      0.02597867348511135
    ],
    [
      0.00011282865789489396,
      0.9928266228671812,
      5.094470373923477e-12,
      0.007060548469829652
    ],
    [
      6.836762084016184e-05,
      0.9853033270782589,
      5.755983414363162e-12,
      0.01462830529514503
    ],
    [
      0.009799142266122104,
      1.0391558684058746e-13,
      0.9901993304142762,
      1.527319497807907e-06
    ],
    [
      0.9882073589674494,
      2.6234955878405074e-08,
      0.011764471427727113,
      2.8143369867392557e-05
    ],
    [
      0.0088773355187957,
      0.0005043438331439155,
      6.613744657990735e-05,
      0.9905521832014806
    ],
    [
      4.792485522612992e-07,
      0.9966326115043578,
      7.626887922789904e-15,
      0.00336690924708253
    ],
    [
      0.016204833149589003,
      0.00030394117399417737,
      0.00020353517895552707,
      0.9832876904974612
    ],
    [
      7.372487775322579e-08,
      0.9966056320272633,
      1.0382343594070128e-15,
      0.0033942942478581276
    ],
    [
      0.08799015590376254,
      1.4299290237156092e-12,
      0.9120081485320459,
      1.6955627615549748e-06
    ],
    [
      0.06795323413089445,
      0.07777285241342383,
      4.008808811450284e-06,
      0.8542699046468704
    ],
    [
      0.001273269574726615,
      0.000585964784216262,
      7.227773190600754e-06,
      0.9981335378678666
    ],
    [
      9.436614337844408e-05,
      0.23488285078601054,
      1.1047755642460581e-09,
      0.7650227819658355
    ],
    [
      0.9751749107202625,
      0.0010099795367853983,
      0.0001835398220586146,
      0.02363156992089324
    ],
    [
      0.0047560476051367526,
      6.099101725429405e-15,
      0.9952437804123356,
      1.719825214406979e-07
    ],
    [
      0.9861830089027613,
      0.00034240118856018487,
      0.0003118775409047231,
      0.013162712367773702
    ],
    [
      4.229351879368456e-06,
      0.4162731174701396,
      1.8089286088414296e-11,
      0.5837226531598919
    ],
    [
      0.9230081359271023,
      2.8102441413770748e-08,
      0.07672323688946982,
      0.0002685990809866056
    ],
    [
      6.64644892090944e-05,
      0.9919046721366112,
      3.2478007660151953e-12,
      0.008028863370931874
    ],
    [
      0.012291673868601537,
      1.9160905980856173e-13,
      0.9877060813421696,
      2.2447890372342012e-06
    ],
    [
      0.11099405219896896,
      0.02658790483374986,
      1.91863503289676e-05,
      0.8623988566169523
    ],
    [
      0.9878387186297711,
      0.0005701371508408281,
      0.0001685510731930774,
      0.011422593146195249
    ],
    [
      0.010614782149606686,
      0.1921673693008484,
      2.168505032694581e-07,
      0.7972176316990416
    ],
    [
      0.06373931580784109,
      0.2428929959393065,
      1.0387994879739056e-06,
      0.6933666494533643
    ],
    [
      2.8407625432799437e-06,
      0.6054070209703869,
      5.8113530609181375e-12,
      0.3945901382612586
    ],
    [
      0.20663508722519935,
      0.026997391330476236,
      3.306686928716242e-05,
      0.7663344545750373
    ],
    [
      0.9830606193928095,
      1.8671565984471226e-07,
      0.016594243775193168,
      0.00034495011633761246
    ],
    [
      0.004247215680764788,
      4.0449218252860227e-16,
      0.9957527737292453,
      1.058998977046218e-08
    ],
    [
      0.7997882630411701,
      9.60591729114766e-10,
      0.20018717421605342,
      2.456178218471476e-05
    ],
    [
      2.711704907631446e-05,
      0.5669559026397427,
      7.504861714966707e-11,
      0.4330169802361325
    ],
    [
      0.009939435663441538,
      3.809977577164069e-14,
      0.9900600550793722,
      5.092571481277137e-07
    ],
    [
      0.993033278845669,
      7.841863610885077e-05,
      0.00066464395610868,
      0.006223658562113536
    ],
    [
      0.5795277259916954,
      1.902613813245205e-10,
      0.4204577844118463,
      1.4489406196747958e-05
    ],
    [
      0.11142213409174173,
      0.030009459686507905,
      1.707911544377372e-05,
      0.8585513271063065
    ],
    [
      0.0026747687037279315,
      2.821654205837721e-15,
      0.9973250816334791,
      1.4966279013891008e-07
    ],
    [
      0.9945648784242582,
      5.030418057804195e-07,
      0.0051667309618932365,
      0.00026788757204276745
    ],
    [
      1.0634457208047416e-05,
      0.9939461861479988,
      3.544936707478774e-13,
      0.0060431793944389625
    ],
    [
      0.6096559610866591,
      1.5430201645657663e-07,
      0.37404049249588134,
      0.016303392115443474
    ],
    [
      0.022611530144959657,
      0.0003233985813636334,
      0.0002721703950797314,
      0.9767929008785969
    ],
    [
      1.530898398251944e-06,
      0.9922545227127278,
      5.577753160606277e-14,
      0.007743946388818086
    ],
    [
      0.9909239317177281,
      6.691046020788943e-07,
      0.008441346682766302,
      0.0006340524949035634
    ],
    [
      0.7653671598765147,
      0.013091176267711698,
      8.880779300302406e-05,
      0.2214528560627707
    ],
    [
      3.1546917862589264e-07,
      0.9945252539922408,
      7.543174801448229e-15,
      0.005474430538572938
    ],
    [
      0.914305445035179,
      0.0009206358541040671,
      0.00058233279037936,
      0.0841915863203377
    ],
    [
      0.012824135642505702,
      4.887209479155793e-12,
      0.9871059619315938,
      6.990242101329284e-05
    ],
    [
      2.6196295613998972e-05,
      0.3372740233887496,
      1.7431314121035564e-10,
      0.6626997801413231
    ],
    [
      0.00010160575404487582,
      0.03186682881620904,
      1.008049166288516e-08,
      0.9680315553492544
    ],
    [
      0.0005498273642273817,
      0.009661168600367571,
      1.9715658920969766e-07,
      0.9897888068788159
    ],
    [
      0.7769631940059444,
      1.874259148852083e-06,
      0.15568555320088168,
      0.06734937853402527
    ],
    [
      0.8893347547266268,
      1.5294882406602922e-05,
      0.028500700010628894,
      0.0821492503803378
    ],
    [
      0.034214951060838605,
      0.0005772202990754526,
      0.00024009830772839068,
      0.9649677303323575
    ],
    [
      0.1050791427612475,
      0.0011888298943221463,
      0.00037122123858457763,
      0.893360806105846
    ],
    [
      0.8143823306755739,
      1.359836979342221e-07,
      0.18115160364697178,
      0.0044659296937562985
    ],
    [
      0.9764013024104724,
      0.0001016096144531212,
      0.0015664176164797087,
      0.021930670358594882
    ],
    [
      2.017009961417101e-06,
      0.9660992504773926,
      2.8721265976550156e-13,
      0.03389873251235879
    ],
    [
      5.033706365552064e-07,
      0.9957314879518042,
      9.9423587459911e-15,
      0.004268008677549236
    ],
    [
      0.007132502507121719,
      1.0124754768413115e-15,
      0.9928674822437444,
      1.5249132908652757e-08
    ],
    [
      0.9960244244709964,
      2.078324822528908e-06,
      0.0032417949786850875,
      0.0007317022254961325
    ],
    [
      0.00012822267249162136,
      0.9950736449948788,
      4.12808528584628e-12,
      0.004798132328501493
    ],
    [
      0.33312050076441874,
      1.3503259638589376e-10,
      0.6668469235160461,
      3.2575584502494676e-05
    ],
    [
      0.017587092296717035,
      0.0022025155983680465,
      3.2953794524913364e-05,
      0.9801774383103901
    ],
    [
      0.996728879175858,
      2.168083996953571e-06,
      0.002656690940891458,
      0.0006122617992536084
    ],
    [
      0.049481536993378185,
      3.800181454229023e-13,
      0.9505176144638993,
      8.485423426561348e-07
    ],
    [
      2.040482668433645e-05,
      0.9222277984758639,
      7.483485275887672e-12,
      0.07775179668996815
    ],
    [
      0.028422059559634314,
      0.0003518245720819984,
      0.00031878344808380644,
      0.9709073324201999
    ],
    [
      0.526556923217489,
      1.1711809849935575e-08,
      0.4718764309691875,
      0.0015666341015134985
    ],
    [
      0.00019210043349251595,
      0.08791035909168647,
      7.113423499776644e-09,
      0.9118975333613977
    ],
    [
      5.044938335731946e-08,
      0.9995723938803555,
      1.0852227707323904e-16,
      0.00042755567026149424
    ],
    [
      0.0023551617590856903,
      0.01733446572360431,
      5.276447498867041e-07,
      0.9803098448725601
    ],
    [
      0.02251701946534823,
      0.001202548233109969,
      7.654638707710246e-05,
      0.9762038859144648
    ],
    [
      0.00015900950109774218,
      0.742253377066121,
      2.413798429138174e-10,
      0.2575876131914015
    ],
    [
      0.00014365076890156906,
      0.005631876091556555,
      7.92094483408069e-08,
      0.9942243939300937
    ],
    [
      0.94823342406641,
      0.00022296115626314057,
      0.001489226937919222,
      0.05005438783940775
    ],
    [
      0.8078929291677942,
      0.01969082482794546,
      5.079537789829567e-05,
      0.17236545062636194
    ],
    [
      2.7820745163496592e-08,
      0.9939843605071421,
      6.120243071726343e-16,
      0.006015611672111958
    ],
    [
      0.010074459486560954,
      0.15306496500376596,
      2.6654881931521777e-07,
      0.8368603089608537
    ],
    [
      0.007098214146458476,
      2.5158077614136783e-12,
      0.9928319340700861,
      6.985178093953432e-05
    ],
    [
      8.863524535884122e-07,
      0.9691320952315305,
      1.0933266777747661e-13,
      0.030867018415906843
    ],
    [
      0.36009773205347145,
      0.013361453101262548,
      9.840729647175753e-05,
      0.6264424075487943
    ],
    [
      0.10171492241218462,
      0.000320102306916369,
      0.0012711334863166974,
      0.8966938417945824
    ],
    [
      0.006374573844133738,
      0.0008938226017950386,
      2.6816566659082174e-05,
      0.9927047869874123
    ],
    [
      0.983671487659069,
      0.0037574949261227615,
      2.9725697358332458e-05,
      0.012541291717450092
    ],
    [
      0.08934839075256015,
      0.0003433304541219906,
      0.001047428024657856,
      0.9092608507686599
    ],
    [
      0.001843339161562831,
      1.830236928951096e-14,
      0.9981549066954151,
      1.7541430038974086e-06
    ],
    [
      0.007396188979076096,
      0.0005017623616756019,
      5.4753991700394935e-05,
      0.992047294667548
    ],
    [
      0.9786857539435835,
      1.1920861744681658e-07,
      0.021035229214646227,
      0.0002788976331527852
    ],
    [
      0.37414562957180547,
      2.9940534487833605e-11,
      0.6258491614632529,
      5.208935001322722e-06
    ],
    [
      2.9179448108667825e-06,
      0.9035203782047837,
      1.1567308867614196e-12,
      0.0964767038492486
    ],
    [
      0.002502860223156054,
      0.004054133151570728,
      2.305848968569795e-06,
      0.9934407007763045
    ],
    [
      0.0340670018109322,
      0.1671903701069748,
      8.640622999015777e-07,
      0.798741764019793
    ],
    [
      5.24968113440679e-08,
      0.9992629481292029,
      1.8418921740852846e-16,
      0.0007369993739854633
    ],
    [
      0.4636574194229419,
      5.169884443685627e-05,
      0.022612290798207934,
      0.5136785909344135
    ],
    [
      0.003971850691256469,
      1.4288397965013257e-13,
      0.9960217600886456,
      6.3892199548461824e-06
    ],
    [
      0.0005590736294906816,
      5.3091504331234425e-15,
      0.9994389943732879,
      1.9319972162762623e-06
    ],
    [
      0.965146105292348,
      7.409167464907086e-08,
      0.03455760649804702,
      0.0002962141179304043
    ],
    [
      0.2110609116714913,
      0.04674518496253441,
      1.9383707361225614e-05,
      0.7421745196586129
    ],
    [
      0.0006299949785758609,
      1.1876399547531254e-16,
      0.9993699771208592,
      2.7900564631926988e-08
    ],
    [
      0.03821549648537204,
      2.8517922736536642e-12,
      0.9617742253496676,
      1.0278162108560024e-05
    ],
    [
      0.0015016245824520074,
      0.002020129387697257,
      2.6171711485986038e-06,
      0.9964756288587023
    ],
    [
      0.9211995234851863,
      3.3831305287750415e-08,
      0.07846327020273816,
      0.0003371724807703183
    ],
    [
      0.00498167420638047,
      1.3560779413663896e-14,
      0.9950179410387695,
      3.847548363818288e-07
    ],
    [
      0.020615069038606684,
      2.505047324712842e-13,
      0.9793833330254011,
      1.5979357415579899e-06
    ],
    [
      1.4080904523398785e-05,
      0.3715476441685248,
      7.799032519097693e-11,
      0.6284382748489614
    ],
    [
      0.012950621804698807,
      3.0683536516575324e-14,
      0.9870490854247882,
      2.927704824585119e-07
    ],
    [
      0.8797439696056095,
      3.1770998568164535e-08,
      0.11972153632198773,
      0.0005344623014042549
    ],
    [
      0.0043774751505169605,
      0.0016716779773779551,
      9.834929278592052e-06,
      0.9939410119428266
    ],
    [
      0.02448119519260488,
      0.04231932130165038,
      2.615111569085759e-06,
      0.9331968683941757
    ],
    [
      0.987255488181344,
      1.9452132724121396e-07,
      0.012483547904147954,
      0.00026076939318097237
    ],
    [
      4.0664111156736186e-08,
      0.9994402600694354,
      1.0961808420362071e-16,
      0.0005596992664533646
    ],
    [
      0.9172649806509512,
      4.693080501820206e-06,
      0.04539713333162966,
      0.03733319293691733
    ],
    [
      0.20973570773883715,
      1.8083121631223368e-13,
      0.7902642372759,
      5.4985082194090816e-08
    ],
    [
      0.9722931416868418,
      0.00045553198734026614,
      0.0004405376026091795,
      0.026810788723208884
    ],
    [
      0.03923003361955101,
      1.891834022116133e-12,
      0.9607635730221205,
      6.393356436723154e-06
    ],
    [
      0.033677593849024474,
      0.45957154240218884,
      2.1491777171688865e-07,
      0.506750648831015
    ],
    [
      0.09495276376133742,
      0.06905043514545471,
      6.304968754536322e-06,
      0.8359904961244532
    ],
    [
      0.8986088469954348,
      8.039054573309536e-06,
      0.040781025471221886,
      0.06060208847877011
    ],
    [
      0.6823429772005444,
      0.010547453591086654,
      0.00012943224166302248,
      0.3069801369667061
    ],
    [
      0.0026468552451517123,
      3.1929681234601475e-14,
      0.9973510749046837,
      2.069850132895349e-06
    ],
    [
      4.771031352848858e-07,
      0.9997764959697988,
      6.704326103333733e-16,
      0.00022302692706511478
    ],
    [
      0.9912575514751281,
      1.8898751504025558e-05,
      0.0025785658122470198,
      0.0061449839611209915
    ],
    [
      0.8805345642321755,
      9.753597704401731e-05,
      0.00630915924211254,
      0.1130587405486678
    ],
    [
      0.8516555815531418,
      1.060185102758155e-06,
      0.12321332653782857,
      0.025130031723927044
    ],
    [
      0.19335463402096442,
      0.12433863290515784,
      6.388132387329667e-06,
      0.6823003449414905
    ],
    [
      0.008589668227489192,
      2.2039733330502292e-13,
      0.9914063058545599,
      4.0259177304178545e-06
    ],
    [
      0.9053855807847159,
      5.139673496901614e-06,
      0.049025443286919546,
      0.045583836254867616
    ],
    [
      1.9391894678666337e-06,
      0.9548752661339011,
      3.5951977940468126e-13,
      0.04512279467627153
    ],
    [
      0.01876296566760489,
      0.22284112662687816,
      3.307007692561761e-07,
      0.7583955770047476
    ],
    [
      0.9297884794694897,
      6.446005408845614e-09,
      0.0701622190791074,
      4.929500539727438e-05
    ],
    [
      0.22162268978557448,
      0.06361381566635234,
      1.468146156342055e-05,
      0.7147488130865098
    ],
    [
      0.15392526262220627,
      0.06478995061157512,
      1.0577067674541595e-05,
      0.7812742096985441
    ],
    [
      1.1546164495292127e-07,
      0.9991741660662147,
      4.735559680222077e-16,
      0.0008257184721401878
    ],
    [
      6.546026779298913e-05,
      0.08177679630914059,
      2.4268586454111382e-09,
      0.9181577409962077
    ],
    [
      0.030438613590576175,
      0.13394463199444917,
      9.871588150031336e-07,
      0.8356157672561597
    ],
    [
      0.0002879355138585108,
      2.3799514573736874e-18,
      0.9997120634311647,
      1.0549769536380372e-09
    ],
    [
      0.0004719050215454258,
      0.14496215341764096,
      1.0845722805975115e-08,
      0.8545659307150907
    ],
    [
      0.32939830976865614,
      0.023439940431756064,
      5.362768510881163e-05,
      0.6471081221144791
    ],
    [
      0.7303343197735237,
      1.2172740996231576e-10,
      0.26966155223862764,
      4.127866121119338e-06
    ],
    [
      0.0037334957296116813,
      0.0015995022031327641,
      8.661667539121157e-06,
      0.9946583403997165
    ],
    [
      2.60637738552234e-05,
      0.8134269474262,
      2.3965195853694457e-11,
      0.18654698877597958
    ],
    [
      0.577944834844116,
      0.037501188766339705,
      3.9106883052110805e-05,
      0.3845148695064922
    ],
    [
      4.65103181461748e-06,
      0.9822368862761539,
      3.877318680556052e-13,
      0.017758462691643793
    ],
    [
      5.519754811697197e-07,
      0.9987169029981654,
      3.739565968495409e-15,
      0.0012825450263495766
    ],
    [
      0.14842139779526045,
      0.04525078911160792,
      1.4779542381032436e-05,
      0.8063130335507505
    ],
    [
      0.2048033763762879,
      0.09302994890955117,
      9.213314218440446e-06,
      0.7021574613999423
    ],
    [
      3.600786540034436e-06,
      0.9806363825388202,
      3.190452591405632e-13,
      0.01936001667432088
    ],
    [
      0.7707853966223379,
      4.971541842099512e-10,
      0.22919991086405486,
      1.4692016453167956e-05
    ],
    [
      0.026742204257236214,
      0.4563744212152782,
      1.7210450638442723e-07,
      0.5168832024229792
    ],
    [
      0.9448694029257055,
      2.727779881407437e-08,
      0.05495650904676033,
      0.00017406074973537878
    ],
    [
      0.0004264028336625908,
      0.9465738924743637,
      1.3367452447467216e-10,
      0.05299970455829908
    ],
    [
      0.990006735785109,
      2.5359825555498637e-08,
      0.00997074365971386,
      2.2495195351854123e-05
    ],
    [
      0.9857677571775009,
      2.5510797763652864e-08,
      0.01419840864123732,
      3.380867046421807e-05
    ],
    [
      0.01667746078796313,
      4.759339952056919e-14,
      0.9833221936116086,
      3.456003807386405e-07
    ],
    [
      0.00022043132119804463,
      0.006579441537044342,
      1.0770520797252045e-07,
      0.9932000194365499
    ],
    [
      0.10151655703024533,
      3.0572871156527142e-12,
      0.898480256727504,
      3.1862391935472153e-06
    ],
    [
      0.7805822430343791,
      4.583076996772853e-09,
      0.21926695443458213,
      0.00015079794796171774
    ],
    [
      0.00046015865818537047,
      0.012918216837978903,
      1.2288825120443851e-07,
      0.9866215016155845
    ],
    [
      0.0004179590174860027,
      0.1517194109198051,
      9.053139635552641e-09,
      0.8478626210095692
    ],
    [
      0.007226979935054324,
      1.790147153889003e-14,
      0.9927726885166934,
      3.315482344271787e-07
    ],
    [
      5.194388483003896e-06,
      0.660909878794266,
      8.893631415793678e-12,
      0.33908492680835733
    ],
    [
      0.6040983652709964,
      1.5779620591187522e-06,
      0.26100302938334713,
      0.13489702738359738
    ],
    [
      8.188563039572027e-08,
      0.9925418746421647,
      2.3550768867506143e-15,
      0.007458043472202535
    ],
    [
      0.9019590209379496,
      1.699191826281871e-08,
      0.09783016064625948,
      0.0002108014238728058
    ],
    [
      6.263639443502238e-05,
      0.04473328974184958,
      4.285205012243898e-09,
      0.9552040695785103
    ],
    [
      0.9908309771631514,
      3.675825684294185e-05,
      0.001625013179051535,
      0.007507251400954233
    ],
    [
      0.02247908113442484,
      1.0008309979368458e-12,
      0.9775145247567752,
      6.394107799124394e-06
    ],
    [
      0.11335342341147682,
      8.680058695038269e-13,
      0.8866458681874806,
      7.084001746333192e-07
    ],
    [
      1.1404115825362936e-06,
      0.9991942534812136,
      5.355170415303573e-15,
      0.0008046061071985592
    ],
    [
      0.00018177116873868988,
      0.03803962187133137,
      1.5742542727237753e-08,
      0.9617785912173872
    ],
    [
      4.0326063916573274e-05,
      0.41073284988653136,
      2.0594045737634033e-10,
      0.5892268238436117
    ],
    [
      0.6933825466520963,
      2.466690207133848e-07,
      0.28924558291718494,
      0.017371623761697853
    ],
    [
      0.9512027365219239,
      7.859673366142203e-09,
      0.048757743817918135,
      3.951180048458421e-05
    ],
    [
      0.0009341250992858118,
      1.844379635019448e-14,
      0.9990618790977259,
      3.9958029700466905e-06
    ],
    [
      0.6689333304007093,
      4.805189300718372e-10,
      0.3310413362690913,
      2.5332849680542045e-05
    ],
    [
      0.9403083124014077,
      0.0014150843775186373,
      0.0002844597477149445,
      0.057992143473358675
    ],
    [
      0.4162272065790367,
      1.6648045855667964e-11,
      0.5837705401398319,
      2.253264483472187e-06
    ],
    [
      9.563691235732306e-05,
      0.012881139196150774,
      2.29811451760812e-08,
      0.9870232009103468
    ],
    [
      1.1108289992278492e-06,
      0.9804234146978777,
      9.16514844740928e-14,
      0.019575474473031505
    ],
    [
      0.9854195715158075,
      0.0002881211509560752,
      0.00038640335734190824,
      0.013905903975894614
    ],
    [
      0.0011690731847323057,
      1.5561350409679236e-13,
      0.9988005333516515,
      3.0393463461108936e-05
    ],
    [
      0.031922585533559075,
      9.93710349403548e-15,
      0.9680773856053904,
      2.886104073520941e-08
    ],
    [
      0.24180574275301456,
      3.999294348583242e-12,
      0.7581930126489003,
      1.244594085857927e-06
    ],
    [
      0.03954266686698022,
      4.3799553758414935e-12,
      0.9604416915102313,
      1.5641618408597234e-05
    ],
    [
      0.06041934632551189,
      5.252929833268401e-12,
      0.9395694804867912,
      1.1173182443918674e-05
    ],
    [
      0.5880669226813892,
      0.001074310801173836,
      0.0012859003934742623,
      0.40957286612396293
    ],
    [
      5.7877763146859655e-06,
      0.9949761568658303,
      1.5653319260142126e-13,
      0.005018055357698174
    ],
    [
      0.0004960655313959664,
      0.0060015892681753915,
      2.801605097289025e-07,
      0.993502065039919
    ],
    [
      0.7538903597239596,
      1.7520237610917173e-08,
      0.2453533374117367,
      0.0007562853440661495
    ],
    [
      0.9486089764654242,
      5.878425133808792e-09,
      0.05136029067094295,
      3.072698520763372e-05
    ],
    [
      0.0017867361036295866,
      0.0008006996454084927,
      7.68399876663108e-06,
      0.9974048802521954
    ],
    [
      0.20743244448915554,
      3.8821745909122425e-05,
      0.018183953915726532,
      0.7743447798492087
    ],
    [
      0.9314763569522233,
      7.465231973287532e-05,
      0.005161901853933721,
      0.06328708887410998
    ],
    [
      2.6424196459274097e-05,
      0.016758717231771785,
      4.4940490659531835e-09,
      0.98321485407772
    ],
    [
      6.492336630792739e-05,
      0.5091883964983305,
      2.366852808910348e-10,
      0.4907466798986762
    ],
    [
      0.009900201249209092,
      1.6415879554842446e-13,
      0.9900973297655201,
      2.4689851068627356e-06
    ],
    [
      0.000723539710445451,
      0.007785834734620116,
      3.259382939791587e-07,
      0.9914902996166407
    ],
    [
      0.000327610508612863,
      3.632461216176649e-16,
      0.9996721858038993,
      2.0368748775003845e-07
    ],
    [
      2.2089383679081353e-05,
      0.13894672408325054,
      4.307272275541945e-10,
      0.8610311861023432
    ],
    [
      0.8721417229087919,
      1.3464452991717997e-05,
      0.035147391085517975,
      0.0926974215526984
    ],
    [
      0.4441721554526888,
      0.16216917848502735,
      7.3671853552671735e-06,
      0.39365129887692846
    ],
    [
      0.019881267028200634,
      5.873243849962516e-14,
      0.980118383016567,
      3.499551736527842e-07
    ],
    [
      0.8760661134833143,
      8.16035712524192e-09,
      0.12380495408701735,
      0.00012892426931117543
    ],
    [
      0.00029463706213123716,
      0.014490125729440473,
      6.82274950028013e-08,
      0.9852151689809333
    ],
    [
      0.0013207290306105086,
      3.602487305039065e-15,
      0.9986788169348134,
      4.5403457267079044e-07
    ],
    [
      2.4394512645202947e-05,
      0.9422676647723768,
      6.798965843413103e-12,
      0.057707940708179056
    ],
    [
      0.7607244340376391,
      9.280273947281752e-06,
      0.07313994182206514,
      0.16612634386634834
    ],
    [
      0.8013405387037803,
      0.004850753263161886,
      0.00021501258207215078,
      0.1935936954509858
    ],
    [
      0.9730305786143656,
      4.3817793352684686e-08,
      0.026843856703125075,
      0.0001255208647161626
    ],
    [
      0.9867429316437863,
      1.8677075188667464e-05,
      0.0038052628875144844,
      0.00943312839351069
    ],
    [
      7.478643271305903e-08,
      0.9944332542304073,
      1.6431503019416713e-15,
      0.005566670983158404
    ],
    [
      0.24517284720898608,
      0.03756600438274258,
      2.7232712328188747e-05,
      0.7172339156959434
    ],
    [
      4.464156818961486e-05,
      0.025767327447308516,
      5.161957388266847e-09,
      0.9741880258225447
    ],
    [
      0.002198943433282732,
      0.0011044750159574389,
      7.035774511606642e-06,
      0.9966895457762482
    ],
    [
      0.005549892200062436,
      0.0030834249886480935,
      7.017083411053829e-06,
      0.9913596657278786
    ],
    [
      0.5190574848886808,
      1.0954961324261104e-10,
      0.4809319126436459,
      1.0602358123654644e-05
    ],
    [
      0.7867958111762182,
      1.5226650883226183e-09,
      0.21316004142245906,
      4.414587865752041e-05
    ],
    [
      0.02397551680293585,
      6.033472239354773e-14,
      0.9760241966550797,
      2.865419242269002e-07
    ],
    [
      1.2892396076152793e-06,
      0.2082796912027419,
      1.2980486303667313e-11,
      0.7917190195446698
    ],
    [
      0.017790944137450724,
      2.9583379341661265e-14,
      0.9822088644776498,
      1.9138487024400234e-07
    ],
    [
      1.3139064182948636e-06,
      0.9707556476121995,
      1.5844603703211863e-13,
      0.029243038481224115
    ],
    [
      0.003868213578926889,
      0.2204693724479018,
      6.30066465342186e-08,
      0.7756623509665247
    ],
    [
      7.150654203983318e-06,
      0.17670236434019818,
      9.832192479670979e-11,
      0.8232904849072757
    ],
    [
      0.9949063821308176,
      8.958723582987071e-05,
      0.00044384816292156404,
      0.004560182470431051
    ],
    [
      0.9969875703888104,
      2.749212676647096e-06,
      0.002327872979355525,
      0.0006818074191574871
    ],
    [
      0.9142191877392647,
      0.003942897713211527,
      0.000139860572721063,
      0.0816980539748028
    ],
    [
      0.03150114726726852,
      0.0004831408701204647,
      0.00026150020067965894,
      0.9677542116619312
    ],
    [
      0.10506481549870501,
      3.9905922221787815e-13,
      0.8949348451473981,
      3.393534978750854e-07
    ],
    [
      1.5648213667918172e-06,
      0.9964300161565741,
      2.847343266379442e-14,
      0.0035684190220309137
    ],
    [
      0.28225368401441114,
      0.00016723618894319315,
      0.005752525411409337,
      0.7118265543852362
    ],
    [
      5.556920863843734e-07,
      0.9978261119485844,
      6.0370867670243364e-15,
      0.0021733323593233025
    ],
    [
      0.011544471690354705,
      1.7523025954420302e-13,
      0.9884533287062698,
      2.199603200258212e-06
    ],
    [
      0.03407761917477491,
      0.00013558499754388873,
      0.0009632483013563356,
      0.964823547526325
    ],
    [
      2.7630888144430674e-06,
      0.8423620689108141,
      1.8096123323007338e-12,
      0.15763516799856164
    ],
    [
      0.6151554588546794,
      1.1940820374871844e-09,
      0.38475615655729223,
      8.838339394642024e-05
    ],
    [
      0.00015584313943753304,
      0.02713228574307736,
      1.8671571590793198e-08,
      0.9727118524459135
    ],
    [
      0.20074037626446128,
      4.977430790931905e-11,
      0.7992346573820988,
      2.4966303665623477e-05
    ],
    [
      1.9459644451080007e-06,
      0.9940518894993925,
      5.684152648313995e-14,
      0.005946164536105539
    ],
    [
      0.6532523727290718,
      7.733008274902585e-06,
      0.10394213190936566,
      0.24279776235328787
    ],
    [
      0.8792380929911712,
      9.05836992320923e-09,
      0.12062237582769102,
      0.00013952212276782382
    ],
    [
      0.0004160173125026365,
      0.07801248727227261,
      1.840287959322089e-08,
      0.9215714770123451
    ],
    [
      0.9817368534013082,
      1.9051825027043331e-07,
      0.017879102634591814,
      0.0003838534458497306
    ],
    [
      0.8753017194319173,
      1.9291503432602943e-09,
      0.12467078128676345,
      2.7497352169073774e-05
    ],
    [
      0.006990976237678924,
      1.0931272442565731e-13,
      0.9930065993223404,
      2.424439871662478e-06
    ],
    [
      3.558903948140026e-07,
      0.9953857380579301,
      7.359717889071241e-15,
      0.004613906051668115
    ],
    [
      0.9926969909182072,
      1.9518846229205434e-06,
      0.0059465228830546234,
      0.0013545343141154096
    ],
    [
      5.5502886084562765e-06,
      0.6368270531008989,
      1.0518839320679551e-11,
      0.36316739659997377
    ],
    [
      0.5290540388858448,
      1.607023352291869e-10,
      0.4709306652553328,
      1.5295698120120915e-05
    ],
    [
      0.05395662218357699,
      1.6948277096348007e-12,
      0.9460395671898703,
      3.810624857833807e-06
    ],
    [
      0.007949865110723294,
      2.7212937346103344e-14,
      0.9920496708047148,
      4.6408453478558054e-07
    ],
    [
      0.011052084460967301,
      6.89392445107281e-12,
      0.9888266709819905,
      0.00012124455014841819
    ],
    [
      0.0014815509713488073,
      0.0006519197897154804,
      7.667981997847285e-06,
      0.9978588612569379
    ],
    [
      0.4370990046010382,
      0.0004501102593145301,
      0.0028572710779994053,
      0.559593614061648
    ],
    [
      2.7432378717970417e-05,
      0.01386051604642941,
      5.629896258273613e-09,
      0.9861120459449567
    ],
    [
      1.6495036120878428e-05,
      0.4076527042191759,
      8.013552234529992e-11,
      0.5923308006645677
    ],
    [
      0.0017309605066314318,
      0.02839859397251452,
      2.338537952238793e-07,
      0.9698702116670589
    ],
    [
      0.057943725315031086,
      0.0003083734965132148,
      0.0007536987315603104,
      0.9409942024568952
    ],
    [
      0.9214536269127998,
      1.535805202287789e-09,
      0.0785343189990581,
      1.2052552336947263e-05
    ],
    [
      0.2156585805661821,
      0.000623815487604813,
      0.001322832508785215,
      0.782394771437428
    ],
    [
      0.00015466759647699,
      2.0596631669541717e-18,
      0.9998453305030369,
      1.9004861001363602e-09
    ],
    [
      2.7203135663227255e-05,
      0.8089683505382962,
      2.575738382529454e-11,
      0.19100444630028315
    ],
    [
      0.0058128841529617396,
      4.975008839467101e-14,
      0.9941858193010243,
      1.2965459641232103e-06
    ],
    [
      0.9271910116238911,
      1.2971007023421407e-08,
      0.07269964080463237,
      0.00010933460046956901
    ],
    [
      2.5419628050717776e-06,
      0.8370675900575768,
      1.7151342426098602e-12,
      0.16292986797790301
    ],
    [
      0.6729873759844894,
      1.0473350350096325e-06,
      0.25330932844520665,
      0.07370224823526919
    ],
    [
      5.144367816884021e-06,
      0.9398606460949445,
      1.3388858014801872e-12,
      0.06013420953589978
    ],
    [
      5.187231696478766e-06,
      0.07149534892669773,
      1.854772890008863e-10,
      0.9284994636561281
    ],
    [
      0.5379027799743498,
      1.98977315875747e-06,
      0.26212670826184153,
      0.19996852199064985
    ],
    [
      0.0010584689790978843,
      0.017472506112182176,
      2.2289799765375258e-07,
      0.9814688020107224
    ],
    [
      0.6738581542876165,
