{
  "dataset": "moons",
  "algorithm": "gmm",
  "params": {
    "n_components": 5,
    "covariance_type": "tied"
  },
  "labels": [
    3,
    0,
    1,
    4,
    4,
    1,
    1,
    4,
    0,
    1,
    3,
    2,
    1,
    0,
    1,
    1,
    1,
    0,
    3,
    1,
    1,
    1,
    0,
    3,
    0,
    1,
    1,
    2,
    4,
    3,
    1,
    3,
    1,
    2,
    3,
    3,
    1,
    0,
    2,
    0,
    1,
    4,
    1,
    2,
    3,
    0,
    3,
    3,
    1,
    3,
    4,
    2,
    4,
    1,
    2,
    0,
    4,
    3,
    2,
    4,
    1,
    0,
    3,
    1,
    4,
    0,
    1,
    0,
    2,
    1,
    3,
    3,
    0,
    0,
    3,
    3,
    4,
    0,
    1,
    1,
    2,
    4,
    1,
    2,
    3,
    4,
    2,
    1,
    3,
    4,
    1,
    1,
    3,
    3,
    1,
    3,
    0,
    0,
    1,
    3,
    2,
    1,
    0,
    0,
    3,
    0,
    3,
    2,
    3,
    4,
    2,
    1,
    3,
    3,
    1,
    0,
    2,
    2,
    4,
    3,
    2,
    2,
    3,
    4,
    2,
    2,
    1,
    2,
    4,
    3,
    3,
    4,
    1,
    0,
    2,
    0,
    2,
    3,
    3,
    0,
    0,
    2,
    1,
    0,
    0,
    0,
    3,
    2,
    0,
    1,
    3,
    4,
    3,
    3,
    1,
    1,
    3,
    2,
    3,
    0,
    4,
    3,
    1,
    0,
    1,
    1,
    3,
    3,
    1,
    4,
    3,
    4,
    1,
    4,
    4,
    2,
    3,
    2,
    4,
    3,
    1,
    2,
    1,
    0,
    1,
    4,
    1,
    0,
    2,
    2,
    1,
    3,
    1,
    0,
    4,
    2,
    4,
    0,
    2,
    3,
    1,
    0,
    2,
    2,
    2,
    2,
    2,
    0,
    1,
    3,
    4,
    4,
    3,
    0,
    0,
    1,
    1,
    2,
    3,
    2,
    1,
    0,
    0,
    2,
    4,
    3,
    2,
    1,
    0,
    0,
    4,
    0,
    1,
    3,
    1,
    3,
    3,
    2,
    4,
    2,
    1,
    2,
    1,
    3,
    1,
    0,
    4,
    0,
    3,
    2,
    1,
    0,
    1,
    2,
    3,
    1,
    4,
    3,
    2,
    1,
    0,
    4,
    3,
    4,
    4,
    2,
    1,
    4,
    1,
    2,
    2,
    2,
    2,
    3,
    0,
    1,
    1,
    3,
    3,
    4,
    0,
    2,
    1,
    2,
    4,
    1,
    0,
    1,
    1,
    0,
    3,
    0,
    1,
    3,
    4,
    2,
    0,
    1,
    1,
    1,
    1,
    2,
    0,
    2,
    4,
    2,
    0,
    2,
    4,
    4,
    3,
    2,
    1,
    1,
    4,
    0,
    1,
    4,
    1,
    3,
    4,
    1,
    0,
    1,
    0,
    0,
    0,
    2,
    2,
    1,
    4,
    3,
    0,
    3,
    2,
    2,
    1,
    3,
    2,
    0,
    0,
    2,
    1,
    1,
    2,
    3,
    1,
    1,
    2,
    0,
    0,
    1,
    3,
    0,
    1,
    4,
    2,
    1,
    2,
    2,
    4,
    0,
    2,
    0,
    0,
    3,
    0,
    3,
    2,
    1,
    0,
    1,
    2,
    0,
    0,
    4,
    1,
    4,
    0,
    4,
    4,
    1,
    3,
    3,
    1,
    4,
    0,
    3,
    2,
    3,
    1,
    1,
    1,
    2,
    0,
    1,
    1,
    3,
    2,
    2,
    2,
    3,
    1,
    4,
    1,
    1,
    3,
    3,
    0,
    2,
    2,
    0,
    2,
    1,
    2,
    3,
    0,
    0,
    0,
    1,
    3,
    1,
    1,
    0,
    1,
    0,
    2,
    0,
    4,
    1,
    3,
    4,
    3,
    1,
    0,
    3,
    0,
    2,
    0,
    3,
    0,
    1,
    0,
    2,
    3,
    1,
    4,
    3,
    1,
    3,
    2,
    0,
    3,
    0,
    1,
    2,
    1,
    2,
    1,
    2,
    2,
    0,
    0,
    3,
    2,
    4,
    3,
    0,
    1,
    2,
    0,
    1,
    2,
    1,
    0,
    1,
    3,
    0,
    0,
    2,
    4,
    4,
    3,
    4,
    1,
    0,
    1,
    3,
    2,
    1,
    4,
    1,
    3,
    2,
    4,
    4,
    0,
    3,
    1,
    4
  ],
  "means": [
    {
      "x": 0.44099092842162985,
      "y": 0.3987274634480219
    },
    {
      "x": 1.6456769912157725,
      "y": -0.13784137511502947
    },
    {
      "x": -0.740995729287355,
      "y": 0.5763048643828196
    },
    {
      "x": 0.7214118517204663,
      "y": -0.19148395427902426
    },
    {
      "x": 0.03803344899639437,
      "y": 0.9186576131964798
    }
  ],
  "probabilities": [
    [
      0.00016596030791174598,
      0.03509091520418261,
      8.4757699070902e-20,
      0.9647431244877422,
      1.6348536649251985e-13
    ],
    [
      0.9948829869537975,
      4.112184428801598e-09,
      2.1816934159876296e-08,
      0.0027286214669501783,
      0.0023883656501340867
    ],
    [
      5.501470123994851e-07,
      0.811415173955755,
      2.159025588880873e-25,
      0.18858427589723248,
      6.418322963345001e-18
    ],
    [
      4.397173289175207e-05,
      1.8120426045002865e-27,
      0.39179319995690104,
      9.620344818376348e-14,
      0.6081628283101109
    ],
    [
      0.004708104292301553,
      4.7794927451481785e-21,
      0.004692820099742028,
      3.250183601257346e-10,
      0.9905990752829379
    ],
    [
      1.701915167492453e-09,
      0.9919678369896866,
      4.75918997707919e-30,
      0.00803216130839833,
      1.09212765592137e-21
    ],
    [
      5.883673695984459e-06,
      0.6040689577598127,
      1.48181648513509e-23,
      0.39592515856649096,
      3.498904407181764e-16
    ],
    [
      0.00033500521255560884,
      9.1569886607646e-25,
      0.05927322708754436,
      2.528651768799015e-12,
      0.9403917676973714
    ],
    [
      0.9897779074938412,
      6.828118518558066e-11,
      1.2308548537540876e-06,
      0.0010783283808318293,
      0.009142533202192065
    ],
    [
      1.668935040679874e-12,
      0.9999365587861475,
      7.369928587609075e-36,
      6.344121218337463e-05,
      7.453465850005798e-26
    ],
    [
      0.004272478564127395,
      0.012786664170825187,
      2.656077702132482e-17,
      0.9829408571751096,
      8.993798308560617e-11
    ],
    [
      0.00010273881802866898,
      2.5611154391013816e-26,
      0.8507086468574592,
      3.2672173286234566e-12,
      0.14918861432124517
    ],
    [
      5.4515996364150266e-14,
      0.999975682294353,
      2.9250852651950554e-38,
      2.4317705592439912e-05,
      2.2908328517306483e-28
    ],
    [
      0.5019907657875341,
      3.271623494441529e-15,
      0.0011053022771954754,
      7.352928337145138e-06,
      0.49689657900693
    ],
    [
      4.1195446997197945e-09,
      0.986863825835851,
      2.3990886200190346e-29,
      0.013136170044604316,
      4.075366794490726e-21
    ],
    [
      3.4342899452901772e-09,
      0.9878431562102753,
      1.750797356808478e-29,
      0.012156840355434866,
      3.054359866916847e-21
    ],
    [
      2.0071794906778655e-09,
      0.9995712821045177,
      6.610204497477968e-31,
      0.0004287158883026184,
      1.2727005028847717e-20
    ],
    [
      0.5703794140760908,
      5.156617829335392e-05,
      8.130169061970301e-12,
      0.42956465791395737,
      4.36182352809067e-06
    ],
    [
      0.000447582492375351,
      0.002857493899196249,
      6.358233299299893e-18,
      0.9966949236068479,
      1.580555745031448e-12
    ],
    [
      3.74184647309151e-12,
      0.9998741912594729,
      3.831865470520912e-35,
      0.00012580873678540253,
      2.087280420542866e-25
    ],
    [
      1.581556286975798e-09,
      0.9995268682357713,
      5.0912264291139696e-31,
      0.0004731301826723827,
      7.536734964916585e-21
    ],
    [
      8.77453915920411e-11,
      0.9999431968579104,
      1.7812943424339103e-33,
      5.680305434432286e-05,
      1.4784835464124334e-22
    ],
    [
      0.7831816602833481,
      4.151687041188376e-15,
      0.008727454173151671,
      7.254711900919961e-05,
      0.20801833842448697
    ],
    [
      6.22203110802748e-05,
      0.13270343951918412,
      4.234856781529549e-21,
      0.8672343401697136,
      2.2117050325833326e-14
    ],
    [
      0.9792836393266632,
      1.1729086133971361e-11,
      5.434017715051815e-06,
      0.0005276733575416758,
      0.020183253286351108
    ],
    [
      2.5956840957117398e-06,
      0.9838962164377791,
      2.4184237118771173e-25,
      0.01610118787812453,
      7.127538238761068e-16
    ],
    [
      3.703104555409365e-07,
      0.9903855775953145,
      1.0552667756002824e-26,
      0.009614052094230247,
      2.5884527777113862e-17
    ],
    [
      5.352777173103867e-07,
      2.184579336795359e-31,
      0.9841479476384356,
      1.1652299621255853e-15,
      0.015851517083845936
    ],
    [
      0.0009416658881306329,
      3.576806768967808e-23,
      0.01405784748291446,
      1.517845335082223e-11,
      0.9850004866137765
    ],
    [
      0.024009245789720978,
      3.656786822806416e-05,
      2.6037441317882645e-13,
      0.9759541801025131,
      6.239277356336512e-09
    ],
    [
      3.84627165146174e-12,
      0.9999690388091637,
      1.3919805774329496e-35,
      3.096118698992439e-05,
      6.133988760306066e-25
    ],
    [
      0.06969407210924061,
      9.591105097448226e-06,
      5.277116054113046e-12,
      0.9302962760769038,
      6.070348107673084e-08
    ],
    [
      3.025314938622756e-14,
      0.999996332264403,
      3.094568942220186e-39,
      3.6677355667469515e-06,
      2.993674814413278e-28
    ],
    [
      4.9320142302198e-07,
      5.954000429553622e-32,
      0.9313507145768807,
      1.701952465821214e-16,
      0.06864879222169631
    ],
    [
      0.048361032377379855,
      0.0014481604411261235,
      9.727157859281148e-15,
      0.950190794063013,
      1.3118471325604302e-08
    ],
    [
      0.0013743389817618891,
      0.00040909774668658775,
      2.913424518918531e-16,
      0.9982165632533287,
      1.8222662330226697e-11
    ],
    [
      2.2131777817154793e-07,
      0.9120784010825372,
      2.958642958948997e-26,
      0.08792137759968467,
      1.958078495386905e-18
    ],
    [
      0.9938466130779168,
      8.144527982876549e-10,
      9.660744397496637e-08,
      0.0016397078513993653,
      0.004513581648787405
    ],
    [
      1.2057425484810886e-08,
      3.8174968877045916e-35,
      0.9953573391540819,
      2.3443803165367208e-18,
      0.004642648788492488
    ],
    [
      0.9847689106201439,
      7.56810826968209e-11,
      6.497155467489361e-07,
      0.000544093911382438,
      0.014686345677246
    ],
    [
      3.9288345929622804e-11,
      0.9986097624060623,
      6.339148059793606e-33,
      0.0013902375546494912,
      3.106423511106407e-24
    ],
    [
      0.007406099274882334,
      3.012294077978757e-21,
      0.04107791335892227,
      1.2319031903254344e-09,
      0.9515159861342921
    ],
    [
      5.923889181468785e-07,
      0.9910548429264393,
      1.9336704021425995e-26,
      0.008944564684642333,
      6.649017962478551e-17
    ],
    [
      1.0280192402385421e-06,
      9.212676062177267e-31,
      0.9790606926519165,
      3.128600680391834e-15,
      0.020938279328840202
    ],
    [
      0.14475745945881893,
      0.0002066013262313032,
      3.9846354100542056e-13,
      0.8550357832762135,
      1.559383377209263e-07
    ],
    [
      0.9872046666488731,
      1.5470620813200054e-10,
      3.076029444259664e-07,
      0.0006014292164928572,
      0.012193596376983378
    ],
    [
      0.002346218971278188,
      0.035969944089515635,
      3.4043422938301367e-18,
      0.9616838369144528,
      2.475339545029381e-11
    ],
    [
      0.0321073715961882,
      0.006214136819877998,
      1.0250726013858231e-15,
      0.9616784868746129,
      4.709320130150153e-09
    ],
    [
      1.0822676862409514e-11,
      0.9994467929503462,
      5.180109560522069e-34,
      0.0005532070388311156,
      5.290253351217881e-25
    ],
    [
      0.3164352433667042,
      8.335812830383062e-05,
      2.88754813911946e-12,
      0.6834804593376461,
      9.391644583209792e-07
    ],
    [
      0.02723955575180949,
      2.761379318343757e-19,
      0.008010509695018177,
      1.2812885507253628e-08,
      0.9647499217402866
    ],
    [
      8.358686730529304e-11,
      2.9818876369377247e-40,
      0.998384588519356,
      3.5327911575339427e-22,
      0.0016154113970572826
    ],
    [
      0.00011813127892918896,
      2.800251926516383e-26,
      0.22214482934303836,
      4.81383655712725e-13,
      0.777737039377551
    ],
    [
      3.746564395238926e-09,
      0.992187459105956,
      1.4131632890427592e-29,
      0.007812537147479662,
      4.974664207656562e-21
    ],
    [
      7.511063564837253e-08,
      2.024394026361395e-33,
      0.9890970377464187,
      3.426315219732768e-17,
      0.010902887142945796
    ],
    [
      0.9332467835452023,
      3.046565957798843e-12,
      8.104522446701709e-06,
      0.00012323100961503586,
      0.06662188091968925
    ],
    [
      3.038323568937617e-05,
      6.898132095988962e-28,
      0.46902350760465483,
      5.519814971167377e-14,
      0.5309461091596006
    ],
    [
      0.13906389003545866,
      0.00023932687137741393,
      3.1932789363023876e-13,
      0.8606966427035919,
      1.4038925256379388e-07
    ],
    [
      1.0280156711878552e-08,
      3.51870442594665e-35,
      0.9969414689336457,
      2.7941546435218375e-18,
      0.0030585207861978294
    ],
    [
      0.03930291498227098,
      1.5905579921468122e-18,
      0.0027116772694302537,
      2.2582138868727404e-08,
      0.95798538516616
    ],
    [
      6.782625804781361e-09,
      0.9989034756119449,
      7.409781471206685e-30,
      0.0010965176054293314,
      6.440375916302702e-20
    ],
    [
      0.5745967800403685,
      5.105743429030145e-16,
      0.025380308522017298,
      2.129340145663432e-05,
      0.4000016180361574
    ],
    [
      0.10596097582590766,
      6.792411322652396e-06,
      1.3753968062248134e-11,
      0.8940320853971391,
      1.4635187649795594e-07
    ],
    [
      3.615689540738858e-11,
      0.9998776221697797,
      9.106933058610821e-34,
      0.00012237779406343185,
      1.5702608609251923e-23
    ],
    [
      0.09364945287383906,
      1.3606207691827654e-17,
      0.0030759756402047246,
      1.434047802942893e-07,
      0.903274428081176
    ],
    [
      0.9353130764051799,
      7.983532593397814e-07,
      4.865671157153866e-10,
      0.06459779745680316,
      8.832729819050355e-05
    ],
    [
      8.366549386658203e-13,
      0.9999802108859308,
      1.1653920234845935e-36,
      1.9789113232414483e-05,
      4.720493016912502e-26
    ],
    [
      0.9926034321850001,
      2.6583806141595076e-09,
      6.46190252992525e-08,
      0.005952932007619692,
      0.0014435685299742692
    ],
    [
      0.0004587585096351806,
      1.913200020030259e-24,
      0.9305067753432651,
      1.718215799976672e-10,
      0.0690344659752779
    ],
    [
      5.452540512643146e-09,
      0.9857974490827218,
      3.777229424970999e-29,
      0.014202545464737744,
      6.550290597323332e-21
    ],
    [
      3.0372393749539923e-06,
      0.46417090131192695,
      9.949703850475634e-24,
      0.5358260614486982,
      8.358690528219732e-17
    ],
    [
      0.00010787647344647179,
      0.029456873596463134,
      5.687515240584043e-20,
      0.9704352499300164,
      7.403188101700492e-14
    ],
    [
      0.9398549695574978,
      1.0481147232445142e-13,
      0.0008135447534367074,
      0.00031549157453932675,
      0.059015994114421225
    ],
    [
      0.9816624923554844,
      3.039724022299002e-12,
      3.806808353483666e-05,
      0.0008791615294906978,
      0.017420278028450434
    ],
    [
      0.14264011037209376,
      8.120443808801856e-06,
      1.6468453432286638e-11,
      0.8573515116999825,
      2.57467646372027e-07
    ],
    [
      0.39284078666459793,
      3.8094127622218835e-06,
      1.266933850695653e-10,
      0.6071528424796412,
      2.5613163052560366e-06
    ],
    [
      0.21322285629555637,
      2.2015268677305232e-17,
      0.030693296498748825,
      1.3840037963856215e-06,
      0.7560824632018986
    ],
    [
      0.9799398479986582,
      1.6422234204375682e-11,
      3.604907005400384e-06,
      0.0005121684654580802,
      0.01954437861245617
    ],
    [
      1.9754731478289395e-11,
      0.9998125037213857,
      5.361083142314878e-34,
      0.0001874962588595535,
      3.653501894220355e-24
    ],
    [
      3.5142783678865546e-12,
      0.9999667945366961,
      1.2921252136427973e-35,
      3.320545978976508e-05,
      4.9111384521072125e-25
    ],
    [
      1.4847047498085062e-10,
      8.923819225103167e-40,
      0.997435736342253,
      6.508948074655928e-22,
      0.0025642635092764845
    ],
    [
      0.18940634769147555,
      2.039244503679091e-16,
      0.0010103201762965085,
      5.627843690120871e-07,
      0.8095827693478587
    ],
    [
      5.1283074655560415e-06,
      0.981841956750088,
      6.908670281212575e-25,
      0.01815291494244421,
      2.3747632884103867e-15
    ],
    [
      8.512326909092335e-05,
      9.650572917646138e-27,
      0.5988720163113859,
      6.466595141850755e-13,
      0.40104286041887643
    ],
    [
      0.03238924727920773,
      9.677452892562994e-05,
      1.279690460103136e-13,
      0.9675139687510327,
      9.44070614099806e-09
    ],
    [
      0.17036050284646312,
      1.6664933652743467e-16,
      0.0009036304144547127,
      4.333870365261733e-07,
      0.8287354333520455
    ],
    [
      1.5119304755208396e-07,
      4.715026701104335e-33,
      0.9630762129036851,
      3.278298036632809e-17,
      0.036923635903267395
    ],
    [
      3.918043687806932e-09,
      0.9971083051570139,
      7.10230871691151e-30,
      0.0028916909249424687,
      1.1196311140826738e-20
    ],
    [
      0.13754838154706997,
      5.585071251812028e-06,
      2.4224018867327915e-11,
      0.8624457789092533,
      2.5444820086290247e-07
    ],
    [
      0.038461482260273655,
      7.91914435428481e-20,
      0.1608863805337173,
      5.348754291112541e-08,
      0.8006520837184661
    ],
    [
      3.8868833931401156e-06,
      0.5855686644404609,
      8.87460118266703e-24,
      0.414427448676146,
      1.5498724370033584e-16
    ],
    [
      7.629872950357065e-14,
      0.9999978815745497,
      7.528044248323118e-39,
      2.1184253741279374e-06,
      2.5838741669054193e-27
    ],
    [
      0.0006896460293360108,
      0.011486852901726423,
      2.3232943335470793e-18,
      0.9878235010660644,
      2.8734412951939686e-12
    ],
    [
      0.0599295525368191,
      3.4444696334012957e-05,
      9.815768140418832e-13,
      0.9400359660831125,
      3.6682752653257066e-08
    ],
    [
      3.6156696425186294e-07,
      0.9600013407175857,
      3.0805405826028745e-26,
      0.03999829771544989,
      8.76170711343521e-18
    ],
    [
      1.9089995227044618e-05,
      0.0685158023997739,
      1.8217301927058977e-21,
      0.9314651076049966,
      2.4908662121253073e-15
    ],
    [
      0.9925295236448811,
      1.4179850374949177e-10,
      7.63506254082232e-07,
      0.0017501235473999142,
      0.00571958915966638
    ],
    [
      0.9428307439952531,
      1.0947850732666922e-06,
      3.113361952842096e-10,
      0.05707493959967448,
      9.322130866269059e-05
    ],
    [
      1.4441626641064388e-15,
      0.9999987500979373,
      1.917074603119483e-41,
      1.2499020610292991e-06,
      2.058599749361438e-30
    ],
    [
      0.002324302260334306,
      0.029220877489138226,
      4.294219088615381e-18,
      0.9684548202254958,
      2.5031941291874795e-11
    ],
    [
      0.0005096930152367162,
      3.2486556154369162e-24,
      0.9514067852292187,
      3.2857423261073107e-10,
      0.048083521426970297
    ],
    [
      2.558892239496164e-12,
      0.999927195777632,
      1.4902110299962307e-35,
      7.280421980906528e-05,
      1.51533497108697e-25
    ],
    [
      0.6360547238595122,
      1.0285349707120108e-05,
      5.3925869331180656e-11,
      0.3639271014356859,
      7.889301168822879e-06
    ],
    [
      0.5319569216670084,
      6.357352368931714e-07,
      1.2640295977119174e-09,
      0.46803505507837223,
      7.386255352760435e-06
    ],
    [
      0.011504397852457772,
      0.00010698434359196254,
      2.702137423505093e-14,
      0.9883886165191742,
      1.2847492272844875e-09
    ],
    [
      0.9948558389004126,
      3.947770361424163e-09,
      1.543115056918742e-08,
      0.0016146009004984778,
      0.0035295408201678246
    ],
    [
      0.47361474318590036,
      9.004818216550453e-07,
      7.840487263595786e-10,
      0.5263792195686644,
      5.135979564806366e-06
    ],
    [
      8.9148179504868e-07,
      1.7295043659289363e-30,
      0.994260858975214,
      1.1013894177562819e-14,
      0.005738249542980035
    ],
    [
      0.018563964631963022,
      4.499621601198741e-05,
      1.4330333825909486e-13,
      0.9813910354638049,
      3.688076956329099e-09
    ],
    [
      0.01742855653736684,
      6.968225673621149e-20,
      0.01103612337501183,
      5.434400904917484e-09,
      0.9715353146532206
    ],
    [
      4.143391092204828e-06,
      5.2464588419062804e-30,
      0.7134473646322474,
      2.1948750973837495e-15,
      0.2865484919766584
    ],
    [
      2.1855217137385983e-11,
      0.9996724899534561,
      9.389452835246995e-34,
      0.00032751002468884335,
      2.942278380777115e-24
    ],
    [
      0.0014801264432398621,
      0.0019053249191666457,
      5.4575119687163244e-17,
      0.9966145486212824,
      1.6311105454036738e-11
    ],
    [
      0.013702761267515738,
      0.0081993168730971,
      2.276282493681369e-16,
      0.9780979209748103,
      8.845767724068523e-10
    ],
    [
      5.120694606174222e-14,
      0.999997715680972,
      4.547217582875286e-39,
      2.2843189768029352e-06,
      1.1480898074794685e-27
    ],
    [
      0.9756434353966329,
      6.677557942392965e-10,
      8.777680005494699e-07,
      0.02371815822564994,
      0.0006375279419607162
    ],
    [
      7.945413614972966e-06,
      2.126033570346034e-28,
      0.9852920172961903,
      2.994091311250231e-13,
      0.014700037289895104
    ],
    [
      1.2816731302069362e-06,
      7.584047352721965e-30,
      0.9972232815354701,
      5.464559784126073e-14,
      0.002775436791344895
    ],
    [
      0.013942148026472416,
      2.770851237447061e-20,
      0.017781309623429706,
      3.765762638595056e-09,
      0.9682765385843353
    ],
    [
      0.2758142196958881,
      0.00016633824937886443,
      1.1185264837246353e-12,
      0.7240188225407129,
      6.195129016170879e-07
    ],
    [
      6.380044905712643e-10,
      1.0054070441586969e-37,
      0.9993293956313439,
      6.164509631494235e-20,
      0.0006706037306516116
    ],
    [
      1.2961835308563258e-05,
      2.2417778746392545e-28,
      0.9279503805782436,
      1.1980343391272059e-13,
      0.07203665758632795
    ],
    [
      0.000978252623371983,
      0.0014855488714788164,
      4.0677606118726546e-17,
      0.9975361984974053,
      7.744102930609296e-12
    ],
    [
      0.010133180898336293,
      6.95437585348499e-21,
      0.03878762563654095,
      2.3020456154199773e-09,
      0.951079191163077
    ],
    [
      5.0548044357648536e-08,
      1.1260179209536463e-33,
      0.9936515009402355,
      2.933159594588115e-17,
      0.006348448511720468
    ],
    [
      5.197830943043765e-07,
      1.3969152442248555e-31,
      0.9740795068844595,
      6.096005203121991e-16,
      0.025919973332445518
    ],
    [
      9.87791246947511e-10,
      0.9937327564681395,
      1.835143167693552e-30,
      0.006267242544069112,
      4.667150288374147e-22
    ],
    [
      2.6867581679382447e-08,
      1.5304064717320002e-34,
      0.989349798233893,
      4.400747119588698e-18,
      0.010650174898525194
    ],
    [
      0.015274697357016889,
      1.6266558034688248e-20,
      0.0506980053105057,
      5.647471860977102e-09,
      0.9340272916850054
    ],
    [
      0.005012116860836656,
      0.00034900428294746394,
      2.1527363449298867e-15,
      0.9946388786382387,
      2.179750221050338e-10
    ],
    [
      0.013971245405613935,
      0.002309472711313553,
      1.0159539528199162e-15,
      0.9837192807578646,
      1.1252068247780343e-09
    ],
    [
      0.02193605027457314,
      1.8189959628634598e-19,
      0.006694561113884394,
      7.954160293435104e-09,
      0.9713693806573821
    ],
    [
      3.409829920348399e-14,
      0.9999983184237399,
      2.0404064635261766e-39,
      1.6815762257854242e-06,
      6.64535252562915e-28
    ],
    [
      0.92880056917223,
      1.8001632977238578e-13,
      0.0003176704298686966,
      0.00021183393054094213,
      0.07066992646718026
    ],
    [
      1.2033170885628148e-09,
      2.0950616715086804e-38,
      0.9578402871036398,
      1.5803255036842804e-21,
      0.04215971169304334
    ],
    [
      0.9921543046923057,
      2.4500101988867124e-10,
      3.210208814959027e-07,
      0.0012811289850574862,
      0.006564245056754393
    ],
    [
      5.581673678588385e-06,
      2.943462292382994e-29,
      0.9373712372742355,
      2.57835728259254e-14,
      0.06262318105206009
    ],
    [
      0.012841468018497256,
      0.02794260652888201,
      4.964209333481384e-17,
      0.9592159248039025,
      6.487185766695816e-10
    ],
    [
      0.08175349911451847,
      0.0008294017383047405,
      3.774458263933839e-14,
      0.9174170592401332,
      3.990700581789342e-08
    ],
    [
      0.9657690787537806,
      7.549332916854325e-13,
      0.0001160756794541907,
      0.00046850105158699815,
      0.03364634451442345
    ],
    [
      0.9079030987099763,
      9.83934893130494e-07,
      4.779049798114001e-10,
      0.09203365466328046,
      6.226221394528711e-05
    ],
    [
      1.1314426194705173e-06,
      2.5316263299791662e-30,
      0.9923412913413507,
      1.2640791482816703e-14,
      0.007657577216017413
    ],
    [
      4.621981125222946e-11,
      0.9999735328407925,
      4.079861314921656e-34,
      2.6467112987847488e-05,
      7.668080399232806e-23
    ],
    [
      0.8525591700976083,
      2.595046810833933e-13,
      6.921815164844483e-05,
      5.727488265398797e-05,
      0.14731433686782985
    ],
    [
      0.9928548249974298,
      9.212502816704427e-11,
      1.8516128353703017e-06,
      0.0029325593742128815,
      0.004210763923397101
    ],
    [
      0.8042049380725478,
      1.105438030303967e-14,
      0.002817687456475118,
      6.914425320593188e-05,
      0.19290823021776016
    ],
    [
      0.18722050971246107,
      0.0006663015696752173,
      1.4222122584962468e-13,
      0.812112971138597,
      2.1757912445730908e-07
    ],
    [
      3.0800859348344324e-06,
      1.5072244235621305e-29,
      0.9795860202228031,
      2.9714258576934216e-14,
      0.0204108996912323
    ],
    [
      0.9434570519203228,
      2.644436092578302e-13,
      0.0002553257663000726,
      0.00027806104360204273,
      0.05600956126951058
    ],
    [
      1.3976657408731388e-11,
      0.9998153503729094,
      3.258417488406594e-34,
      0.0001846496131140836,
      1.9172829398234374e-24
    ],
    [
      0.0052900684627739955,
      0.022728729968233618,
      1.8294493518516818e-17,
      0.9719812014452864,
      1.2370588605844935e-10
    ],
    [
      0.0006683931160017612,
      4.832283382575024e-24,
      0.06679194493215242,
      1.0545243414058231e-11,
      0.9325396619413007
    ],
    [
      0.26849219668161955,
      0.00023007318876103555,
      7.458650348996518e-13,
      0.731277176014601,
      5.54114272357594e-07
    ],
    [
      0.16458066965026114,
      0.00040487117931049685,
      2.1545783191875085e-13,
      0.8350142779602384,
      1.8120997431352382e-07
    ],
    [
      3.5363466907104357e-13,
      0.9999943549435282,
      1.3558724059167642e-37,
      5.645056118307009e-06,
      2.309603819995062e-26
    ],
    [
      3.754334028192e-07,
      0.8154866935808197,
      1.234053879859838e-25,
      0.1845129309857772,
      3.157857515590032e-18
    ],
    [
      0.01239126116586958,
      0.007153258460667804,
      2.317844374621289e-16,
      0.980455479627241,
      7.462214106624557e-10
    ],
    [
      2.049429708795028e-12,
      1.792640177652651e-43,
      0.9998722916401728,
      4.018663286963533e-24,
      0.0001277083577781681
    ],
    [
      1.5047550729022255e-05,
      0.48053718637974124,
      8.859251255122482e-23,
      0.5194477660695281,
      1.7665178176229672e-15
    ],
    [
      0.5336470687290552,
      2.8495613855580442e-05,
      1.5627130244805627e-11,
      0.46632044482493645,
      3.990816525724635e-06
    ],
    [
      5.896165865379987e-06,
      1.1009266759503676e-29,
      0.4332680050589116,
      1.8255014918813006e-15,
      0.5667260987752215
    ],
    [
      0.004066684610147862,
      0.00039726913610820317,
      1.3824295568000101e-15,
      0.9955360461102668,
      1.4347576545896637e-10
    ],
    [
      4.047518898732826e-09,
      0.995350669683203,
      1.0635773528693059e-29,
      0.004649326269278246,
      8.41534688644416e-21
    ],
    [
      0.7747598368319745,
      1.3075238186395365e-05,
      3.7628333907324214e-11,
      0.22521142598570246,
      1.566190650834612e-05
    ],
    [
      3.0218527673494905e-10,
      0.999540207727772,
      4.8631925578401093e-32,
      0.0004597919700427255,
      3.3382216925111453e-22
    ],
    [
      1.3447404282662489e-11,
      0.9999655788745119,
      8.75749015201159e-35,
      3.44211120406943e-05,
      6.0905849583517165e-24
    ],
    [
      0.17656249780655062,
      0.00027052697936288624,
      3.749600673295045e-13,
      0.8231667516856916,
      2.2352801984120028e-07
    ],
    [
      0.21805224888749578,
      0.00042400577514097314,
      2.886714051072887e-13,
      0.7815234235535802,
      3.2178349430398004e-07
    ],
    [
      1.4442677521714757e-10,
      0.9996542162780875,
      1.3909249724776844e-32,
      0.00034578357748582897,
      1.0143779806049343e-22
    ],
    [
      4.892138626529941e-05,
      2.6575174628934824e-27,
      0.2862982058191969,
      9.353276610914722e-14,
      0.7136528727944443
    ],
    [
      0.009018024936273721,
      0.03584872353811308,
      2.2573377850380156e-17,
      0.9551332512059973,
      3.1961588351455986e-10
    ],
    [
      0.004871759337924691,
      1.1898192904175034e-21,
      0.03421291510595351,
      5.05740092150055e-10,
      0.9609153250503818
    ],
    [
      1.2709118731505547e-05,
      0.9190990925999839,
      8.188912372722522e-24,
      0.08088819828127977,
      4.495243438300271e-15
    ],
    [
      0.0007585708325388338,
      2.2046890556381545e-23,
      0.012915092830671118,
      9.644390959790096e-12,
      0.9863263363271457
    ],
    [
      0.0010867243077001042,
      4.69607829457649e-23,
      0.01587184484206454,
      2.0754124943712478e-11,
      0.9830414308294815
    ],
    [
      3.486164906827158e-08,
      2.496875884147215e-34,
      0.986711234227303,
      5.722029028278482e-18,
      0.01328873091104802
    ],
    [
      3.3582865487188636e-05,
      0.051562212709051994,
      5.674383832645023e-21,
      0.9484042044254534,
      7.515642226434634e-15
    ],
    [
      1.4890028270175044e-06,
      7.859992339262275e-31,
      0.9070641150531049,
      1.1043779528115655e-15,
      0.09293439594406706
    ],
    [
      0.00169591444705702,
      3.064753179201333e-23,
      0.1429467389593082,
      8.751926612055617e-11,
      0.8553573465061154
    ],
    [
      7.149450843429285e-05,
      0.049982970627959936,
      1.7037890461191706e-20,
      0.9499455348635742,
      3.160810658301613e-14
    ],
    [
      1.1298886407692487e-05,
      0.5288006060669757,
      4.9280173929764895e-23,
      0.4711880950466157,
      1.0848709332855673e-15
    ],
    [
      3.658991681801488e-08,
      4.309991330037306e-34,
      0.9923538476688099,
      1.2214557918723774e-17,
      0.007646115741273489
    ],
    [
      5.115972402620328e-11,
      0.9990174205808335,
      7.079879847436682e-33,
      0.0009825793680067398,
      6.605337656161502e-24
    ],
    [
      0.9729672855836328,
      2.9639010985655687e-13,
      0.0005421516595272476,
      0.0008542141352639485,
      0.02563634862127942
    ],
    [
      1.93329001467343e-14,
      0.9999956636730819,
      1.8694571905106695e-39,
      4.3363268986012065e-06,
      1.1331921384462382e-28
    ],
    [
      0.004496382200374671,
      6.726673326524028e-22,
      0.057016803100878345,
      4.822730034015517e-10,
      0.9384868142164738
    ],
    [
      7.481246364492854e-07,
      0.6928854289809968,
      5.754365841850687e-25,
      0.3071138228943668,
      8.256670498060008e-18
    ],
    [
      0.9119465239068291,
      1.0100702929133156e-12,
      2.434609865179826e-05,
      0.00010177040685852592,
      0.08792735958665068
    ],
    [
      6.046559668529591e-06,
      4.666679501685792e-29,
      0.9560046853006052,
      4.6355423520016416e-14,
      0.04398926813967989
    ],
    [
      1.047527921677016e-07,
      1.28157674345866e-33,
      0.9385733310700298,
      8.463185046683686e-18,
      0.0614265641771781
    ],
    [
      1.3473566228548767e-10,
      0.9999233103956827,
      4.0771050209800436e-33,
      7.66894695819094e-05,
      2.6764032817593953e-22
    ],
    [
      7.84020998562761e-06,
      0.35554999922296526,
      5.8984261188697e-23,
      0.6444421605670486,
      4.605710345613512e-16
    ],
    [
      1.3299911293464811e-08,
      0.9818375722041116,
      1.5985018982275631e-28,
      0.01816241449597717,
      2.9686938194376795e-20
    ],
    [
      0.6158143149886437,
      9.07426274479213e-16,
      0.016287593412643703,
      2.511086693551254e-05,
      0.3678729807317763
    ],
    [
      0.00061338199064022,
      4.740763351244883e-24,
      0.05047340519853312,
      8.278215112253546e-12,
      0.9489132128025484
    ],
    [
      4.33396319688641e-06,
      1.0541413426587821e-28,
      0.9950230091407478,
      3.2057541898765753e-13,
      0.004972656895734696
    ],
    [
      8.721869337847123e-05,
      1.0672750508655078e-26,
      0.3428249976661859,
      3.4289063040690457e-13,
      0.6570877836400927
    ],
    [
      0.9935414941332701,
      3.5859695587469797e-09,
      3.9335027737179934e-08,
      0.004861806738066861,
      0.0015966562076656246
    ],
    [
      1.0625401563720615e-06,
      1.777830902699432e-31,
      0.7448663941386127,
      1.6173250070095169e-16,
      0.2551325433212312
    ],
    [
      5.924320617719742e-06,
      0.23912787648082887,
      7.12558634354199e-23,
      0.7608661991985529,
      2.5592058783952886e-16
    ],
    [
      6.8462364560559885e-12,
      0.9999094035056714,
      7.003848692639273e-35,
      9.059648748238876e-05,
      8.34292066022052e-25
    ],
    [
      0.9839272913855465,
      5.982356453970727e-11,
      8.345745589293235e-07,
      0.0005296694214992348,
      0.015542204558571896
    ],
    [
      0.00015724622900283383,
      4.819529399565693e-25,
      0.9881580887971246,
      1.655463752984614e-10,
      0.011684664808325897
    ],
    [
      3.800919687431048e-10,
      3.810681279165193e-39,
      0.9914677058570942,
      1.038219333302202e-21,
      0.008532293762813866
    ],
    [
      3.0444526089970105e-07,
      1.120220609176445e-32,
      0.8685067582371554,
      2.9179041529686955e-17,
      0.13149293731758363
    ],
    [
      2.704226687736298e-05,
      1.2870642891526613e-27,
      0.915581471462037,
      4.3827483667870787e-13,
      0.08439148627064721
    ],
    [
      1.412177713498865e-05,
      2.2289331035573028e-28,
      0.9011705102488616,
      9.724433163002956e-14,
      0.09881536797390607
    ],
    [
      0.945756674230775,
      4.4055190985279194e-08,
      1.2306235464421721e-08,
      0.054077963324621794,
      0.00016530608317648918
    ],
    [
      1.669180502353916e-09,
      0.9994577896782163,
      6.083560916681268e-31,
      0.000542208652603236,
      7.555828250936688e-21
    ],
    [
      0.0001170076172146406,
      0.01895637358885407,
      1.0697189508004735e-19,
      0.9809266187938392,
      9.211496328390821e-14
    ],
    [
      0.0170771419336548,
      1.387883841077203e-20,
      0.09581223357883367,
      8.383695981871475e-09,
      0.8871106161038156
    ],
    [
      0.000411190304272981,
      1.5661228633116242e-24,
      0.05775762952199172,
      3.804261841744129e-12,
      0.941831180169931
    ],
    [
      0.0019376155796900813,
      0.00040349375368367975,
      4.795890257534471e-16,
      0.9976588906315843,
      3.5041522587939263e-11
    ],
    [
      0.90774881500903,
      4.504742936884405e-09,
      2.415287894909008e-07,
      0.09210030735593493,
      0.0001506316015025737
    ],
    [
      0.9897576817003085,
      2.9818651205815426e-11,
      3.7936418893658117e-06,
      0.001349440438329506,
      0.008889084189653876
    ],
    [
      3.761490339906602e-07,
      0.6509495760404965,
      2.5893341036928867e-25,
      0.3490500478104693,
      2.06280890450679e-18
    ],
    [
      3.749493142416101e-08,
      0.9761973756740365,
      8.462513167672462e-28,
      0.023802586831032153,
      1.7394262106529954e-19
    ],
    [
      1.2593569628964956e-06,
      1.666806550537006e-30,
      0.9811443531526655,
      5.348083415531097e-15,
      0.018854387490366362
    ],
    [
      0.00017942517563557486,
      0.01686023694429728,
      2.237652865375332e-19,
      0.9829603378798565,
      2.108760213633446e-13
    ],
    [
      2.4865827583414973e-08,
      8.517220015168388e-34,
      0.9991083503002895,
      7.26675120331766e-17,
      0.0008916248338829212
    ],
    [
      1.1802531416849528e-08,
      0.9664620373545024,
      2.1798129803247197e-28,
      0.03353795084296592,
      1.5151586309768484e-20
    ],
    [
      0.9824970424925099,
      2.893819402027675e-12,
      4.307471564151701e-05,
      0.0009594412258704957,
      0.01650044156308408
    ],
    [
      0.5365684141540176,
      0.00020841822655113108,
      1.5716085615739646e-12,
      0.4632202448086153,
      2.9228092444198555e-06
    ],
    [
      3.47985715588821e-08,
      2.27099475368555e-34,
      0.9850433368306228,
      4.949599192022828e-18,
      0.014956628370805717
    ],
    [
      0.001900137874231259,
      5.754250152432922e-23,
      0.08496236710342141,
      9.329652464745969e-11,
      0.9131374949290507
    ],
    [
      3.4087222153638456e-05,
      0.09117604027636092,
      2.9042732620910123e-21,
      0.9087898725014784,
      7.263653102559297e-15
    ],
    [
      8.371841552155903e-08,
      7.414906113948843e-33,
      0.9971179892509628,
      2.0902221118840166e-16,
      0.002881927030621571
    ],
    [
      7.891791192912323e-09,
      0.9966027270152178,
      2.1461857299470818e-29,
      0.003397265092991119,
      3.7536083173346686e-20
    ],
    [
      0.987924825694399,
      3.821576537087451e-12,
      4.930909734793782e-05,
      0.0017457447794211817,
      0.01028012042501056
    ],
    [
      0.965414554899941,
      1.2410826238545646e-07,
      2.7251668961483913e-09,
      0.03438335270640463,
      0.0002019655602253674
    ],
    [
      0.004780180674074795,
      1.760043592390707e-21,
      0.018808219763772248,
      4.3144043255324916e-10,
      0.9764115991307127
    ],
    [
      0.8932976285298702,
      4.005587721559865e-13,
      6.348915590989586e-05,
      9.130437475043635e-05,
      0.10654757793906915
    ],
    [
      1.9965151672280073e-14,
      0.999996160119132,
      1.7855504686967776e-39,
      3.839880848183751e-06,
      1.3165402192791153e-28
    ],
    [
      0.3513485256387371,
      9.692565892310314e-05,
      2.701874726805434e-12,
      0.6485533877071364,
      1.1609925014001443e-06
    ],
    [
      6.983526967004332e-07,
      0.6317650940619856,
      6.659061099352494e-25,
